time train-error
327.146357 0.082716666666667
408.880399 0.06881666666666697
783.673461 0.06123333333333303
896.190162 0.06211666666666704
969.510375 0.06223333333333303
1027.197872 0.06330000000000002
1345.763239 0.06231666666666702
1407.696039 0.06243333333333301
1460.821314 0.06221666666666703
1509.847873 0.06255
1554.96959 0.06259999999999999
1597.825217 0.06266666666666698
1639.192096 0.0625
1937.44429 0.06221666666666703
1982.595117 0.06215000000000004
2025.240025 0.06203333333333305
2066.555913 0.06193333333333295
2107.407552 0.061899999999999955
2147.927783 0.062083333333333046
2188.096899 0.06206666666666705
2226.742651 0.06211666666666704
2265.483356 0.06206666666666705
2303.781449 0.06194999999999995
2342.784548 0.06196666666666695
2380.418564 0.061983333333332946
2418.361252 0.06194999999999995
2456.706381 0.061983333333332946
2493.938008 0.061983333333332946
2530.865846 0.062000000000000055
2567.654852 0.061983333333332946
