time train-error
588.70742 0.688333333333333
898.462713 0.34148333333333303
1255.782157 0.241
1646.802375 0.17659999999999998
2031.96155 0.16596666666666704
2432.391405 0.15400000000000003
2770.604572 0.14661666666666695
3109.913494 0.13190000000000002
3474.313027 0.12655000000000005
3767.611589 0.11778333333333302
4009.076776 0.11411666666666698
4225.443226 0.10768333333333302
4421.058952 0.10624999999999996
4613.397243 0.10008333333333297
4807.938106 0.10185
5002.655697 0.09451666666666703
5189.479204 0.09621666666666695
5384.705057 0.09201666666666697
5579.796555 0.09388333333333299
5776.971307 0.09038333333333304
5973.819874 0.09121666666666695
6159.014763 0.08845000000000003
6352.560574 0.08878333333333299
6548.326155 0.0867
6742.258808 0.08684999999999998
6938.089526 0.08501666666666696
7122.166127 0.08511666666666695
7297.228323 0.08404999999999996
7464.691096 0.083733333333333
7632.589019 0.08199999999999996
7800.407353 0.08196666666666697
7964.097659 0.08165
8130.45028 0.08155000000000001
8294.834395 0.08041666666666702
8462.585208 0.08011666666666695
8631.087646 0.07993333333333297
8797.891739 0.07986666666666697
8963.778076 0.07893333333333297
9131.296619 0.07906666666666695
9298.967845 0.07811666666666695
9463.971823 0.07733333333333303
9632.084743 0.07818333333333305
9966.136557 0.07569999999999999
10300.527487 0.07638333333333303
10636.468334 0.07533333333333303
10804.827553 0.07550000000000001
10973.212376 0.074583333333333
11142.201935 0.07548333333333301
11309.958279 0.07403333333333295
11643.822954 0.07396666666666696
11811.266258 0.07331666666666703
12143.853715 0.07366666666666699
12307.67491 0.07304999999999995
12472.282419 0.07278333333333298
12637.045862 0.07245000000000001
12802.929965 0.07173333333333298
13133.895387 0.07176666666666698
13298.946659 0.07181666666666697
13464.204857 0.070533333333333
13629.291756 0.07033333333333303
13791.760934 0.07021666666666704
13956.737816 0.07055
14289.712366 0.06930000000000003
14455.44059 0.07008333333333305
14621.733809 0.06993333333333296
14789.300002 0.06931666666666703
15116.661501 0.0696
15524.828982 0.06836666666666702
