time train-error
431.527431 0.688333333333333
669.354378 0.28563333333333296
963.098667 0.192466666666667
1286.880842 0.167383333333333
1631.775347 0.16961666666666697
1993.107843 0.16005000000000003
2357.138939 0.152216666666667
2644.049399 0.146183333333333
2931.273584 0.13456666666666695
3258.571379 0.126933333333333
3540.464359 0.123966666666667
3764.883087 0.11924999999999997
3971.018607 0.111933333333333
4153.001644 0.10994999999999999
4318.307737 0.10751666666666704
4477.051059 0.10560000000000003
4626.273794 0.103866666666667
4765.66319 0.10414999999999996
4899.468628 0.10111666666666697
5028.776777 0.09755000000000003
5149.746393 0.09438333333333304
5270.923427 0.08988333333333298
5385.607594 0.09009999999999996
5494.621328 0.08991666666666698
5600.523906 0.08855000000000002
5693.027513 0.08414999999999995
5779.05445 0.08283333333333298
5860.875404 0.07989999999999997
5934.03036 0.08055000000000001
6006.882308 0.08026666666666704
6072.534577 0.08009999999999995
6134.914583 0.08151666666666701
6192.196618 0.07984999999999998
6241.955419 0.08045000000000002
6288.549385 0.07915000000000005
6333.670848 0.07646666666666702
6377.056067 0.07625000000000004
6418.241628 0.07628333333333304
6454.810245 0.07706666666666695
6488.754781 0.07338333333333302
6520.761075 0.07415000000000005
6552.335318 0.07346666666666701
6582.463143 0.07398333333333296
6610.937066 0.07338333333333302
6635.377883 0.07313333333333305
6659.415678 0.07168333333333299
6680.121419 0.07091666666666696
6699.765382 0.06964999999999999
6720.462126 0.06966666666666699
6739.089805 0.06940000000000002
6757.825814 0.06915000000000004
6774.316896 0.06815000000000004
6791.099888 0.06848333333333301
6807.22376 0.06841666666666701
6821.578951 0.06794999999999995
6836.1595 0.06801666666666695
6851.023283 0.06786666666666696
6864.356928 0.06769999999999998
6878.371958 0.06845000000000001
6890.717123 0.06889999999999996
6902.37571 0.06743333333333301
6913.09061 0.06616666666666704
6922.313838 0.065583333333333
6932.763238 0.065583333333333
6943.160346 0.06540000000000001
