time train-error
3.561844 0.30588333333333295
7.319006 0.25653333333333295
11.30396 0.19935000000000003
15.460145 0.18471666666666697
19.747702 0.16968333333333296
24.330058 0.14885000000000004
29.254857 0.136183333333333
34.460504 0.12616666666666698
40.010468 0.11666666666666703
45.920867 0.11346666666666705
52.150792 0.11114999999999997
58.568083 0.10660000000000003
65.103125 0.094716666666667
71.708242 0.090683333333333
78.646433 0.09075
85.560733 0.08853333333333302
92.59668 0.08731666666666704
99.607275 0.08703333333333296
106.698819 0.08503333333333296
113.729015 0.07908333333333295
120.84314 0.07931666666666704
127.822915 0.07584999999999997
134.797855 0.07521666666666704
141.910556 0.07445000000000002
149.381882 0.0746
156.69171 0.07411666666666705
176.716343 0.07331666666666703
190.818294 0.07133333333333303
204.137113 0.07278333333333298
214.013699 0.06966666666666699
226.474358 0.06935000000000002
238.237419 0.06945000000000001
250.413578 0.06936666666666702
261.43141 0.06945000000000001
271.841392 0.06903333333333295
282.080536 0.06718333333333304
291.787219 0.06645000000000001
301.240145 0.0645
317.828672 0.06426666666666703
335.26863 0.06408333333333305
351.095113 0.06368333333333298
360.19513 0.06394999999999995
369.268686 0.06603333333333306
378.323881 0.06588333333333296
387.979092 0.06423333333333303
403.437609 0.06381666666666697
413.667954 0.063566666666667
422.980569 0.06355
431.995285 0.06361666666666699
439.961035 0.06479999999999997
455.909347 0.06361666666666699
465.802456 0.06435000000000002
474.987299 0.06286666666666696
484.68747 0.06299999999999994
494.156292 0.06296666666666695
503.982444 0.06271666666666698
513.728374 0.06358333333333299
523.051616 0.06303333333333305
532.704814 0.06225000000000003
541.738443 0.06273333333333297
551.40437 0.06264999999999998
560.174065 0.06238333333333301
568.862536 0.0625
577.07094 0.06256666666666699
585.063561 0.06345
593.827773 0.06340000000000001
602.8402 0.06233333333333302
612.078603 0.06174999999999997
620.450065 0.061899999999999955
628.727567 0.06240000000000001
637.47996 0.062283333333333024
646.082318 0.06213333333333304
654.835083 0.06261666666666699
663.72055 0.06233333333333302
673.332064 0.06230000000000002
681.877381 0.06241666666666701
690.773936 0.06231666666666702
698.872797 0.062450000000000006
707.418938 0.06240000000000001
715.004446 0.062166666666667036
723.818359 0.06305000000000005
731.963286 0.062466666666667
740.55075 0.06194999999999995
748.640815 0.062000000000000055
755.915817 0.06196666666666695
763.070204 0.06201666666666705
771.508706 0.06223333333333303
780.285341 0.06243333333333301
788.778636 0.062450000000000006
796.939352 0.062283333333333024
805.49133 0.06231666666666702
812.822979 0.062366666666667014
820.124907 0.06288333333333296
829.107402 0.06288333333333296
837.041464 0.06268333333333298
845.2777 0.062266666666667025
852.95971 0.062366666666667014
860.035593 0.06230000000000002
866.725154 0.062283333333333024
873.772453 0.062366666666667014
881.635186 0.062516666666667
889.247071 0.062516666666667
897.111126 0.06233333333333302
904.866257 0.062350000000000017
912.681376 0.06233333333333302
920.007763 0.062266666666667025
927.014983 0.06243333333333301
935.058036 0.06243333333333301
942.461974 0.062516666666667
949.88069 0.062266666666667025
956.662583 0.062350000000000017
963.375881 0.062466666666667
970.063225 0.06238333333333301
976.675523 0.062483333333333
983.242654 0.06230000000000002
990.470538 0.06215000000000004
997.686563 0.06233333333333302
1005.087117 0.06223333333333303
1012.404041 0.062266666666667025
1019.054912 0.06230000000000002
1025.805117 0.06230000000000002
1032.571637 0.062366666666667014
1039.743966 0.06231666666666702
1048.355667 0.06231666666666702
1055.047207 0.06220000000000003
1062.167352 0.06230000000000002
1069.232861 0.062183333333333035
1076.190769 0.062083333333333046
1083.150675 0.062100000000000044
1089.79223 0.062100000000000044
1096.481853 0.062183333333333035
1103.301656 0.06203333333333305
1109.800709 0.06213333333333304
1116.801083 0.06205000000000005
1123.896206 0.062100000000000044
1130.722328 0.06213333333333304
1137.457308 0.062100000000000044
1144.253051 0.062166666666667036
1151.089795 0.06206666666666705
1157.927596 0.06196666666666695
1164.68891 0.062183333333333035
1171.741225 0.062166666666667036
1178.250798 0.06215000000000004
1184.980285 0.06215000000000004
1191.396948 0.062266666666667025
1197.883017 0.06211666666666704
1204.507739 0.06206666666666705
1211.082655 0.062166666666667036
1217.914256 0.062183333333333035
1224.632214 0.062183333333333035
1231.542471 0.062166666666667036
1238.16322 0.06213333333333304
1244.573542 0.06206666666666705
1251.310008 0.06215000000000004
1257.808391 0.062183333333333035
1264.264109 0.062183333333333035
1270.586586 0.062183333333333035
1276.713173 0.062083333333333046
1282.754301 0.062183333333333035
1289.219474 0.062283333333333024
1295.168015 0.062100000000000044
1301.124412 0.06220000000000003
1307.091581 0.06220000000000003
1312.932462 0.06221666666666703
1319.04381 0.06220000000000003
1325.298895 0.062166666666667036
1331.115516 0.062100000000000044
1337.15241 0.062283333333333024
1343.303954 0.06230000000000002
1349.080576 0.06220000000000003
1355.241097 0.06215000000000004
1361.304551 0.06215000000000004
1367.385389 0.06215000000000004
1373.258502 0.06225000000000003
1379.315832 0.06206666666666705
1385.641728 0.06211666666666704
1392.245623 0.062183333333333035
1398.093718 0.06223333333333303
1404.159108 0.06221666666666703
1410.454884 0.06215000000000004
1416.734576 0.06215000000000004
1423.287152 0.062166666666667036
1429.654303 0.062166666666667036
1435.903679 0.062166666666667036
1441.99194 0.06213333333333304
1448.518629 0.062183333333333035
1455.015279 0.062166666666667036
1461.587909 0.062166666666667036
1467.305346 0.06220000000000003
1473.029964 0.06225000000000003
1478.986451 0.06231666666666702
1484.546343 0.06225000000000003
1490.113758 0.06221666666666703
1496.188896 0.06225000000000003
1501.765591 0.06225000000000003
1507.807642 0.06225000000000003
1513.652144 0.06225000000000003
1519.538581 0.06223333333333303
1525.474054 0.062283333333333024
1531.930214 0.06221666666666703
1538.209725 0.062166666666667036
1544.439401 0.062183333333333035
1550.613932 0.062183333333333035
1556.772053 0.062166666666667036
1563.242652 0.062183333333333035
1569.383225 0.06223333333333303
1575.220678 0.062166666666667036
1581.32045 0.062166666666667036
1587.404102 0.06213333333333304
1593.558751 0.062166666666667036
1600.00571 0.062183333333333035
1605.989225 0.06213333333333304
1612.139275 0.06215000000000004
1618.238571 0.06215000000000004
1624.296224 0.062166666666667036
1630.845657 0.062166666666667036
1637.2012 0.06220000000000003
1643.259047 0.06215000000000004
1649.42887 0.06215000000000004
1655.371233 0.06215000000000004
1661.441785 0.062183333333333035
1667.812375 0.062166666666667036
1674.03868 0.062166666666667036
1680.26372 0.062166666666667036
1686.243265 0.06215000000000004
1692.002018 0.062166666666667036
1698.134846 0.062166666666667036
1704.114927 0.06215000000000004
1710.391537 0.06215000000000004
1716.715104 0.06213333333333304
1722.718589 0.06215000000000004
1728.723865 0.06213333333333304
1735.186155 0.062100000000000044
1741.410789 0.06213333333333304
1747.737291 0.06215000000000004
1754.080442 0.06213333333333304
1760.269794 0.06220000000000003
1766.665397 0.062183333333333035
1773.288482 0.06211666666666704
1779.68552 0.06220000000000003
1785.873827 0.062166666666667036
1791.815811 0.062166666666667036
1797.945201 0.06215000000000004
1804.440039 0.06211666666666704
1810.635099 0.06211666666666704
1817.004839 0.06215000000000004
1823.001081 0.06211666666666704
1829.031145 0.06220000000000003
1834.989795 0.062183333333333035
1841.288639 0.062183333333333035
1847.211701 0.062183333333333035
1852.953268 0.062183333333333035
1858.765122 0.06223333333333303
1864.678305 0.062183333333333035
1870.595689 0.06223333333333303
1876.533127 0.06215000000000004
1882.112573 0.062183333333333035
1888.094766 0.06221666666666703
1894.013799 0.062183333333333035
1899.673639 0.06215000000000004
1905.749679 0.062183333333333035
1911.382694 0.06221666666666703
1917.43371 0.06213333333333304
1923.427387 0.06215000000000004
1929.281821 0.062166666666667036
1935.219299 0.06215000000000004
1941.512046 0.062183333333333035
1947.659408 0.062183333333333035
1953.824622 0.06223333333333303
1959.879778 0.062166666666667036
1965.639677 0.06221666666666703
1971.606652 0.06220000000000003
1977.727797 0.062183333333333035
1983.478393 0.06220000000000003
1989.178581 0.06220000000000003
1994.794162 0.06220000000000003
2000.495491 0.06220000000000003
2006.251152 0.06221666666666703
2012.421656 0.06221666666666703
2018.171228 0.06221666666666703
2023.780967 0.06221666666666703
2029.688174 0.06221666666666703
2035.370473 0.06215000000000004
2041.165996 0.062166666666667036
2047.283881 0.062183333333333035
2053.065648 0.06213333333333304
2058.869376 0.06215000000000004
2064.545312 0.06215000000000004
2070.17379 0.062166666666667036
2075.751365 0.062166666666667036
2081.541854 0.062183333333333035
2087.177403 0.06220000000000003
2093.102055 0.062183333333333035
2098.980627 0.062183333333333035
2104.627084 0.062183333333333035
2110.336103 0.062166666666667036
2115.939312 0.062166666666667036
2121.593903 0.06213333333333304
2127.704671 0.06215000000000004
2133.805262 0.06220000000000003
2139.706135 0.062183333333333035
2145.732315 0.06220000000000003
2152.252496 0.062166666666667036
2158.212618 0.062166666666667036
2164.370617 0.062166666666667036
2170.391967 0.06213333333333304
2176.474611 0.06213333333333304
2183.086869 0.062183333333333035
2189.422744 0.062166666666667036
2195.761678 0.06213333333333304
2202.087188 0.06213333333333304
2208.278064 0.062166666666667036
2214.530708 0.06213333333333304
2221.094973 0.06215000000000004
2227.385066 0.06215000000000004
2233.768239 0.06215000000000004
2239.767581 0.06213333333333304
2245.805533 0.06213333333333304
2252.234859 0.06215000000000004
2258.415014 0.06220000000000003
2264.612661 0.062166666666667036
2270.744869 0.062166666666667036
2276.797505 0.062166666666667036
2282.912252 0.062166666666667036
2289.050658 0.062166666666667036
2294.989726 0.06215000000000004
2301.114386 0.06215000000000004
2307.342848 0.062166666666667036
2313.294767 0.062166666666667036
2319.680525 0.06215000000000004
2326.008119 0.06215000000000004
2332.341647 0.062166666666667036
2338.621345 0.062166666666667036
2344.883642 0.062183333333333035
2351.053089 0.062183333333333035
2357.40449 0.062183333333333035
2363.719881 0.062166666666667036
2369.874476 0.062183333333333035
2376.137574 0.062183333333333035
2382.29981 0.062183333333333035
2388.922065 0.062183333333333035
2395.258525 0.06215000000000004
2401.676128 0.062166666666667036
2408.055087 0.062166666666667036
2414.108351 0.062166666666667036
2420.003671 0.062183333333333035
2426.345663 0.062183333333333035
2432.365819 0.062183333333333035
2438.393099 0.062166666666667036
2444.434417 0.062183333333333035
2450.496704 0.06215000000000004
2456.78885 0.062183333333333035
2462.814171 0.06215000000000004
2468.685467 0.062166666666667036
2474.683638 0.062166666666667036
2480.291356 0.062166666666667036
2485.961242 0.062166666666667036
2491.807622 0.062166666666667036
2497.60842 0.062166666666667036
2503.71733 0.062166666666667036
2509.902088 0.062166666666667036
2515.506053 0.062183333333333035
2521.048632 0.062183333333333035
2526.691653 0.062166666666667036
2532.210404 0.062183333333333035
2538.411032 0.062183333333333035
2544.198779 0.062166666666667036
2550.298718 0.062166666666667036
2556.447039 0.062166666666667036
2562.818672 0.062166666666667036
2568.870566 0.062166666666667036
2574.949612 0.062183333333333035
2581.020387 0.062183333333333035
2586.811599 0.062166666666667036
2592.865248 0.062166666666667036
2599.381759 0.062166666666667036
2605.45608 0.062166666666667036
2611.651954 0.062166666666667036
2617.648855 0.06215000000000004
2623.508937 0.062166666666667036
2629.869834 0.062166666666667036
2635.867748 0.062166666666667036
2641.969932 0.062166666666667036
2648.193331 0.06215000000000004
2654.30353 0.062166666666667036
2660.490902 0.062166666666667036
2666.545965 0.062166666666667036
2672.044414 0.062166666666667036
2677.583073 0.062166666666667036
2682.961018 0.062166666666667036
2688.081356 0.062166666666667036
2693.448831 0.062166666666667036
2699.107486 0.062166666666667036
2704.724731 0.062166666666667036
2710.381492 0.06215000000000004
2716.144384 0.062166666666667036
2721.922775 0.062166666666667036
2727.79498 0.062166666666667036
2733.927169 0.062166666666667036
2739.862007 0.062166666666667036
2745.544541 0.062166666666667036
2751.454315 0.062166666666667036
2757.225814 0.06215000000000004
2763.137859 0.06215000000000004
2769.124707 0.06215000000000004
2774.992015 0.06215000000000004
2780.759464 0.062166666666667036
2786.923662 0.062166666666667036
2793.144419 0.06215000000000004
2799.581088 0.062166666666667036
2806.27482 0.062183333333333035
2812.347162 0.062166666666667036
2818.052904 0.062166666666667036
2823.976749 0.062183333333333035
2829.441431 0.062166666666667036
2835.28211 0.062166666666667036
2840.646653 0.06215000000000004
2846.612837 0.062166666666667036
2852.599305 0.06215000000000004
2858.453392 0.062166666666667036
2863.636286 0.062166666666667036
2868.872202 0.062166666666667036
2874.631422 0.062166666666667036
2880.195006 0.062166666666667036
2885.682506 0.062166666666667036
2890.921098 0.062166666666667036
2896.743348 0.062166666666667036
2902.853697 0.06215000000000004
2909.217046 0.062166666666667036
2915.067968 0.062166666666667036
2921.172867 0.062166666666667036
2927.329186 0.062166666666667036
2933.488442 0.062166666666667036
2939.846152 0.062166666666667036
2945.536148 0.062166666666667036
2951.233703 0.06215000000000004
2956.492106 0.062166666666667036
2961.611372 0.062166666666667036
2966.968579 0.062166666666667036
2972.829674 0.062166666666667036
2978.656546 0.062166666666667036
2984.383495 0.062166666666667036
2990.121179 0.06215000000000004
2995.802575 0.062166666666667036
3001.4425 0.062166666666667036
3006.755341 0.062166666666667036
3012.665024 0.062166666666667036
3018.454612 0.062166666666667036
3024.254365 0.062166666666667036
3029.922264 0.062166666666667036
3035.702332 0.062166666666667036
3041.296768 0.062166666666667036
3047.429655 0.062166666666667036
3053.285675 0.062166666666667036
3059.315699 0.062166666666667036
3065.147645 0.062166666666667036
3070.929667 0.062166666666667036
3077.048272 0.062166666666667036
3083.242891 0.062166666666667036
3089.273764 0.06215000000000004
3095.378354 0.062166666666667036
3101.271108 0.062166666666667036
3107.060072 0.062166666666667036
3113.258128 0.062166666666667036
3119.418531 0.062166666666667036
3125.372955 0.062166666666667036
3131.60947 0.062166666666667036
3137.540408 0.062166666666667036
3143.702576 0.062166666666667036
3150.214929 0.062183333333333035
3156.402398 0.062166666666667036
3162.532713 0.062166666666667036
3168.587362 0.062166666666667036
3174.398375 0.062166666666667036
3180.395638 0.062166666666667036
3186.341515 0.062166666666667036
3192.393548 0.062166666666667036
3198.519443 0.062166666666667036
3204.616629 0.062166666666667036
3210.850138 0.062166666666667036
3217.397847 0.062166666666667036
3223.702738 0.062166666666667036
3229.876817 0.062166666666667036
3235.949816 0.062166666666667036
3241.545469 0.062166666666667036
3247.637793 0.062166666666667036
3254.105677 0.062166666666667036
3260.252283 0.062166666666667036
3266.273505 0.062166666666667036
3272.191892 0.062166666666667036
3278.213492 0.062166666666667036
3284.684385 0.062166666666667036
3290.782203 0.062166666666667036
3297.014384 0.062166666666667036
3303.128609 0.062166666666667036
3309.082805 0.062166666666667036
3315.234293 0.062166666666667036
3321.563243 0.062166666666667036
3327.113017 0.062166666666667036
3332.835359 0.062166666666667036
3338.61794 0.062166666666667036
3344.179697 0.062166666666667036
3349.87815 0.062166666666667036
3355.94522 0.062166666666667036
3361.749829 0.062166666666667036
3367.5415 0.062166666666667036
3373.338433 0.062166666666667036
3378.932974 0.062166666666667036
3384.640364 0.062166666666667036
3390.63072 0.062166666666667036
3396.473868 0.062166666666667036
3402.287301 0.062166666666667036
3408.048868 0.062166666666667036
3413.737433 0.062166666666667036
3419.565699 0.062166666666667036
3425.617778 0.062166666666667036
3431.418695 0.062166666666667036
3437.101788 0.062166666666667036
3442.582097 0.062166666666667036
3448.10999 0.062166666666667036
3454.033162 0.062166666666667036
3460.113433 0.062166666666667036
3465.985351 0.062166666666667036
3472.031292 0.062166666666667036
3477.96194 0.062166666666667036
3483.877073 0.062166666666667036
3490.119154 0.062166666666667036
3496.096741 0.062166666666667036
3502.080248 0.062166666666667036
3508.115306 0.062166666666667036
3514.04574 0.062166666666667036
3520.048011 0.062166666666667036
3526.363378 0.062166666666667036
3532.33242 0.062166666666667036
3538.274308 0.062166666666667036
3543.849029 0.062166666666667036
3549.204568 0.062166666666667036
3554.890553 0.062166666666667036
3561.164012 0.062166666666667036
3567.157841 0.062166666666667036
3573.158874 0.062166666666667036
3579.112708 0.062166666666667036
3585.005005 0.062166666666667036
3590.998975 0.062166666666667036
3597.190234 0.062166666666667036
3603.104989 0.062166666666667036
3609.045292 0.062166666666667036
3614.948158 0.062166666666667036
3620.805711 0.062166666666667036
3626.737676 0.062166666666667036
3632.858057 0.062166666666667036
3638.792731 0.062166666666667036
3644.678818 0.062166666666667036
3650.535646 0.062166666666667036
3656.44453 0.062166666666667036
3662.561001 0.062166666666667036
3668.483244 0.062166666666667036
3674.379718 0.062166666666667036
3680.283969 0.062166666666667036
3686.129978 0.062166666666667036
3692.01297 0.062166666666667036
3698.092854 0.062166666666667036
3703.951371 0.062166666666667036
3709.786485 0.062166666666667036
3715.675961 0.062166666666667036
3721.441911 0.062166666666667036
3727.100008 0.062166666666667036
3732.723248 0.062166666666667036
3738.645641 0.062166666666667036
3744.607184 0.062166666666667036
3750.564639 0.062166666666667036
3756.445452 0.062166666666667036
3762.373436 0.062166666666667036
3768.270291 0.062166666666667036
3773.563488 0.062166666666667036
3778.763328 0.062166666666667036
3784.020899 0.062166666666667036
3789.198364 0.062166666666667036
3794.385569 0.062166666666667036
3799.871886 0.062166666666667036
3805.236692 0.062166666666667036
3810.563699 0.062166666666667036
3815.876682 0.062166666666667036
3821.188904 0.062166666666667036
3826.404318 0.062166666666667036
3831.693021 0.062166666666667036
3837.159152 0.062166666666667036
3842.384634 0.062166666666667036
3847.28776 0.062166666666667036
3852.213644 0.062166666666667036
3857.456372 0.062166666666667036
3862.705581 0.062166666666667036
3867.96386 0.062166666666667036
3873.411448 0.062166666666667036
3878.650439 0.062166666666667036
3883.91505 0.062166666666667036
3889.180614 0.062166666666667036
3894.382201 0.062166666666667036
3899.577799 0.062166666666667036
3904.977227 0.062166666666667036
3910.112285 0.062166666666667036
3915.412398 0.062166666666667036
3920.597652 0.062166666666667036
3925.743978 0.062166666666667036
3930.893821 0.062166666666667036
3936.172161 0.062166666666667036
3941.688246 0.062166666666667036
3946.958808 0.062166666666667036
3952.236853 0.062166666666667036
3957.270193 0.062166666666667036
3962.094157 0.062166666666667036
3967.342084 0.062166666666667036
3972.894862 0.062166666666667036
3978.23153 0.062166666666667036
3983.438863 0.062166666666667036
3988.75758 0.062166666666667036
3994.033773 0.062166666666667036
3999.197245 0.062166666666667036
4004.401311 0.062166666666667036
4009.847549 0.062166666666667036
4015.033191 0.062166666666667036
4020.254433 0.062166666666667036
4025.5574 0.062166666666667036
4030.692184 0.062166666666667036
4035.935834 0.062166666666667036
4041.501709 0.062166666666667036
4046.726338 0.062166666666667036
4052.055929 0.062166666666667036
4057.369575 0.062166666666667036
4062.695004 0.062166666666667036
4068.004463 0.062166666666667036
4073.23939 0.062166666666667036
4078.880202 0.062166666666667036
4083.924916 0.062166666666667036
4089.217451 0.062166666666667036
4094.273306 0.062166666666667036
4099.211002 0.062166666666667036
4104.533208 0.062166666666667036
4110.13392 0.062166666666667036
4115.401238 0.062166666666667036
4120.676866 0.062166666666667036
4125.861367 0.062166666666667036
4131.128284 0.062166666666667036
4136.282109 0.062166666666667036
4141.554585 0.062166666666667036
4146.732431 0.062166666666667036
4151.590261 0.062166666666667036
4156.723594 0.062166666666667036
4162.025459 0.062166666666667036
4167.687932 0.062166666666667036
4172.573973 0.062166666666667036
4178.163802 0.062166666666667036
4183.478528 0.062166666666667036
4188.99032 0.062166666666667036
4195.125872 0.062166666666667036
4201.387501 0.062166666666667036
4207.505503 0.062166666666667036
4214.031545 0.062166666666667036
4219.387239 0.062166666666667036
4225.369936 0.062166666666667036
4231.097704 0.062166666666667036
4237.017905 0.062166666666667036
4242.395608 0.062166666666667036
4247.918994 0.062166666666667036
4254.029498 0.062166666666667036
4260.024029 0.062166666666667036
4265.959005 0.062166666666667036
4271.890168 0.062166666666667036
4277.984807 0.062166666666667036
4284.37264 0.062166666666667036
