time train-error
1.640555 0.27915
3.617247 0.20406666666666695
6.15225 0.19221666666666704
9.102416 0.16913333333333302
12.333191 0.16044999999999998
16.272004 0.14944999999999997
20.431969 0.13523333333333298
25.327207 0.132066666666667
31.142128 0.12431666666666696
37.098295 0.11741666666666695
43.530644 0.11501666666666699
50.077326 0.11298333333333299
56.962341 0.10499999999999998
63.739773 0.10048333333333304
70.914133 0.09521666666666695
78.317468 0.09413333333333296
86.281409 0.09156666666666702
93.823312 0.09118333333333295
101.463681 0.0897
107.972653 0.0826
114.430877 0.08094999999999997
121.34059 0.07955000000000001
128.330384 0.08155000000000001
135.582126 0.07920000000000005
143.55649 0.07878333333333298
152.858196 0.07850000000000001
162.504589 0.07733333333333303
171.089199 0.07708333333333295
179.154918 0.075566666666667
187.579861 0.07330000000000003
195.273729 0.07279999999999998
203.319882 0.07268333333333299
211.537541 0.07238333333333302
219.919329 0.07235000000000003
227.788524 0.07174999999999998
235.193746 0.07043333333333301
241.675389 0.06659999999999999
249.355287 0.06655
256.823454 0.06679999999999997
264.599747 0.06573333333333298
273.102368 0.06513333333333304
281.142074 0.06501666666666694
288.500331 0.06561666666666699
294.649007 0.06538333333333302
299.686629 0.06461666666666699
305.814152 0.06443333333333301
313.216476 0.06463333333333299
319.898629 0.06486666666666696
326.771814 0.06526666666666703
332.95357 0.06459999999999999
339.340348 0.06366666666666698
345.347839 0.06405000000000005
351.34798 0.06410000000000005
357.608127 0.06408333333333305
363.966356 0.06396666666666695
370.819147 0.06423333333333303
377.120973 0.063533333333333
383.485107 0.06359999999999999
390.203129 0.06363333333333299
396.6239 0.06374999999999997
402.721733 0.06343333333333301
409.512281 0.06343333333333301
415.262316 0.06288333333333296
421.064431 0.06396666666666695
426.960461 0.06388333333333296
433.301408 0.06299999999999994
439.012288 0.06321666666666703
444.263624 0.06321666666666703
449.303155 0.06298333333333295
454.915001 0.06381666666666697
460.48131 0.06345
466.226921 0.06256666666666699
471.362758 0.06223333333333303
476.145569 0.06238333333333301
481.101893 0.06243333333333301
486.084824 0.06259999999999999
491.024013 0.061983333333332946
496.562678 0.06215000000000004
501.780304 0.06263333333333299
507.458611 0.062166666666667036
511.889164 0.06231666666666702
516.250314 0.06230000000000002
520.771554 0.062266666666667025
525.331173 0.06255
529.691093 0.062350000000000017
533.637665 0.06233333333333302
539.066756 0.06233333333333302
543.025899 0.06223333333333303
547.219788 0.06273333333333297
553.309758 0.06273333333333297
558.105685 0.062283333333333024
563.048974 0.06196666666666695
568.195211 0.061799999999999966
572.61554 0.06178333333333297
576.286774 0.06184999999999996
580.085231 0.061799999999999966
584.361019 0.062366666666667014
588.924225 0.062083333333333046
593.750097 0.061799999999999966
598.717468 0.061799999999999966
603.265459 0.061899999999999955
607.249777 0.06186666666666696
611.12553 0.06183333333333296
614.995846 0.06184999999999996
619.205595 0.062283333333333024
622.663604 0.06174999999999997
626.74266 0.06191666666666695
630.290633 0.06188333333333296
633.582969 0.06188333333333296
637.177921 0.06203333333333305
641.968463 0.06203333333333305
645.547697 0.06205000000000005
648.964811 0.061816666666666964
652.045992 0.06205000000000005
654.97714 0.062183333333333035
657.799779 0.06205000000000005
660.80079 0.06196666666666695
664.241363 0.062183333333333035
667.372926 0.06193333333333295
670.947233 0.06201666666666705
674.172483 0.06205000000000005
677.491671 0.062000000000000055
680.265517 0.062000000000000055
683.110403 0.06201666666666705
687.56779 0.06201666666666705
690.484421 0.06186666666666696
693.701823 0.06194999999999995
696.68561 0.061983333333332946
700.103662 0.06193333333333295
703.339862 0.062000000000000055
706.228926 0.06194999999999995
709.075412 0.06206666666666705
712.287273 0.06201666666666705
715.612628 0.06194999999999995
718.433869 0.06188333333333296
721.353701 0.061733333333332974
724.424148 0.06194999999999995
727.457746 0.06196666666666695
731.62225 0.06196666666666695
734.512229 0.06178333333333297
737.401207 0.06188333333333296
740.479732 0.06191666666666695
743.629266 0.06193333333333295
746.714925 0.06191666666666695
749.669069 0.06184999999999996
752.68962 0.061816666666666964
755.619508 0.06186666666666696
758.754975 0.06184999999999996
761.766923 0.06193333333333295
764.804265 0.06201666666666705
768.953273 0.06201666666666705
772.415057 0.06186666666666696
775.661162 0.06203333333333305
779.08708 0.06194999999999995
782.34028 0.06188333333333296
785.620038 0.06188333333333296
788.723555 0.061899999999999955
791.512739 0.06193333333333295
794.29498 0.061816666666666964
796.992661 0.062000000000000055
799.842102 0.06196666666666695
803.045106 0.06188333333333296
806.144191 0.06188333333333296
809.042929 0.06184999999999996
812.24849 0.06196666666666695
815.219753 0.061733333333332974
818.320803 0.06174999999999997
821.3756 0.06194999999999995
823.807244 0.06186666666666696
826.412524 0.061899999999999955
829.496177 0.06174999999999997
832.396326 0.06176666666666697
835.463216 0.06184999999999996
838.22317 0.06203333333333305
840.729394 0.06193333333333295
843.6547 0.06194999999999995
846.323589 0.06194999999999995
849.07515 0.06194999999999995
851.637445 0.06201666666666705
855.648419 0.06201666666666705
857.904861 0.06203333333333305
860.639112 0.06196666666666695
863.730839 0.06201666666666705
866.68387 0.06206666666666705
869.649868 0.06201666666666705
872.336658 0.061983333333332946
875.243546 0.062083333333333046
877.990814 0.06194999999999995
880.964293 0.06206666666666705
883.679048 0.06203333333333305
886.665439 0.062100000000000044
889.589568 0.06213333333333304
892.353219 0.06211666666666704
895.449082 0.062083333333333046
898.27765 0.06196666666666695
901.121534 0.062183333333333035
903.932958 0.06211666666666704
906.749715 0.06205000000000005
909.627676 0.062083333333333046
912.679157 0.06211666666666704
915.306767 0.062100000000000044
918.267862 0.06203333333333305
922.119905 0.06203333333333305
924.785816 0.06205000000000005
927.408031 0.062000000000000055
929.958953 0.06201666666666705
932.605084 0.06203333333333305
935.215117 0.062000000000000055
937.939656 0.06205000000000005
940.727827 0.06205000000000005
943.341372 0.062100000000000044
946.30153 0.06205000000000005
949.267834 0.06206666666666705
951.990771 0.06203333333333305
955.026825 0.06201666666666705
957.724718 0.06205000000000005
960.393029 0.062083333333333046
963.298494 0.062083333333333046
966.351706 0.062000000000000055
969.118538 0.062100000000000044
971.898708 0.06205000000000005
974.650931 0.06211666666666704
977.52321 0.062083333333333046
980.369218 0.06206666666666705
983.046714 0.062083333333333046
985.792474 0.062083333333333046
988.530329 0.06203333333333305
991.395979 0.062083333333333046
993.994835 0.062083333333333046
996.715676 0.06206666666666705
999.479087 0.062083333333333046
1002.517029 0.062100000000000044
1005.204051 0.06211666666666704
1008.182411 0.06205000000000005
1011.121629 0.062083333333333046
1014.051674 0.062083333333333046
1016.92675 0.062083333333333046
1019.793886 0.062083333333333046
1022.603611 0.06215000000000004
1025.250095 0.062183333333333035
1028.259492 0.06211666666666704
1031.090209 0.06213333333333304
1033.804517 0.06221666666666703
1036.556681 0.06220000000000003
1039.120171 0.06223333333333303
1041.58697 0.06223333333333303
1044.362258 0.062166666666667036
1047.96774 0.062166666666667036
1051.02855 0.06206666666666705
1054.050487 0.062183333333333035
1056.444525 0.06220000000000003
1059.297915 0.062183333333333035
1062.138543 0.062183333333333035
1065.079444 0.06213333333333304
1068.300802 0.06215000000000004
1071.24203 0.06221666666666703
1074.430319 0.06221666666666703
1077.046997 0.062166666666667036
1079.814625 0.062183333333333035
1082.760554 0.062183333333333035
1085.869846 0.062166666666667036
1089.023054 0.062166666666667036
1091.997715 0.062166666666667036
1094.8429 0.062183333333333035
1097.65136 0.062166666666667036
1100.441416 0.06215000000000004
1103.094776 0.062166666666667036
1105.89941 0.06215000000000004
1108.744785 0.062166666666667036
1111.734904 0.06213333333333304
1114.727769 0.062166666666667036
1117.806002 0.06213333333333304
1120.774984 0.06215000000000004
1123.808039 0.06213333333333304
1127.046604 0.06211666666666704
1130.20169 0.062100000000000044
1133.128909 0.06213333333333304
1135.936366 0.06215000000000004
1138.838721 0.062100000000000044
1141.589655 0.062100000000000044
1144.194726 0.06211666666666704
1147.071713 0.062100000000000044
1149.917068 0.06213333333333304
1152.744201 0.06211666666666704
1155.629279 0.06213333333333304
1158.391257 0.062083333333333046
1161.099638 0.06213333333333304
1164.159482 0.06211666666666704
1167.08277 0.06213333333333304
1170.099977 0.062100000000000044
1172.998069 0.06211666666666704
1176.032654 0.06215000000000004
1178.945052 0.06213333333333304
1181.908296 0.06211666666666704
1184.654887 0.062166666666667036
1187.414585 0.062100000000000044
1190.200509 0.06215000000000004
1192.983279 0.06220000000000003
1195.562638 0.062100000000000044
1198.233387 0.06213333333333304
1200.87969 0.062166666666667036
1203.578141 0.062183333333333035
1205.894071 0.062166666666667036
1208.420178 0.062166666666667036
1210.838256 0.06211666666666704
1214.63189 0.06211666666666704
1217.228928 0.06215000000000004
1219.98115 0.06213333333333304
1222.453379 0.062166666666667036
1225.065199 0.062083333333333046
1227.890371 0.06213333333333304
1230.46934 0.06213333333333304
1232.745476 0.06213333333333304
1235.67797 0.06213333333333304
1238.448656 0.06211666666666704
1241.160306 0.062083333333333046
1243.861653 0.06213333333333304
1246.495943 0.06211666666666704
1248.947288 0.06213333333333304
1251.554445 0.06213333333333304
1254.080458 0.06215000000000004
1257.988482 0.06215000000000004
1260.228654 0.06211666666666704
1262.706937 0.06213333333333304
1265.237926 0.06211666666666704
1268.049958 0.06211666666666704
1270.698287 0.062166666666667036
1273.452831 0.06215000000000004
1276.132911 0.06213333333333304
1278.69811 0.06211666666666704
1281.313169 0.06211666666666704
1284.218996 0.06213333333333304
1286.915845 0.06213333333333304
1289.798412 0.06215000000000004
1292.48939 0.062100000000000044
1295.251511 0.062100000000000044
1298.035954 0.06215000000000004
1300.722012 0.06213333333333304
1303.658241 0.06213333333333304
1306.495737 0.06213333333333304
1309.250021 0.06211666666666704
1311.590385 0.06215000000000004
1314.29703 0.062100000000000044
1317.010234 0.06213333333333304
1319.479985 0.06211666666666704
1322.232742 0.06211666666666704
1324.825748 0.06211666666666704
1327.384445 0.06211666666666704
1329.778249 0.06213333333333304
1332.327092 0.06211666666666704
1334.884697 0.062100000000000044
1337.388443 0.06211666666666704
1339.804368 0.06211666666666704
1342.388093 0.062100000000000044
1344.886944 0.06211666666666704
1347.232272 0.062100000000000044
1349.821191 0.06211666666666704
1352.307075 0.062100000000000044
1354.939847 0.062100000000000044
1357.444668 0.06211666666666704
1359.99946 0.062100000000000044
1362.785159 0.06211666666666704
1365.486156 0.06211666666666704
1368.2454 0.06211666666666704
1370.751501 0.06213333333333304
1373.40652 0.06213333333333304
1375.932107 0.06211666666666704
1378.542485 0.06211666666666704
1381.132546 0.06211666666666704
1383.844498 0.06215000000000004
1386.390926 0.06215000000000004
1388.881253 0.06213333333333304
1391.333074 0.06213333333333304
1393.826138 0.06213333333333304
1396.449776 0.06213333333333304
1398.850186 0.06213333333333304
1401.456301 0.06215000000000004
1404.017254 0.06215000000000004
1406.740484 0.06213333333333304
1409.458442 0.06213333333333304
1412.117443 0.062166666666667036
1414.606811 0.06213333333333304
1417.317448 0.06213333333333304
1419.770241 0.062100000000000044
1422.154019 0.06215000000000004
1424.92829 0.062166666666667036
1427.462716 0.06213333333333304
1430.039926 0.062166666666667036
1432.30076 0.062166666666667036
1434.669053 0.062183333333333035
1437.276045 0.06215000000000004
1439.902741 0.062166666666667036
1442.490817 0.062166666666667036
1445.03847 0.06215000000000004
1447.70129 0.062166666666667036
1450.465921 0.06213333333333304
1453.110244 0.06215000000000004
1455.66522 0.06215000000000004
1458.208431 0.062166666666667036
1460.441445 0.062166666666667036
1463.087273 0.06213333333333304
1465.670876 0.06215000000000004
1468.321167 0.062166666666667036
1471.232595 0.06215000000000004
1474.028958 0.06215000000000004
1477.0042 0.06215000000000004
1479.715675 0.062166666666667036
1482.206574 0.06215000000000004
1484.876907 0.062166666666667036
1487.833298 0.062166666666667036
1490.666019 0.062166666666667036
1493.613695 0.06215000000000004
1496.316385 0.062166666666667036
1498.955717 0.062166666666667036
1501.537083 0.062166666666667036
1504.372309 0.062166666666667036
1507.085505 0.062183333333333035
1509.852339 0.062166666666667036
1512.819205 0.062166666666667036
1515.655338 0.062166666666667036
1518.492526 0.062166666666667036
1521.455818 0.062166666666667036
1524.389157 0.062166666666667036
1527.512458 0.062166666666667036
1530.438232 0.062183333333333035
1533.367637 0.062166666666667036
1536.241802 0.062166666666667036
1539.000491 0.062166666666667036
1542.00518 0.062166666666667036
1544.707633 0.062183333333333035
1547.71295 0.062183333333333035
1550.546067 0.062166666666667036
1553.398404 0.062183333333333035
1556.148429 0.062183333333333035
1559.026985 0.062183333333333035
1561.920854 0.062166666666667036
1564.623592 0.062166666666667036
1567.648619 0.062183333333333035
1570.530513 0.062166666666667036
1573.387472 0.06220000000000003
1576.187557 0.062183333333333035
1579.334862 0.062183333333333035
1582.172777 0.06220000000000003
1585.319989 0.062166666666667036
1588.074093 0.062183333333333035
1590.858404 0.062183333333333035
1593.714274 0.06220000000000003
1596.513414 0.062183333333333035
1599.249489 0.06220000000000003
1602.030844 0.062183333333333035
1604.989341 0.062183333333333035
1607.734479 0.062183333333333035
1610.556881 0.06220000000000003
1613.341935 0.06220000000000003
1616.285214 0.06220000000000003
1618.957818 0.06220000000000003
1622.029093 0.062166666666667036
1624.763432 0.06220000000000003
1627.587217 0.06220000000000003
1630.461358 0.06220000000000003
1633.275499 0.062166666666667036
1636.187166 0.06220000000000003
1639.02457 0.062183333333333035
1641.948649 0.062166666666667036
1645.037515 0.062183333333333035
1647.781524 0.06220000000000003
1650.666257 0.062183333333333035
1653.576789 0.062183333333333035
1656.363904 0.062183333333333035
1659.162959 0.06220000000000003
1662.04873 0.062183333333333035
1664.909767 0.062183333333333035
1667.674938 0.062183333333333035
1670.579443 0.06220000000000003
1673.565042 0.062183333333333035
1676.531555 0.062166666666667036
1679.274568 0.062183333333333035
1682.153456 0.062183333333333035
1685.141208 0.062183333333333035
1688.200827 0.062183333333333035
1691.163815 0.062183333333333035
1694.389285 0.062183333333333035
1696.787833 0.062183333333333035
1699.732405 0.062183333333333035
1702.683594 0.062183333333333035
1705.560308 0.062183333333333035
1708.436423 0.06220000000000003
1711.358652 0.062183333333333035
1714.434317 0.062183333333333035
1717.378252 0.062183333333333035
1720.227522 0.062183333333333035
1723.104276 0.062183333333333035
1726.10839 0.062183333333333035
1728.996423 0.062183333333333035
1731.929066 0.062183333333333035
1734.893557 0.062183333333333035
1737.879013 0.062183333333333035
1740.817181 0.062183333333333035
1743.863411 0.06220000000000003
1746.838758 0.062183333333333035
1749.628151 0.062183333333333035
1752.553774 0.062183333333333035
1755.419693 0.062183333333333035
1758.551481 0.062183333333333035
1761.033268 0.06220000000000003
1763.678178 0.062183333333333035
1766.442608 0.062183333333333035
1769.144147 0.062183333333333035
1771.891295 0.062183333333333035
1774.618169 0.062183333333333035
1777.283905 0.062183333333333035
1779.985242 0.062183333333333035
1782.666169 0.062183333333333035
1785.29307 0.062183333333333035
1787.681698 0.062183333333333035
1790.482761 0.062183333333333035
1793.278193 0.062183333333333035
1795.987768 0.062183333333333035
1798.695552 0.06220000000000003
1801.519928 0.062183333333333035
1804.371365 0.062166666666667036
1807.139307 0.062183333333333035
1809.908226 0.062183333333333035
1812.742284 0.062183333333333035
1815.525237 0.062166666666667036
1818.096287 0.062166666666667036
1820.740471 0.062183333333333035
1823.579112 0.062166666666667036
1825.992258 0.062166666666667036
1828.507952 0.062166666666667036
1830.790205 0.062166666666667036
1833.145129 0.062166666666667036
1835.533085 0.062166666666667036
1837.992911 0.062166666666667036
1840.408657 0.062166666666667036
1843.24266 0.062166666666667036
1845.848157 0.062166666666667036
1848.418885 0.062166666666667036
1851.331006 0.062166666666667036
1854.032552 0.062166666666667036
1856.494297 0.062166666666667036
1859.439339 0.062166666666667036
1861.876554 0.062166666666667036
1864.119011 0.062166666666667036
1866.299136 0.062166666666667036
1868.649495 0.062166666666667036
1871.098426 0.062166666666667036
1873.780648 0.062166666666667036
1876.473293 0.062166666666667036
1879.42235 0.062166666666667036
1881.778593 0.062166666666667036
1884.578568 0.062166666666667036
1887.430028 0.062166666666667036
1890.303193 0.062166666666667036
1893.172485 0.062166666666667036
1895.827457 0.062166666666667036
1898.464076 0.062166666666667036
1901.014936 0.062166666666667036
1903.953443 0.062166666666667036
1906.748829 0.062166666666667036
1909.510805 0.062166666666667036
1912.200818 0.062166666666667036
1915.08287 0.062166666666667036
1918.18073 0.062166666666667036
1920.757705 0.062166666666667036
1923.715525 0.062166666666667036
1926.268711 0.062166666666667036
1929.107046 0.062166666666667036
1931.776166 0.062166666666667036
1934.516428 0.062166666666667036
1937.416555 0.062166666666667036
1940.435468 0.062166666666667036
1943.141577 0.062166666666667036
1945.945966 0.062166666666667036
1948.60636 0.062166666666667036
1951.399393 0.062166666666667036
1954.25739 0.062166666666667036
1957.032337 0.062166666666667036
1959.731194 0.062166666666667036
1962.352805 0.062166666666667036
1965.385687 0.062166666666667036
1968.10365 0.062166666666667036
1970.775759 0.062166666666667036
1973.501252 0.062166666666667036
1976.310166 0.062166666666667036
1979.343575 0.062166666666667036
1982.077821 0.062166666666667036
1984.874594 0.062166666666667036
1987.771362 0.062166666666667036
1990.364459 0.062166666666667036
1993.440182 0.062166666666667036
1996.131905 0.062166666666667036
1998.929082 0.062166666666667036
2001.486714 0.062166666666667036
2004.085183 0.062166666666667036
2006.410702 0.062166666666667036
2008.722123 0.062166666666667036
2011.257296 0.062166666666667036
2013.74308 0.062166666666667036
2016.194439 0.062166666666667036
2018.468573 0.062166666666667036
2020.779303 0.062166666666667036
2023.146127 0.062166666666667036
2025.343865 0.062166666666667036
2027.723859 0.062166666666667036
2030.316398 0.062166666666667036
2033.070412 0.062166666666667036
2035.61386 0.062166666666667036
2037.806552 0.062166666666667036
2039.985699 0.062166666666667036
2042.844298 0.062166666666667036
2045.55634 0.062166666666667036
2048.079345 0.062166666666667036
2050.683006 0.062166666666667036
2053.182366 0.062166666666667036
2055.855869 0.062166666666667036
2058.432047 0.062166666666667036
2060.936334 0.062166666666667036
2063.455684 0.062166666666667036
2066.204778 0.062166666666667036
2068.674945 0.062166666666667036
2071.214837 0.062166666666667036
2073.664573 0.062166666666667036
2076.335061 0.062166666666667036
2078.970504 0.062166666666667036
2081.487207 0.062166666666667036
2084.1481 0.062166666666667036
2086.581267 0.062166666666667036
2089.324887 0.062166666666667036
2091.755068 0.062166666666667036
2094.424082 0.062166666666667036
2097.023581 0.062166666666667036
2099.782168 0.062166666666667036
2102.283336 0.062166666666667036
2104.814479 0.062166666666667036
2107.49032 0.062166666666667036
2110.187833 0.062166666666667036
2112.834625 0.062166666666667036
2115.668659 0.062166666666667036
2118.268351 0.062166666666667036
2120.979608 0.062166666666667036
2124.018568 0.062166666666667036
2127.0342 0.06215000000000004
2130.197638 0.062166666666667036
2133.10769 0.062166666666667036
2136.06127 0.062166666666667036
2138.969131 0.062166666666667036
2141.852518 0.062166666666667036
2144.784368 0.062166666666667036
2147.396434 0.062166666666667036
2149.959394 0.062166666666667036
2152.427532 0.062166666666667036
2155.125476 0.062166666666667036
2157.61291 0.062166666666667036
2160.632521 0.062166666666667036
2162.868251 0.06215000000000004
2165.440681 0.06215000000000004
2167.687267 0.062166666666667036
2170.269578 0.062166666666667036
2172.573992 0.062166666666667036
2175.020742 0.062166666666667036
2177.484709 0.062166666666667036
2180.202882 0.062166666666667036
2182.782174 0.06215000000000004
2185.357386 0.06215000000000004
2187.817904 0.062166666666667036
2190.551934 0.062166666666667036
2193.181648 0.06215000000000004
2196.0906 0.06215000000000004
2198.420075 0.06215000000000004
2200.694367 0.062166666666667036
2203.067109 0.06215000000000004
2205.340808 0.06215000000000004
2207.8348 0.062166666666667036
2210.305125 0.062166666666667036
2213.022726 0.06215000000000004
2215.513204 0.06215000000000004
2218.266619 0.06215000000000004
2220.849262 0.062166666666667036
2223.160958 0.06215000000000004
2225.370308 0.06215000000000004
2227.934599 0.06215000000000004
2230.619047 0.062166666666667036
2232.97064 0.06215000000000004
2235.702119 0.06215000000000004
2238.742554 0.062166666666667036
2241.214806 0.06215000000000004
2244.106398 0.06215000000000004
2246.898339 0.06215000000000004
2249.412102 0.06215000000000004
2252.118968 0.06215000000000004
2254.922641 0.06215000000000004
2257.808366 0.06215000000000004
2260.57413 0.06215000000000004
2263.469903 0.06215000000000004
2266.117164 0.06215000000000004
2269.061764 0.06215000000000004
2271.72695 0.06215000000000004
2274.513052 0.06215000000000004
2277.231245 0.06215000000000004
2279.647922 0.06215000000000004
2281.88662 0.06215000000000004
2284.485203 0.06215000000000004
2286.961199 0.06215000000000004
2289.253686 0.062166666666667036
2291.321493 0.06215000000000004
2293.629205 0.06215000000000004
2295.860226 0.06215000000000004
2298.051141 0.06215000000000004
2300.58868 0.06215000000000004
2302.976769 0.062166666666667036
2305.135444 0.06215000000000004
2307.503583 0.06215000000000004
2309.840568 0.06215000000000004
2312.530948 0.06215000000000004
2314.996073 0.06215000000000004
2317.530293 0.06215000000000004
2319.854252 0.062166666666667036
2322.48735 0.06215000000000004
2324.999365 0.06215000000000004
2327.423116 0.06215000000000004
2330.007255 0.062166666666667036
2332.374495 0.06215000000000004
2335.03708 0.06215000000000004
2337.180077 0.06215000000000004
2339.733963 0.06215000000000004
2342.392097 0.062166666666667036
2344.877875 0.06215000000000004
2347.266709 0.06215000000000004
2349.781038 0.06215000000000004
2352.202373 0.06215000000000004
2354.472873 0.06215000000000004
2357.068985 0.06215000000000004
2359.457978 0.062166666666667036
2362.063999 0.062166666666667036
2364.496569 0.06215000000000004
2366.627902 0.062166666666667036
2368.971244 0.062166666666667036
2371.163489 0.062166666666667036
2373.842415 0.062166666666667036
2376.527112 0.062166666666667036
2379.222059 0.062166666666667036
2382.066955 0.062166666666667036
2384.808305 0.062166666666667036
2387.649076 0.062166666666667036
2390.463102 0.062166666666667036
2393.548905 0.062166666666667036
2396.338401 0.062166666666667036
2399.076691 0.062166666666667036
2401.764859 0.062166666666667036
2404.41088 0.062166666666667036
2407.060811 0.062166666666667036
2409.851318 0.062166666666667036
2412.54304 0.062166666666667036
2415.447419 0.062166666666667036
2417.944621 0.062166666666667036
2420.541448 0.062166666666667036
2423.300614 0.062166666666667036
2426.190645 0.062166666666667036
2428.813824 0.062166666666667036
2431.443357 0.062166666666667036
2434.168127 0.062166666666667036
2436.874744 0.062166666666667036
2439.53829 0.062166666666667036
2442.273135 0.062166666666667036
2445.126072 0.062166666666667036
2447.93066 0.062166666666667036
2450.887216 0.062166666666667036
2453.394248 0.062166666666667036
2456.075665 0.062166666666667036
2458.668236 0.062166666666667036
2461.687137 0.062166666666667036
2464.535312 0.062166666666667036
2467.392144 0.062166666666667036
2469.820173 0.062166666666667036
2472.55659 0.062166666666667036
2475.336285 0.062166666666667036
2478.135934 0.062166666666667036
2481.321264 0.062166666666667036
2484.26305 0.062166666666667036
2487.121209 0.062166666666667036
2489.952438 0.062166666666667036
2492.720285 0.062166666666667036
2495.72232 0.062166666666667036
2498.449218 0.062166666666667036
2501.287319 0.062166666666667036
2503.865364 0.062166666666667036
2506.579656 0.062166666666667036
2508.937907 0.062166666666667036
2511.229603 0.062166666666667036
2513.81556 0.062166666666667036
2516.94531 0.062166666666667036
2519.865303 0.062166666666667036
2522.994537 0.062166666666667036
2525.857925 0.062166666666667036
2528.817414 0.062166666666667036
2531.562531 0.062166666666667036
2534.451244 0.062166666666667036
2536.825302 0.062166666666667036
2539.586666 0.062166666666667036
2542.403554 0.062166666666667036
2545.018634 0.062166666666667036
2547.947418 0.062166666666667036
2550.875023 0.062166666666667036
2553.775845 0.062166666666667036
2556.682602 0.062166666666667036
2559.472212 0.062166666666667036
2562.230233 0.062166666666667036
2564.973962 0.062166666666667036
2567.762878 0.062166666666667036
2570.102759 0.062166666666667036
2572.586485 0.062166666666667036
2575.268494 0.062166666666667036
2578.095671 0.062166666666667036
2580.593324 0.062166666666667036
2583.555083 0.062166666666667036
2586.331838 0.062166666666667036
2589.024181 0.062166666666667036
2591.624394 0.062166666666667036
2594.261052 0.062166666666667036
2596.974738 0.062166666666667036
2599.765875 0.062166666666667036
2602.428523 0.062166666666667036
2605.196106 0.062166666666667036
2607.917633 0.062166666666667036
2610.535854 0.062166666666667036
2613.361932 0.062166666666667036
2616.237197 0.062166666666667036
2619.157934 0.062166666666667036
2622.078216 0.062166666666667036
2624.792463 0.062166666666667036
2627.506416 0.062166666666667036
2630.169016 0.062166666666667036
2632.983421 0.062166666666667036
2635.622706 0.062166666666667036
2638.29146 0.062166666666667036
2641.078117 0.062166666666667036
2643.877703 0.062166666666667036
2646.507451 0.062166666666667036
2649.503539 0.062166666666667036
2652.038861 0.062166666666667036
2654.73341 0.062166666666667036
2657.489599 0.062166666666667036
2660.370785 0.062166666666667036
2663.059707 0.062166666666667036
2665.799216 0.062166666666667036
2668.229018 0.062166666666667036
2670.957664 0.062166666666667036
2673.852086 0.062166666666667036
2676.481925 0.062166666666667036
2679.269905 0.062166666666667036
2682.128731 0.062166666666667036
2684.773284 0.062166666666667036
2687.520137 0.062166666666667036
2690.417993 0.062166666666667036
2693.002869 0.062166666666667036
2695.786962 0.062166666666667036
2698.418067 0.062166666666667036
2701.086252 0.062166666666667036
2703.637682 0.062166666666667036
2706.279501 0.062166666666667036
2708.713181 0.062166666666667036
2711.217411 0.062166666666667036
2713.794748 0.062166666666667036
2716.213886 0.062166666666667036
2718.7472 0.062166666666667036
2721.191972 0.062166666666667036
2723.956255 0.062166666666667036
2726.516149 0.062166666666667036
2729.551841 0.062166666666667036
2732.196676 0.062166666666667036
2735.115049 0.062166666666667036
2737.608961 0.062166666666667036
2740.502929 0.062166666666667036
2743.115778 0.062166666666667036
2746.006595 0.062166666666667036
2748.826418 0.062166666666667036
2751.652476 0.062166666666667036
2754.302479 0.062166666666667036
2757.04185 0.062166666666667036
2759.833816 0.062166666666667036
2762.481644 0.062166666666667036
2764.941736 0.062166666666667036
2767.456766 0.062166666666667036
2769.656019 0.062166666666667036
2772.017628 0.062166666666667036
2774.813792 0.062166666666667036
2777.389609 0.062166666666667036
2780.339773 0.062166666666667036
2782.913621 0.062166666666667036
2785.93643 0.062166666666667036
2788.578575 0.062166666666667036
2791.541425 0.062166666666667036
2794.268028 0.062166666666667036
2797.353301 0.062166666666667036
2800.122794 0.062166666666667036
2802.94176 0.062166666666667036
2805.857638 0.062166666666667036
2808.529234 0.062166666666667036
2811.330652 0.062166666666667036
2814.093691 0.062166666666667036
2816.941872 0.062166666666667036
2819.802803 0.062166666666667036
2822.666706 0.062166666666667036
2825.544012 0.062166666666667036
2828.433294 0.062166666666667036
2831.069885 0.062166666666667036
2834.067699 0.062166666666667036
2837.163334 0.062166666666667036
2840.073326 0.062166666666667036
2842.923603 0.062166666666667036
2845.857711 0.062166666666667036
2848.800623 0.062166666666667036
2851.67953 0.062166666666667036
2854.59704 0.062166666666667036
2857.512542 0.062166666666667036
2860.248614 0.062166666666667036
2862.997275 0.062166666666667036
2865.887701 0.062166666666667036
2868.216435 0.062166666666667036
2870.655302 0.062166666666667036
2873.000606 0.062166666666667036
2875.387979 0.062166666666667036
2877.763568 0.062166666666667036
2880.689177 0.062166666666667036
2883.241263 0.062166666666667036
2885.930809 0.062166666666667036
2888.742386 0.062166666666667036
2891.884137 0.062166666666667036
2894.689868 0.062166666666667036
2897.782494 0.062166666666667036
2900.699298 0.062166666666667036
2903.611547 0.062166666666667036
2906.473498 0.062166666666667036
2909.420243 0.062166666666667036
2912.120991 0.062166666666667036
2915.191769 0.062166666666667036
2917.688811 0.062166666666667036
2920.430334 0.062166666666667036
2923.189696 0.062166666666667036
2925.989147 0.062166666666667036
2928.662454 0.062166666666667036
2931.614871 0.062166666666667036
2934.318605 0.062166666666667036
2937.049582 0.062166666666667036
2939.808409 0.062166666666667036
2942.490458 0.062166666666667036
2945.17199 0.062166666666667036
2947.94367 0.062166666666667036
2950.772879 0.062166666666667036
2953.465462 0.062166666666667036
2956.280805 0.062166666666667036
2959.213294 0.062166666666667036
2962.014451 0.062166666666667036
2964.841414 0.062166666666667036
2967.633519 0.062166666666667036
2970.386025 0.062166666666667036
2973.013486 0.062166666666667036
2976.018611 0.062166666666667036
2978.8845 0.062166666666667036
2981.72056 0.062166666666667036
2984.440224 0.062166666666667036
2987.172361 0.062166666666667036
2989.889062 0.062166666666667036
2992.610182 0.062166666666667036
2995.157315 0.062166666666667036
2998.037519 0.062166666666667036
3000.570787 0.062166666666667036
3003.576363 0.062166666666667036
3006.161192 0.062166666666667036
3008.989963 0.062166666666667036
3011.813867 0.062166666666667036
3014.6515 0.062166666666667036
3017.403312 0.062166666666667036
3020.332888 0.062166666666667036
3022.912049 0.062166666666667036
3025.624635 0.062166666666667036
3028.272039 0.062166666666667036
3030.976931 0.062166666666667036
3033.639547 0.062166666666667036
3036.313656 0.062166666666667036
3038.864295 0.062166666666667036
3041.49927 0.062166666666667036
3044.263381 0.062166666666667036
3046.903773 0.062166666666667036
3049.488951 0.062166666666667036
3052.020631 0.062166666666667036
3054.641753 0.062166666666667036
3057.363759 0.062166666666667036
3060.329803 0.062166666666667036
3062.947215 0.062166666666667036
3065.88664 0.062166666666667036
3068.650634 0.062166666666667036
3071.70242 0.062166666666667036
3074.440668 0.062166666666667036
3077.422298 0.062166666666667036
3080.263487 0.062166666666667036
3083.190761 0.062166666666667036
3086.02513 0.062166666666667036
3088.647811 0.062166666666667036
