time nnz
42.182855 96047
63.425237 91348
84.539153 95010
105.43595 96022
127.109969 76284
148.672705 65328
170.0275 60262
191.665313 53515
213.320219 41767
234.705333 44817
256.284401 39849
277.891988 28699
299.438615 21285
321.019837 22340
342.288712 20190
363.37445 10615
384.375237 15941
405.23994 13046
426.301153 15594
468.225352 13617
489.219078 12833
510.264467 10454
531.229098 7683
552.134477 6608
573.148292 7331
594.098122 6632
615.136539 7136
636.013701 6306
656.941702 5992
678.038277 4978
698.931099 4882
719.859762 4279
761.748177 4687
782.772809 4453
803.769934 3904
824.627573 3260
846.03124 3697
867.177979 3263
