time nnz
26.680351 96533
40.176178 96401
53.808033 96401
66.365148 86006
77.775863 76138
87.310999 65429
95.684387 56008
104.132138 54260
112.453996 49138
119.492083 45373
125.957119 42897
131.7914 37916
136.653676 30646
141.186066 29344
145.263573 26321
149.158497 24809
152.929566 23884
156.611502 23330
160.208601 22850
163.605653 21439
166.575088 18342
169.511075 17932
172.384966 17697
175.166772 16862
178.057057 16400
180.928046 16115
183.437211 15352
185.705761 13808
187.94496 13639
190.16373 13623
192.243695 12571
194.31704 12227
196.371322 11975
198.331383 11800
200.241325 11348
202.035679 10576
203.847667 10553
205.60935 10506
207.318439 9985
208.966853 9779
210.60885 9669
212.237869 9544
213.820974 9316
215.335231 8664
216.828008 8629
218.320273 8604
219.740387 8302
221.143777 8183
222.55569 8101
223.942475 8041
225.32001 7934
226.657555 7451
227.970007 7449
229.284393 7448
230.576232 7446
231.813292 7155
233.024395 6973
234.213063 6850
235.381724 6744
236.514628 6504
237.627837 6221
238.711064 6202
239.784251 6138
240.855958 6101
241.917871 6068
242.974566 6048
244.020229 5968
245.065294 5681
246.082565 5664
247.098206 5655
248.091199 5655
249.101237 5605
250.080214 5564
251.054649 5531
252.011917 5438
252.962905 5166
253.924112 5160
254.856235 5160
255.767776 5159
256.67941 5067
257.567163 5020
258.449396 4994
259.321994 4923
260.199965 4733
261.063194 4728
261.923438 4728
262.760793 4727
263.586658 4653
264.422317 4620
265.24199 4588
266.043619 4497
266.861526 4357
267.664302 4357
268.450726 4339
269.220544 4310
269.98809 4304
270.750463 4299
271.51984 4293
272.291304 4250
273.064271 4101
273.795359 4095
274.525026 4081
275.258107 4069
276.001163 4065
276.725606 4061
277.45069 4034
278.17652 3932
278.898864 3931
279.611512 3929
280.308893 3883
281.000266 3862
281.686699 3860
282.378207 3856
283.07766 3831
283.776739 3765
284.476222 3762
285.152899 3759
285.82265 3722
286.48739 3711
287.162901 3704
287.829073 3700
288.486357 3651
289.147375 3552
289.831855 3550
290.492655 3549
291.129222 3549
291.767825 3524
292.40071 3507
293.029151 3501
293.662545 3485
294.302213 3421
294.941261 3421
295.563445 3421
296.175611 3376
296.783329 3362
297.392194 3352
297.997951 3346
298.608913 3327
299.23155 3198
299.85402 3196
300.459236 3196
301.044151 3195
301.622302 3190
302.206495 3188
302.795175 3187
303.376542 3184
303.975605 3156
304.567678 3155
305.16476 3155
305.743252 3155
306.321958 3106
306.889283 3087
307.450624 3073
308.010612 3060
308.567233 3020
309.149143 2956
309.709424 2955
310.258487 2955
310.797764 2950
311.343701 2948
311.883022 2944
312.424156 2940
312.963833 2922
313.53398 2879
314.093711 2877
314.617493 2874
315.144994 2870
315.671059 2866
316.195492 2864
316.722735 2849
317.257558 2796
317.80511 2795
318.321396 2795
318.832766 2779
319.346489 2773
319.854401 2768
333.677843 2945
334.218009 2935
334.761104 2932
335.293071 2929
335.828957 2927
336.361634 2920
336.896707 2913
337.450941 2902
337.98733 2902
338.527995 2893
339.060312 2890
339.59017 2887
340.121811 2884
340.648999 2874
341.211337 2822
341.753638 2821
342.280291 2821
342.803652 2820
343.323799 2818
343.845187 2816
344.365903 2814
344.882784 2803
345.418876 2777
345.957314 2775
346.467676 2775
346.979781 2767
360.640359 2796
361.147552 2777
361.650741 2775
362.155689 2770
