time nnz
79.578104 96047
175.194905 117530
253.505667 88067
339.06548 86197
424.536883 83374
493.767786 66108
579.210483 71140
672.806674 70876
758.894451 64163
836.841393 59070
922.751463 61252
1004.813642 57124
1084.846412 55961
1157.176952 52780
1237.412555 53883
1309.907325 50262
1389.829261 52054
1462.33904 48133
1542.506231 50238
1615.158913 46235
1695.489117 48566
1768.078633 44560
1847.887054 46936
1920.17469 42982
2000.123374 45213
2072.433679 41535
2152.288138 43621
2224.760484 40222
2304.707107 41899
2369.437842 38254
2449.838579 42726
2522.656279 37541
