time nnz
0.72391 320
1.370902 640
2.073084 960
2.853756 1280
3.716879 1600
4.615026 1906
5.69342 2200
6.738807 2498
7.772333 2792
8.874363 3089
10.025451 3373
11.241312 3633
12.497489 3850
13.77918 4135
15.092859 4399
16.447332 4657
18.240171 4925
19.662577 5182
21.150045 5434
22.652346 5706
24.199224 5967
25.796481 6244
27.405487 6504
29.066951 6773
30.799446 7012
32.584974 7163
34.419107 7388
36.223553 7614
38.050324 7763
39.893722 7925
41.794442 8115
43.678118 8283
45.577945 8397
47.518271 8051
49.406594 8174
51.275143 8329
53.148775 8373
55.001309 8399
56.836319 8415
58.650561 8413
60.459446 8211
62.203031 7526
63.923304 7572
65.641816 7629
67.353597 7589
69.038227 7581
70.692663 7557
72.35043 7543
73.977241 7405
75.628531 7010
77.278744 7051
78.929355 7045
80.515981 7024
82.086415 6973
83.718131 6935
85.308431 6802
86.96152 6429
88.564399 6453
90.140116 6473
91.648922 6375
93.116529 6358
94.575737 6334
96.035747 6317
97.494779 6290
98.950069 5821
100.404651 5832
101.825805 5849
103.254265 5854
104.68947 5790
106.068973 5764
107.465317 5738
108.834879 5683
110.207331 5463
111.66727 5468
113.067369 5479
114.439598 5488
115.77548 5384
117.099113 5344
118.413138 5313
119.718597 5248
121.031584 4957
122.353975 4965
123.659017 4975
124.934859 4984
126.186414 4910
127.434286 4881
128.675765 4856
129.9081 4786
131.150419 4593
132.386202 4595
133.676007 4611
134.903786 4563
136.12733 4541
137.33112 4508
138.535775 4499
139.72332 4471
140.91107 4374
142.154047 4131
143.321616 4157
144.50246 4173
145.645856 4152
146.799063 4134
147.933815 4132
149.079252 4105
150.232107 4037
151.382405 4041
152.506606 4041
153.631903 4002
154.752212 3996
155.867065 3987
156.987078 3977
158.094948 3938
159.308224 3742
160.475607 3764
161.577718 3772
162.675754 3768
163.753097 3755
164.839865 3752
165.915837 3744
166.986132 3700
168.117977 3604
169.208311 3610
170.280832 3612
171.353789 3607
172.409218 3601
173.478096 3591
174.533468 3583
175.619001 3526
176.694852 3530
177.747982 3533
178.82851 3491
179.868348 3489
180.91815 3482
181.953868 3475
182.986697 3435
184.075982 3316
185.150524 3317
186.197588 3319
187.226066 3321
188.244884 3314
189.273801 3309
190.289028 3300
191.29718 3285
192.329505 3239
193.351088 3239
194.35813 3241
195.37084 3222
196.368795 3212
197.36208 3191
198.352764 3183
199.338454 3158
200.369716 3079
201.391323 3083
202.396705 3084
203.379944 3089
204.352766 3080
205.33636 3074
206.308432 3068
207.367631 3057
208.351322 3058
209.322115 3041
210.303242 3031
211.270629 3021
212.23643 3021
213.217373 3018
214.188565 3017
215.162548 2997
216.19413 2853
217.199946 2857
218.163135 2862
219.125651 2863
220.084365 2863
221.059355 2860
222.004445 2855
222.947002 2847
223.924854 2824
224.894992 2825
225.837203 2828
226.79602 2816
227.741922 2809
228.686061 2804
229.638056 2799
230.575237 2793
231.52265 2738
232.508936 2739
233.473591 2741
234.416544 2748
235.350856 2721
236.268833 2713
237.185623 2706
238.097436 2703
239.005954 2691
239.941939 2655
240.87624 2656
241.784208 2657
242.690789 2640
243.598405 2633
244.498987 2631
245.410895 2630
246.325492 2615
247.273693 2571
248.213401 2572
249.118353 2573
250.021091 2569
250.936548 2568
251.837118 2566
252.73663 2561
253.652761 2548
254.598007 2510
255.51856 2512
256.428793 2514
257.324144 2513
258.22367 2510
259.132483 2510
260.024724 2510
260.914258 2505
261.859033 2466
262.801899 2468
263.686354 2468
264.604855 2463
265.484603 2465
266.365249 2464
267.259848 2463
268.138349 2459
269.03885 2442
269.957053 2443
270.836845 2443
271.712118 2437
272.610455 2433
273.489735 2432
274.367759 2425
275.284013 2405
276.207255 2406
277.102179 2406
277.994795 2411
278.879261 2398
279.748343 2394
280.623062 2393
281.498078 2390
282.385881 2372
283.304481 2375
284.197099 2378
285.066253 2379
285.93531 2370
286.797689 2367
287.661517 2366
288.52065 2354
289.390597 2333
290.263279 2333
291.118073 2337
291.980236 2325
292.831468 2325
293.68656 2321
294.538832 2321
295.382285 2315
296.255026 2299
297.150371 2299
298.016473 2299
298.866481 2299
299.719705 2295
300.573415 2294
301.435569 2293
302.294171 2291
303.136709 2271
304.002378 2230
304.854655 2235
305.682453 2241
306.504375 2239
307.344872 2236
308.161055 2234
308.977326 2230
309.804215 2226
310.644757 2221
311.460329 2221
312.277264 2222
313.102832 2221
313.915994 2220
314.727563 2218
315.555543 2213
316.414477 2190
317.230577 2191
318.058538 2192
318.875663 2191
319.691762 2189
320.512316 2187
321.335084 2185
322.150862 2180
322.986205 2172
323.799071 2176
324.611078 2179
325.42548 2179
326.23831 2174
327.047704 2172
327.852957 2170
328.663769 2162
329.518699 2141
330.345066 2143
331.145006 2144
331.951688 2142
332.751204 2141
333.550868 2140
334.36097 2136
335.16065 2134
336.002452 2119
336.810666 2122
337.620294 2122
338.428373 2127
339.236913 2128
340.050491 2125
340.85709 2122
341.66072 2114
342.517355 2086
343.362609 2087
344.167459 2087
344.978632 2086
345.780466 2085
346.581308 2085
347.379921 2084
348.183321 2080
349.001439 2072
349.836351 2075
350.655525 2077
351.446214 2068
352.240991 2068
353.042072 2069
353.837773 2068
354.630414 2066
355.445731 2049
356.271199 2050
357.084843 2051
357.882594 2052
358.686281 2047
359.482504 2047
360.274637 2042
361.069186 2041
361.886534 2033
362.704221 2034
363.517078 2034
364.323758 2037
365.118139 2036
365.910234 2030
366.704514 2027
367.491314 2024
368.30286 2020
369.114174 2021
369.925318 2022
370.713645 2024
371.500412 2017
372.290928 2014
373.076113 2012
373.859935 2010
374.644558 2003
375.493593 1987
376.298137 1989
377.083418 1992
377.878096 1993
378.659751 1991
379.446792 1991
380.236941 1989
381.021162 1985
381.846371 1979
382.652756 1980
383.442721 1981
384.227924 1978
385.009999 1978
385.807207 1978
386.59258 1978
387.375506 1972
388.204453 1948
389.010175 1949
389.805064 1952
390.594735 1952
391.375176 1952
392.152469 1952
392.92823 1952
393.717567 1950
394.515857 1943
395.311738 1944
396.088584 1946
396.87534 1945
397.645945 1943
398.418672 1940
399.202185 1937
399.979677 1931
400.802599 1918
401.601281 1923
402.394347 1929
403.175062 1930
403.948567 1925
404.733613 1924
405.511013 1921
406.288348 1919
407.067767 1917
407.846593 1917
408.624961 1917
409.398758 1917
410.183129 1916
410.953368 1914
411.767329 1904
412.579416 1906
413.35221 1907
414.120655 1905
414.898611 1905
415.671509 1905
416.440812 1905
417.209811 1904
418.000806 1898
418.812788 1899
419.600931 1901
420.367754 1901
421.138796 1890
421.901023 1890
422.666471 1888
423.43564 1888
424.202325 1883
424.98675 1872
425.774604 1872
426.550929 1873
427.316704 1868
428.080917 1868
428.85333 1868
429.619279 1867
430.384692 1864
431.173353 1858
431.970139 1861
432.756479 1861
433.522958 1863
434.297676 1863
435.06443 1861
435.828968 1858
436.591095 1858
437.357722 1851
438.160378 1844
438.940989 1846
439.731226 1847
440.494627 1849
441.253795 1848
442.013267 1846
442.785723 1845
443.55402 1842
444.353946 1831
445.140909 1832
445.902563 1832
446.665752 1831
447.426282 1830
448.196486 1831
448.9593 1830
449.762964 1823
450.592888 1825
451.357226 1825
452.119905 1824
452.881819 1825
453.654545 1825
454.413351 1824
455.17423 1822
455.978473 1811
456.758175 1812
457.517508 1815
458.277073 1815
459.038876 1814
459.797331 1814
460.553762 1813
461.336645 1808
462.113039 1809
462.892133 1810
463.647601 1810
464.410098 1808
465.165416 1807
465.921136 1805
466.674177 1805
467.434967 1800
468.231627 1790
469.023227 1792
469.807296 1795
470.56436 1797
471.31847 1795
472.077327 1793
472.844349 1792
473.599531 1792
474.373795 1786
475.173813 1788
475.940576 1791
476.694167 1790
477.448045 1790
478.210332 1789
478.963973 1788
479.719363 1785
480.498526 1777
481.297092 1777
482.052984 1780
482.804306 1778
483.579174 1779
484.330877 1779
485.082932 1779
485.837926 1776
486.610077 1774
487.383081 1775
488.132908 1777
488.894702 1777
489.643569 1775
490.39343 1774
491.142232 1773
491.895517 1770
492.714902 1768
493.48891 1773
494.249477 1773
494.999843 1772
495.748627 1772
496.499228 1771
497.260585 1770
498.01646 1768
498.787209 1768
499.54117 1768
500.299051 1769
501.051988 1769
501.803322 1769
502.555425 1768
503.304425 1766
504.096242 1760
504.871389 1762
505.619812 1762
506.370132 1762
507.116689 1763
507.873127 1764
508.617979 1764
509.365194 1765
510.133364 1761
510.93042 1762
511.699876 1763
512.447651 1764
513.209346 1762
513.958293 1762
514.704349 1762
515.44879 1762
516.204206 1757
516.992401 1748
517.761659 1749
518.515878 1749
519.262503 1749
520.014856 1748
520.761898 1748
521.51978 1748
522.289394 1748
523.058188 1748
523.829966 1748
524.578534 1748
525.327971 1747
526.076399 1747
526.848224 1743
527.594274 1742
528.341962 1741
529.115594 1734
529.913407 1736
530.660022 1736
531.40298 1738
532.153287 1738
532.897619 1738
533.640565 1737
534.384193 1736
535.157499 1729
535.946631 1731
536.689259 1731
537.438737 1728
538.185525 1726
538.930642 1726
539.677126 1726
540.433373 1726
541.219402 1721
541.984923 1721
542.731709 1723
543.477218 1721
544.218204 1720
544.961802 1720
545.704738 1720
546.446625 1719
547.186248 1716
547.96633 1705
548.756178 1707
549.496171 1708
550.232064 1707
550.974685 1709
551.712898 1709
552.448151 1706
553.18267 1706
553.944554 1706
554.703069 1706
555.460085 1706
556.194916 1706
556.940584 1704
557.684666 1703
558.422477 1702
559.165284 1702
559.953506 1698
560.753906 1698
561.49746 1698
562.245308 1699
562.985189 1699
563.723608 1698
564.461388 1698
565.209258 1698
565.967097 1691
566.747491 1692
567.509388 1693
568.249367 1693
568.984615 1691
569.720668 1691
570.477023 1691
571.217708 1688
571.995012 1682
572.756235 1683
573.495194 1683
574.230375 1681
574.963567 1680
575.706813 1679
576.443934 1679
577.179823 1678
577.956169 1674
578.746376 1675
579.486063 1676
580.227212 1675
580.971757 1675
581.710587 1674
582.446816 1674
583.181321 1673
583.969202 1671
584.72515 1671
585.465056 1671
586.204338 1671
586.943781 1671
587.677389 1671
588.407702 1671
589.140513 1670
589.910775 1661
590.683682 1661
591.41436 1662
592.15281 1662
592.881635 1661
593.614038 1661
594.343077 1660
595.078521 1659
595.832322 1659
597.353455 1661
598.086511 1663
598.816895 1663
599.54768 1661
600.291356 1661
601.024694 1662
601.778651 1659
602.531532 1659
603.278484 1660
604.013966 1658
604.748486 1658
605.488707 1658
606.225743 1658
606.960978 1658
607.715577 1658
608.501066 1658
609.25502 1659
609.989409 1660
610.72319 1659
611.459148 1658
612.191136 1658
613.734041 1660
614.46498 1660
615.203337 1659
615.97394 1653
616.736244 1654
617.467742 1654
618.201798 1655
618.93265 1655
619.673792 1654
620.408198 1652
621.140746 1652
621.9021 1650
622.659316 1650
623.415319 1652
624.148261 1652
624.893648 1651
625.629217 1651
626.361734 1650
627.094252 1648
627.859981 1648
628.615615 1648
629.371195 1648
630.108302 1649
630.83923 1646
631.569447 1645
632.299073 1645
633.031398 1645
633.762698 1645
634.53366 1644
635.282348 1645
636.018892 1645
636.74983 1645
637.479056 1646
638.212778 1646
638.941424 1645
639.668627 1644
640.438077 1642
641.200388 1642
641.931915 1643
642.665347 1641
643.400039 1642
644.146533 1643
644.87687 1643
645.610451 1643
646.403288 1642
647.182667 1643
647.912503 1644
648.640943 1643
649.381093 1644
650.109903 1644
650.838677 1644
651.5668 1644
652.348091 1637
653.119269 1637
653.871412 1637
654.601889 1637
655.331634 1637
656.059728 1637
656.789088 1637
657.539568 1635
658.285657 1634
659.034199 1634
659.761357 1634
660.505209 1633
661.237376 1635
661.966938 1635
662.704373 1634
663.434258 1631
664.204017 1629
664.971218 1629
665.711089 1631
666.43977 1632
667.168786 1631
667.896942 1631
668.634811 1631
669.363039 1630
670.111744 1629
670.890773 1630
671.619836 1630
672.355909 1631
673.08362 1631
673.812416 1630
674.539481 1630
675.266909 1630
676.015799 1627
676.787024 1628
677.515936 1629
678.246245 1630
678.979 1629
679.705065 1628
680.431095 1628
681.156963 1628
681.910662 1628
682.65824 1628
683.408696 1629
684.134175 1629
684.869263 1628
685.596284 1627
686.323963 1627
687.053917 1626
687.829702 1622
688.581632 1624
689.310091 1625
690.041277 1624
690.769547 1624
691.496253 1624
692.225288 1624
692.961257 1623
693.710649 1619
694.460024 1619
695.188019 1620
695.926315 1620
696.655568 1619
697.383347 1617
698.112657 1617
698.839315 1616
699.611625 1616
700.364379 1616
701.12506 1616
701.853222 1615
702.579294 1615
703.305735 1614
704.042764 1614
704.771964 1613
705.520733 1611
706.274922 1612
707.006319 1612
707.735763 1614
708.461242 1614
709.197809 1612
709.926178 1612
710.654414 1610
711.402153 1609
712.180914 1609
712.907278 1609
713.636694 1610
714.367778 1609
715.09795 1608
715.824845 1608
716.551273 1607
717.301345 1606
718.066345 1606
718.808195 1606
719.52931 1607
720.255055 1607
720.977748 1606
721.700065 1605
722.421642 1604
723.194274 1604
723.935932 1604
724.658385 1604
725.385859 1603
726.106926 1602
726.827795 1602
727.548738 1602
728.277681 1600
729.042507 1598
729.790945 1598
730.515651 1600
731.249601 1601
731.989256 1600
732.721731 1599
733.44972 1599
734.175174 1598
734.922263 1595
735.666893 1595
736.402333 1595
737.126927 1593
737.850622 1593
738.574251 1593
739.308382 1593
740.033387 1592
740.782248 1592
741.551228 1592
742.304427 1593
743.031194 1595
743.756138 1595
744.506344 1593
745.230133 1593
745.954128 1592
746.699912 1591
747.476539 1591
748.223764 1592
748.946551 1592
749.668301 1590
750.401221 1590
751.124644 1590
751.849457 1590
752.600747 1589
753.35033 1589
754.072912 1589
754.795947 1589
755.529081 1589
756.25069 1589
756.977518 1588
757.700391 1588
758.463883 1587
759.229052 1588
759.955168 1592
760.685642 1592
761.411301 1589
762.135333 1588
762.858359 1587
763.583718 1586
764.304941 1585
765.047511 1583
765.769994 1584
766.500993 1585
767.223404 1585
767.947637 1584
768.666202 1584
769.391391 1584
770.134779 1583
770.899432 1583
771.623526 1583
772.359019 1583
773.088145 1584
773.818925 1584
774.56691 1583
775.301036 1582
776.035154 1581
776.817334 1577
777.566759 1577
778.313687 1577
779.055522 1580
779.781651 1580
780.503377 1578
781.228669 1578
781.949048 1577
782.726351 1575
783.474935 1575
784.195977 1575
784.918036 1576
785.643455 1576
786.374273 1575
787.101338 1575
787.822072 1574
788.567069 1572
789.306204 1573
790.048735 1573
790.806634 1574
791.544504 1574
792.275932 1573
792.998689 1572
793.728883 1572
794.49408 1573
795.23933 1573
795.963173 1573
796.692308 1573
797.415206 1572
798.135777 1572
798.860359 1571
799.602716 1571
800.345022 1571
801.089882 1572
801.826223 1573
802.555611 1573
803.290604 1573
804.024112 1571
804.764882 1571
805.523745 1571
806.281947 1571
807.047097 1572
807.787064 1573
808.529315 1572
809.262427 1571
810.006894 1571
810.744189 1570
811.503761 1569
812.262366 1569
813.005879 1569
813.745423 1570
814.488395 1570
815.225459 1568
815.96596 1568
816.699078 1568
817.443642 1568
818.235334 1567
818.988379 1567
819.721596 1567
820.455282 1568
821.193287 1567
821.925545 1566
822.652968 1566
823.388734 1566
824.161357 1566
824.909752 1566
825.637503 1566
826.375132 1566
827.103786 1566
827.833548 1566
828.561812 1566
829.299793 1564
830.072385 1562
830.803435 1562
831.537666 1562
832.270125 1563
833.000426 1563
833.731363 1562
834.472207 1562
835.225565 1561
835.979823 1561
836.707258 1561
837.448937 1561
838.178328 1560
838.912253 1560
839.64203 1560
840.371778 1559
841.16744 1558
841.917274 1559
842.668008 1560
843.396481 1560
844.121917 1559
844.858544 1559
845.596518 1558
846.34885 1557
847.097345 1557
847.851233 1557
848.58595 1557
849.316015 1557
850.046997 1557
850.78461 1557
851.514183 1556
852.26748 1554
853.063039 1554
853.824483 1554
854.557018 1554
855.286793 1554
856.017143 1554
856.755632 1554
857.48763 1554
858.2403 1553
858.992422 1553
859.722941 1553
860.459159 1554
861.187254 1554
861.919929 1553
862.647217 1553
863.372854 1553
864.119475 1551
864.892827 1551
865.639788 1551
866.368671 1552
867.099626 1551
867.827075 1550
868.550777 1550
869.272545 1550
870.007202 1550
870.759147 1548
871.489699 1548
872.216709 1548
872.954576 1548
873.690198 1548
874.419529 1548
875.149847 1548
875.901809 1548
876.673418 1549
877.420767 1549
878.155227 1549
878.881387 1549
879.608081 1549
880.334313 1549
881.070418 1548
881.799914 1548
882.570447 1548
883.322808 1548
884.049774 1548
884.775363 1548
885.501516 1547
886.253576 1547
886.978617 1547
887.706429 1546
888.475913 1546
889.234954 1546
889.963789 1546
890.68941 1546
891.416117 1546
892.154443 1546
892.882314 1546
893.609461 1545
894.390394 1545
895.142369 1545
895.869585 1545
896.599711 1546
897.337701 1546
898.065435 1545
898.793962 1545
899.523551 1545
900.303565 1545
901.055593 1545
901.782262 1545
902.521912 1545
903.252108 1545
903.981283 1545
904.710602 1545
905.440653 1545
906.234121 1544
906.983692 1544
907.709244 1544
908.443729 1544
909.167962 1544
909.892015 1544
910.622706 1544
911.372583 1544
912.122751 1544
912.846979 1544
913.583878 1543
914.309012 1543
915.038703 1543
915.763668 1543
916.497139 1543
917.265614 1541
918.032939 1541
918.761674 1541
919.491308 1542
920.216586 1542
920.941221 1541
921.672932 1541
922.39979 1541
923.149785 1540
923.917185 1540
924.654736 1540
925.383696 1540
926.111507 1540
926.839202 1540
927.570516 1540
928.300047 1540
929.047634 1540
929.823964 1540
930.549676 1540
931.286254 1540
932.011856 1540
932.754783 1540
933.480126 1540
934.206068 1540
934.975179 1538
935.734411 1538
936.486174 1538
937.212385 1538
937.944185 1538
938.675978 1538
939.405322 1538
940.131067 1538
940.869008 1538
941.642999 1536
942.395994 1536
943.125957 1537
