time nnz
0.349033 320
0.610013 640
0.93252 960
1.315289 1280
1.755755 1600
2.257387 1909
2.81835 2206
3.432284 2502
4.104905 2799
4.85056 3086
5.657799 3360
6.500008 3553
7.38409 3793
8.326797 4054
9.310368 4315
10.314373 4571
11.382412 4829
12.47898 5077
13.62919 5306
14.819089 5485
16.043517 5718
17.288126 5953
18.562284 6140
19.815264 6332
21.121993 6534
22.430694 6588
23.774672 6746
25.137938 6928
26.53365 7090
27.893424 7033
29.246541 7067
30.633091 7111
32.008511 7174
33.36857 7072
34.715634 6697
36.058207 6816
37.376264 6907
38.684877 6867
40.026311 6900
41.380809 6928
42.726639 6931
44.037158 6794
45.332023 6613
46.62036 6682
47.895498 6663
49.188465 6655
50.468555 6665
51.753814 6673
53.02637 6586
54.266758 6185
55.512229 6236
56.71956 6265
57.928775 6264
59.128304 6242
60.326175 6223
61.523266 6180
62.709414 5982
63.908653 6007
65.091819 6044
66.238919 5901
67.391852 5872
68.542 5853
69.673152 5838
70.803138 5774
71.907031 5601
72.990315 5204
74.058681 5236
75.098525 5247
76.135317 5240
77.174833 5221
78.214747 5211
79.273006 5185
80.338036 5074
81.405592 5083
82.444219 5090
83.441924 5005
84.452311 4988
85.459816 4971
86.461212 4950
87.473656 4838
88.501905 4847
89.498729 4855
90.480386 4869
91.432964 4795
92.41017 4766
93.374612 4753
94.339041 4736
95.31071 4703
96.253532 4467
97.206385 4476
98.143424 4482
99.061181 4386
99.971734 4367
100.875258 4349
101.785784 4339
102.685118 4308
103.605873 4185
104.523218 4189
105.451106 4196
106.362653 4206
107.274012 4161
108.210316 4137
109.082063 4125
109.972663 4082
110.846377 3976
111.725232 3982
112.581209 3987
113.458717 3965
114.303854 3951
115.139105 3941
115.987337 3907
116.831342 3831
117.704002 3840
118.51518 3842
119.332762 3802
120.131442 3792
120.966625 3786
121.785234 3776
122.597831 3731
123.468045 3569
124.294324 3570
125.113067 3573
125.894261 3576
126.67 3561
127.453346 3553
128.231289 3546
129.149858 3539
129.929404 3539
130.683697 3529
131.466917 3486
132.271047 3488
133.040762 3488
133.811002 3458
134.557414 3446
135.330724 3439
136.060634 3429
136.789772 3379
137.554121 3239
138.320582 3247
139.024058 3250
139.736662 3237
140.427683 3233
141.136074 3228
141.846822 3228
142.557339 3222
143.311453 3197
144.043406 3198
144.75714 3199
145.49692 3172
146.198409 3162
146.905332 3157
147.63016 3153
149.15525 3152
149.840274 3153
150.540605 3122
151.263462 3013
151.975155 3035
152.658755 3041
153.349942 3025
154.016973 3031
154.704471 3033
155.373149 3036
156.060248 3021
156.739564 2970
157.411633 2971
158.067782 2971
158.741142 2945
159.403575 2939
160.082063 2926
160.735852 2912
161.398664 2890
162.056003 2893
162.741258 2893
163.373387 2875
164.022234 2874
164.692399 2867
165.330111 2864
165.995722 2863
166.688845 2838
167.41072 2785
168.056676 2788
168.701967 2789
169.329155 2788
169.95797 2787
170.605185 2786
171.263896 2780
171.916797 2759
172.591553 2762
173.24333 2763
173.879491 2739
174.498423 2738
175.126094 2736
175.750666 2733
176.373445 2732
177.020889 2704
177.668975 2649
178.324072 2655
178.941964 2657
179.600685 2649
180.213853 2650
180.815238 2649
181.419346 2647
182.041127 2623
182.658405 2625
183.288697 2627
183.903944 2630
184.511669 2615
185.146135 2612
185.789867 2611
186.447576 2607
187.102171 2593
187.778344 2593
188.416501 2594
189.043943 2595
189.667011 2579
190.282392 2566
190.908384 2560
191.51995 2547
192.156764 2526
192.84751 2531
193.470444 2531
194.063657 2524
194.672715 2523
195.277692 2522
195.871158 2522
196.499997 2519
197.093242 2496
197.727129 2456
198.348915 2461
198.931849 2462
199.511939 2459
200.08728 2457
200.671973 2455
201.258456 2449
201.869311 2431
202.460188 2434
203.06011 2436
203.681936 2438
204.267311 2426
204.859752 2424
205.447119 2421
206.029671 2414
206.618091 2402
207.26547 2387
207.849687 2387
208.457585 2386
209.16305 2384
209.843811 2383
210.49614 2383
211.359091 2380
212.086233 2347
