iter objective
1 1277.13088848155
2 1275.1972910207
3 1273.87349675646
4 1248.91973517049
5 1196.47726243602
6 1165.04820059556
7 1107.57972699426
8 1089.26554809723
9 1076.43948903101
10 1068.46278798965
11 1060.83153917203
12 1036.92966518103
13 1003.19256921103
14 987.822171951127
15 960.60243967061
16 958.44035678685
17 948.624338727468
18 944.198487483842
19 942.62012552875
20 934.261607342074
21 925.944228133178
22 917.319949620474
23 871.421622921938
24 859.099223661188
25 857.149582470797
26 851.678899577596
27 843.661297057676
28 826.753823105022
29 823.804537158467
30 816.507763514447
31 814.128906596816
32 810.856972680134
33 801.269563598539
34 778.885480604683
35 773.795112303523
36 768.680880400573
37 763.715529369103
38 761.567948980925
39 758.848364602412
40 754.056236138656
41 751.403488854214
42 748.301027537346
43 746.464853981627
44 743.57032791476
45 742.907244832572
46 740.395063345361
47 734.702662039501
48 733.298479519686
49 729.200847116799
50 729.065192881694
51 726.728962889706
52 726.323807201717
53 725.867258436688
54 724.866274575771
55 713.63721088882
56 709.96677649133
57 703.113021010797
58 696.074486855035
59 694.356905276094
60 691.508820389667
61 690.814717778608
62 690.495627687074
63 688.213155445171
64 684.735528541363
65 683.205169045998
66 682.320230330398
67 681.238128652473
68 680.441611212221
69 680.11713403494
70 679.510184026901
71 672.709471916456
72 666.324724100479
73 665.555884624997
74 661.480503907502
75 658.360045662241
76 657.228917118811
77 656.79249687945
78 655.858710605027
79 655.229409376128
80 651.659763690865
81 650.712467768502
82 650.69340644921
83 649.798733254616
84 649.631501627193
85 647.543203520928
86 647.129583937914
87 643.112958324914
88 641.350262515927
89 640.283670627364
90 639.303011892183
91 638.996456707559
92 637.932718489038
93 635.985592899203
94 634.018912261038
95 632.933858187502
96 631.718148336445
97 631.021227932375
98 630.802560746692
99 630.596449618219
100 630.328258284583
101 629.996409226276
102 628.059972586868
103 625.136813349579
104 624.292338096936
105 623.177987600512
106 622.796687489819
107 622.639262525363
108 622.09171822206
109 621.704368479278
110 621.629421843186
111 621.126043420997
112 619.807849660342
113 617.418746370738
114 616.582618736312
115 615.378618429341
116 615.110182864487
117 614.704797357947
118 614.620610206279
119 614.153058752362
120 613.526398314846
121 612.046899122854
122 611.563856984669
123 611.11027427986
124 610.555824475058
125 610.420993949447
126 610.26837174539
127 610.18119821042
