iter objective
1 1382.85521793674
2 1361.03749464875
3 1353.23526039899
4 1341.42696151941
5 1330.44321833088
6 1319.76886932425
7 1300.64922960474
8 1288.71249735344
9 1278.06748333664
10 1252.73902936886
11 1240.90955568057
12 1231.30440512223
13 1206.14753711666
14 1189.9850083744
15 1173.15520423404
16 1166.4277429347
17 1151.90218716422
18 1145.95564371366
19 1130.04096593516
20 1117.68185711322
21 1106.22823493253
22 1095.98607343214
23 1085.86421769102
24 1078.93425616985
25 1072.41245361002
26 1066.5538756979
27 1061.07956746249
28 1047.60344876781
29 1039.98211172199
30 1028.72463584801
31 1019.70908300241
32 1010.1648566282
33 1003.73478530165
34 996.376680970569
35 976.189012610095
36 973.693992313343
37 968.619694801725
38 965.880220521784
39 963.317352249018
40 958.854198417353
41 952.443057149403
42 947.360913221172
43 944.232890589716
44 941.680676640968
45 939.033349383589
46 936.273351440074
47 933.691660586368
48 931.605189213296
49 929.234394676092
50 926.738627165369
51 921.395306374437
52 917.812620589935
53 914.451358697082
54 912.046353206299
55 909.154448154564
56 906.534286384241
57 902.226322390946
58 898.737470022058
59 895.571551408996
60 892.87476610547
61 890.281652995996
62 887.824848463043
63 885.45189626677
64 882.605300875337
65 879.081986478453
66 875.713589496849
67 871.490290312437
68 866.401653547277
69 863.633755639486
70 860.863123953521
71 858.387848332967
72 856.937643588895
73 854.353509578193
74 850.291418123425
75 847.22369145123
76 843.825937537567
77 841.558090875789
78 837.683616736179
79 834.812346351642
80 833.126957938148
81 830.632721422841
82 828.900590713165
83 826.413434911905
84 823.764087049486
85 821.309427878228
86 818.68208703253
87 817.243484193157
88 815.003828638825
89 813.688851443225
90 812.290710599465
91 810.431522209584
92 807.084826735327
93 804.700609082699
94 802.344414917538
95 800.809827090638
96 799.666838009652
97 797.926957879698
98 796.479207108336
99 794.690875676998
100 792.737222422016
101 790.851451033353
102 788.9558217454
103 786.840426055522
104 785.064383194608
105 783.041537838759
106 781.369614795536
107 779.476963212275
108 778.683373662634
109 775.796212702289
110 774.332476715109
111 772.299492985428
112 770.060327073626
113 768.078958921893
114 766.536325382185
115 764.707169273839
116 763.318023811516
117 761.38206472455
118 759.397796060311
119 757.554792404553
120 755.820704639771
121 754.067389924643
122 752.273970146102
123 749.691333922842
124 747.188399632543
125 744.234804961447
126 743.292816748603
127 741.109037944806
128 739.846632852067
129 738.498628400694
130 736.662684455569
131 734.876517441496
132 733.033147292563
133 731.040632136775
134 729.640090878619
135 728.438439092611
136 728.094059662515
137 726.574017829385
138 726.146705374219
139 724.650225014787
140 722.581055930533
141 720.884433054285
142 718.788822430646
143 718.252498624924
144 717.239695282497
145 716.023669570684
146 713.955857732261
147 711.931598677977
148 711.679292511668
149 711.229002453509
150 709.752850505405
151 709.234480185113
152 708.615380605847
153 706.877436784431
154 704.948238494978
155 703.634052700386
156 703.105221662911
157 701.965867729448
158 701.359850291496
159 700.399487255091
160 699.258034450958
161 698.261037068
162 697.632632818071
163 696.56589049547
164 695.981120170704
165 695.089563209424
166 694.747061325419
167 693.448189459142
168 692.509427921021
169 691.549277590361
170 691.211839886039
171 690.597431384796
172 690.188009756413
173 689.50235494283
174 689.077578942137
175 688.104521383347
176 687.160947776549
177 687.038720644749
178 685.680211963367
179 685.241061987022
180 684.708950287307
181 684.158722443551
182 683.420463996602
183 682.529596928999
184 682.329112884986
185 681.130999056354
186 680.49382497412
187 679.947732592846
188 679.490077035133
189 678.516358011254
190 677.722417678646
191 677.132179694786
192 676.790709410232
193 675.887568023094
194 675.271311719239
195 674.187675586704
196 673.855240568114
197 673.055966051091
198 672.646210335576
199 671.796809486102
200 670.748260957856
201 669.878041811578
202 669.426741129954
203 669.009591997816
204 668.577139544897
205 668.124308006963
206 667.580383469106
207 666.820574163129
208 666.489894426728
209 665.698872206849
210 665.48437279989
211 664.772959489597
212 664.347525139633
213 663.518885003042
214 662.915305169146
215 662.450349428641
216 661.804972970696
217 661.393346834497
218 660.488920857415
219 659.776011934002
220 658.577957237469
221 657.919962013245
222 657.725812164828
223 657.032844849089
224 656.66172572821
225 656.159374629266
226 655.707235071028
227 654.80842767774
228 654.029029540007
229 653.687935593537
230 652.664822712416
231 652.355378822349
232 651.875912752489
233 651.265836822686
234 651.043730487546
235 650.369046935299
236 650.106342965917
237 649.605906594927
238 649.442900379253
239 648.888689603715
240 648.537593785989
241 648.027231565148
242 647.871697574415
243 647.416647596188
244 647.090299830111
245 646.553411680924
246 646.083295993401
247 645.545346344802
248 645.086685421488
249 644.530679934757
250 644.016453986911
251 643.489460380056
252 643.091614170568
253 642.471874909167
254 642.103881385196
255 641.774274173724
256 641.258235286509
257 640.587664378969
258 640.391393732396
259 639.698762423224
260 639.518923260335
261 639.131003664262
262 638.869003431332
263 638.645044421573
264 638.301492609839
265 637.772530227855
266 637.099894570183
267 636.638627169306
268 636.165859498158
269 635.684092935072
270 635.391106918549
271 634.904518047325
272 634.496081257548
273 634.010039172315
274 633.796480624188
275 633.172648820622
276 632.919083702368
277 632.623796392586
278 632.222108422604
279 631.655758788007
280 631.13377200937
281 630.790269035355
282 630.531297592861
283 630.274462312188
284 630.053983448073
285 629.86944097746
286 629.482347907309
287 628.993398799034
288 628.747566775297
289 628.379947139543
290 628.047184595194
291 627.796508508674
292 627.539349714001
293 627.167926510534
294 626.760363985099
295 626.695397009184
296 626.054278199383
297 625.947704257693
298 625.616965370373
299 625.458288597661
300 625.06513542081
301 624.745135678526
302 624.270115320039
303 623.994665537525
304 623.630764469289
305 623.45960780972
306 623.016529102407
307 622.89908561877
308 622.623533326639
309 622.40691069671
310 621.7656201346
311 621.401014418844
312 620.822601374719
313 620.518342499894
314 620.030352749577
315 619.644044345218
316 619.216487942098
317 618.906298895501
318 618.771492040191
319 618.219656379075
320 618.002517250198
321 617.825181028103
322 617.34017855926
323 617.194849545806
324 616.923403681741
325 616.493925561446
326 616.338618683347
327 616.095580536785
328 615.783537036593
329 615.449663192911
330 615.164186570889
331 614.909130587228
332 614.584562052004
333 614.331579531036
334 613.997944647431
335 613.520024901192
336 612.281163391401
337 612.0491559777
338 611.522085057927
339 611.317909381757
340 611.131975607145
341 610.932288941241
342 610.640847966913
343 610.341630873724
344 610.107538989449
