iter objective
1 1184.05286317086
2 730.973324107426
3 561.027898928203
4 434.729430988035
5 371.073178307146
6 329.149357312623
7 293.968378469799
8 277.791366832256
9 267.178414490962
10 258.913047896456
11 253.946679594908
12 250.731679784933
13 248.183293654606
14 246.444266973591
15 245.012273579015
16 241.5611986423
17 237.95160606868
18 235.965187531206
19 234.539602735743
20 233.37618249841
21 232.529531273282
22 231.838188775555
23 231.356235451985
24 230.88606299705
25 230.56555039772
26 230.250780906051
27 229.986385517974
28 229.771490691029
29 229.58128815518
30 229.414322588452
31 229.267431460369
32 229.139596108852
33 229.035495812563
34 228.933476162716
35 228.836320278181
36 228.751860801358
37 228.677998106511
38 228.613036459078
39 228.558049320671
40 228.514009898042
41 228.469983370806
42 228.436288875777
43 228.405717231042
44 228.375775426005
45 228.349766224488
46 228.322467306871
47 228.302514813724
48 227.784717641902
49 227.421780847906
50 227.171785437691
51 226.984991606525
52 226.834622052593
53 226.72479890006
54 226.614042713417
55 226.529656744546
56 226.444580879514
57 226.382895963757
58 226.315728309032
59 226.256325532901
60 226.204619508811
61 226.154415290044
62 226.112226807138
63 226.070342414197
64 226.034429835776
65 226.001991515467
66 225.97203140291
67 225.942180368514
68 225.917210118617
69 225.89111844932
70 225.867187887786
71 225.8421736541
72 225.822451436945
73 225.76114175067
74 225.723540312441
75 225.697100905544
76 225.674874807488
77 225.656376286421
