iter objective
1 1169.22879001913
2 718.802549173146
3 562.244644460084
4 445.619350952027
5 388.618878695071
6 347.481349642567
7 314.907769780605
8 297.510820200719
9 285.305359439761
10 277.723904748346
11 272.877755150282
12 269.705680211966
13 267.70050206563
14 266.121577129119
15 264.965257949218
16 261.004135380799
17 256.572712503112
18 254.26846029382
19 252.506097761582
20 251.345785621903
21 250.458137600093
22 249.812946161711
23 249.208051021523
24 248.76244035724
25 248.335279035179
26 248.000543634864
27 247.700643076281
28 247.433445903145
29 247.217885714753
30 247.020560663308
31 246.850365061881
32 246.701038096342
33 246.576327308854
34 246.459163361704
35 246.363379535313
36 246.269202856967
37 246.192448080152
38 246.12051889719
39 246.046517959828
40 245.978917889551
41 245.923070592126
42 245.872682345449
43 245.825243817763
44 245.780594242861
45 245.742588983215
46 245.702566950425
47 245.668537803143
48 245.638740466925
49 245.611737690485
50 245.586633759007
51 245.564079195408
52 245.543637457607
53 245.525684127285
54 245.012397136961
55 244.590810949704
56 244.383131328833
57 244.225882992308
58 244.127179219672
59 244.049231575406
60 243.974577080978
61 243.914106550232
62 243.862593517202
63 243.814446188254
64 243.775759734172
65 243.740363914893
66 243.705447608648
67 243.676481322268
68 243.649610596535
69 243.625365270963
70 243.604103070375
71 243.583754204149
72 243.566227375101
73 243.54838394854
74 243.533952925484
75 243.486232282496
76 243.452569768687
77 243.425492402764
78 243.402601673241
79 243.384037950652
80 243.365896892402
81 243.349466096229
82 243.335454211843
