iter objective
1 3363.58663382689
2 2037.44498606792
3 1583.39163555786
4 1207.8567530276
5 1128.6620248008
6 913.015029911334
7 890.699366150985
8 825.046695820939
9 811.064514855317
10 767.063969154522
11 752.230033996058
12 719.143535035671
13 700.699501198745
14 675.533996849759
15 653.668557363466
16 626.548110460023
17 600.844485226482
18 571.313155686406
19 546.196954881614
20 518.358346962047
21 493.688936573342
22 467.564762030851
23 443.162250138663
24 422.329868099686
25 408.492205119383
26 397.212547458851
27 389.202936655843
28 381.961469992427
29 373.309547808664
30 368.739143333898
31 360.976093264083
32 354.566789927175
33 350.695182222769
34 346.856716466871
35 341.561629034194
36 339.137683544974
37 336.750672921032
38 334.14319560491
39 331.380085537729
40 328.683574221325
41 327.257109517771
42 324.064552441854
43 323.163386836296
44 320.663807681213
45 319.093916553852
46 317.827478782089
47 316.223224806859
48 314.191946614734
49 312.604669107711
50 311.174016632679
51 309.903484825133
52 308.597262688686
53 307.265470254593
54 306.278892024279
55 305.125004414267
56 304.094645368296
57 303.144109573896
58 302.546885264655
59 301.219530414122
60 300.513478606477
61 299.504764973108
62 298.939414067555
63 298.061887728086
64 297.538831470166
65 296.679270411332
66 296.142344632361
67 295.420213345372
68 295.077047006453
69 294.542303420969
70 293.994219680428
71 292.490982536272
72 292.052824603645
73 291.486702635346
74 291.034804860387
75 290.505987749739
76 290.296879081159
77 289.427521978756
78 289.202696272523
79 288.382976721965
80 288.015592231059
81 287.594725166329
82 287.401720874467
83 286.768252417343
84 286.4481779356
85 285.96702640977
86 285.606007841775
87 285.144059032267
88 284.819717407165
89 284.282121511156
90 283.977866441092
91 283.571422798752
92 283.320830460688
93 282.710309863062
94 282.027339525593
95 281.862162618687
96 279.903019183513
97 279.287864513601
98 278.441083529292
99 277.840182971655
100 277.113774225017
101 276.57126408097
102 276.048218931963
103 275.496193530318
104 275.187200758421
105 274.593322756569
106 274.181479506166
107 273.682027612446
108 273.333393558696
109 272.841407379833
110 272.52297839363
111 272.035670162669
112 271.784111184028
113 271.313762585152
114 271.014164710938
115 270.618228550455
116 270.290427581151
117 269.943335862607
118 269.685601198346
119 269.262807608155
120 269.005012220177
121 268.580535536017
122 268.360042289342
123 268.032295573121
124 267.777342767349
125 267.462046793219
126 267.378232061547
127 266.980928643463
128 266.748211387008
129 266.476819922195
130 266.186663199361
131 265.847234795271
132 265.796651055246
