3363.13097731617 1
2035.48749058207 2
1580.21593978253 3
1203.83270369169 4
1130.86571494484 5
907.109359430206 6
882.924256290429 7
817.943814566281 8
804.164782453664 9
758.863994179455 10
743.847663624182 11
709.946849432513 12
691.225472005923 13
665.817090699306 14
643.76803271882 15
616.348180099922 16
591.29487587692 17
561.651256477924 18
536.646670841095 19
508.671098988047 20
484.244642126182 21
458.001307534192 22
435.225595843779 23
414.910150347443 24
398.975780940727 25
385.930721692331 26
375.613354565997 27
365.434979744191 28
353.882757920228 29
353.268963402072 30
340.822536258036 31
336.389953082177 32
331.860878695704 33
325.32219866338 34
322.022437261951 35
319.289447811714 36
319.219883613405 37
314.583647399957 38
312.621590574544 39
303.313339303109 40
300.369259752708 41
297.936731254483 42
297.059512255176 43
295.088237336012 44
294.066026173296 45
293.950112238754 46
291.678952548177 47
290.546528388948 48
289.177770217816 49
287.765311358219 50
287.472554519614 51
285.389444120907 52
284.89310241169 53
283.229513154773 54
282.399890512979 55
281.325577379966 56
279.980752623139 57
278.772675479804 58
278.014783463181 59
276.944288681308 60
276.358639709698 61
275.382830602571 62
274.875097565131 63
274.136025767207 64
273.59263413329 65
272.891545040643 66
272.373075158962 67
271.735468216441 68
271.275426345593 69
270.638212382528 70
270.216148480363 71
269.630265929118 72
269.161155193756 73
268.716117900457 74
268.309362700994 75
267.782680896288 76
267.420226515175 77
266.939582076466 78
266.485552729108 79
266.010848337694 80
265.712449620646 81
265.213974844436 82
264.853720761823 83
264.3507368994 84
264.013915940721 85
263.564636443086 86
263.236543846819 87
262.796900030931 88
262.537036667281 89
262.077747169127 90
261.781160155897 91
261.367677442827 92
261.107274484268 93
260.718359351936 94
260.391162177951 95
260.007673161575 96
259.779553972316 97
259.2921245483 98
259.078622754786 99
258.555584175484 100
258.28505374418 101
257.821547709728 102
257.659372997705 103
257.147046007758 104
256.794899514779 105
256.428577210115 106
256.167477626126 107
255.759422873831 108
255.419214806515 109
255.082476008087 110
254.855377884935 111
254.468948057492 112
254.253552028601 113
254.203850924139 114
253.691470194073 115
253.42238843771 116
253.132686956415 117
253.017161862781 118
252.349117149906 119
251.647266528052 120
251.199627183783 121
250.88704478651 122
250.418842591405 123
250.02260115926 124
249.722550031784 125
249.42305347689 126
249.167316526271 127
248.970268440211 128
248.690986953874 129
248.523082058671 130
248.21022635898 131
248.055202498504 132
247.505858154075 133
247.290137383439 134
246.996749540848 135
246.816026487786 136
246.55242595266 137
246.416876151908 138
246.133922423844 139
245.979432838458 140
245.798348585435 141
245.590199945544 142
