iter objective
1 3487.88787423656
2 1598.42328933371
3 1450.76619458635
4 1258.2276899302
5 997.935351776501
6 855.362693779867
7 685.68639543506
8 531.494251659098
9 531.048060807742
10 437.027875938218
11 423.474237555518
12 374.133475230094
13 347.182634121805
14 333.428354491399
15 315.162197788977
16 309.141617494263
17 294.772599301932
18 287.05510768457
19 278.04771254415
20 274.492339445802
21 272.571180536499
22 270.428455964768
23 266.13086670576
24 256.082636754466
25 254.934519705601
26 251.767476554553
27 250.077518973636
28 248.174618439593
29 246.820761043823
30 245.576296778055
31 244.55271998285
32 243.780982109978
