iter objective
1 3490.5205237415
2 1618.72945765616
3 1545.52328373441
4 1488.95191682788
5 1444.9361341149
6 1407.94875431574
7 1376.87344087754
8 1346.70913152832
9 1318.55258380262
10 1288.48342397411
11 1259.32039086269
12 1228.91762423815
13 1200.474068038
14 1173.09691697648
15 1148.71906230305
16 1126.777404525
17 1107.69446269378
18 1090.86801383767
19 1076.02835433635
20 1066.29177985172
21 1046.81488261746
22 1031.85481386589
23 1029.10660676226
24 1007.30948166502
25 993.284250618444
26 988.672576049066
27 970.414693441743
28 959.21376204812
29 949.946517250268
30 937.927300067354
31 930.272160872761
32 918.152716315215
33 910.790422713568
34 899.693077100151
35 891.811476073052
36 882.544821373837
37 878.459215374727
38 858.752579629116
39 854.313975461098
40 843.41749250101
41 841.740906546836
42 822.898573920092
43 817.54835948776
44 815.985641251784
45 802.979800205819
46 800.933943657028
47 785.483424615716
48 783.968388770796
49 769.234314174563
50 765.266153290535
51 754.175106875354
52 753.636350193912
53 730.085451255061
54 726.315277809677
55 725.281045470491
56 713.019482102637
57 704.049116144676
58 703.048168009813
59 702.899978571829
60 685.379696349535
61 675.311002342159
62 673.514377032879
63 671.459576238125
64 668.919930699287
65 666.106755258162
66 662.645925690102
67 658.965188581679
68 654.661219674929
69 650.269120149967
70 645.444935234482
71 640.706416965897
72 635.815246976868
73 631.148185874732
74 626.559693583901
75 622.282426313261
76 618.216520035441
77 614.46124489188
78 610.956743782556
79 607.714504118043
80 604.69512815771
81 601.874203623798
82 599.22259018592
83 596.709028387376
84 595.868019363493
85 592.313107415955
86 589.230320400282
87 586.519051272287
88 584.058970610029
89 583.641608023912
90 579.929924154591
91 576.952508578376
92 574.418224916277
93 572.177536455242
94 570.793775185359
95 567.706245404996
96 565.219803776271
97 563.086145171773
98 561.489313973906
99 558.655803782346
100 556.411280616289
101 555.525778721749
102 552.327190581743
103 550.006658147003
104 549.510162662716
105 546.160520604686
106 543.830026036341
107 543.362522087432
108 540.048205877527
109 537.846908058249
110 537.032379227368
111 534.080571057676
112 532.083962693099
113 530.776585511782
114 528.297783149207
115 527.987667978527
116 524.754069230232
117 522.804795712282
118 521.514354609098
119 519.209710034701
120 518.518863282084
121 515.757322986621
122 515.722714342515
123 512.431037883297
124 510.619345561399
125 509.204614074214
126 507.259614178087
127 506.002923209008
128 503.978402159096
129 502.812141289109
130 500.768054871498
131 499.626965770936
132 497.625678077125
133 496.451432802675
134 494.549550921978
135 493.300588102056
136 491.54229558409
137 490.193650655743
138 488.608050983715
139 488.340505551741
140 484.544533080233
141 483.036122567591
142 482.74476101859
143 479.124525019038
144 478.977616851671
145 476.308063362372
146 475.568823858637
147 473.632775202171
148 472.508729151608
149 472.505074506873
150 469.748301958249
151 468.95885217846
152 467.214121664192
153 466.03326624589
154 465.564759246761
155 463.494993849281
156 462.455831092104
157 462.248239744896
158 459.891925794826
159 458.938598369346
160 458.856422325799
161 456.40245843387
162 455.49718373669
163 455.397028977757
164 453.001230062926
165 452.070038489929
166 451.795913572913
167 449.701716345106
168 448.722822970056
169 448.204761846458
170 446.503132779556
171 445.905768648658
172 443.541389795436
173 442.61673389486
174 442.104865340855
175 440.512846006586
176 439.683608872366
177 437.71588258362
178 437.310358584767
179 434.999576194059
180 434.928758552188
181 432.358993769202
182 431.507011232242
183 430.910976719711
184 430.807478045892
185 428.711994804627
186 428.194626939999
187 426.238062124233
188 425.49219294601
189 423.822415463739
190 422.786565866494
191 421.47427953699
192 420.397068626385
193 417.551761168436
194 417.197483348335
195 415.343400339257
196 414.343166116137
197 414.151790950295
198 412.413365539776
199 412.263526812713
200 408.929296820578
201 408.444775670726
202 406.943365570039
203 405.5510689695
204 403.65732843982
205 402.615482791833
206 400.509595568732
207 399.501011227574
208 397.492562949699
209 396.17697699244
210 394.597814279087
211 392.525702339616
212 389.494877344768
213 388.345956387905
214 388.188675077215
215 387.990667238554
216 385.800792968034
217 385.059689147632
218 377.404343043758
219 376.812143595675
220 376.7380610854
221 376.372992892773
222 376.269339660571
223 375.928117900291
224 375.795530418724
225 375.458453563444
226 375.279588664529
227 374.930124988759
228 374.69507961098
229 374.318610828014
230 374.023950894465
231 373.606121795947
232 373.241282651835
233 372.772875318161
234 372.33566189616
235 371.810867920986
236 371.302664866519
237 370.723988637026
238 370.155447552909
239 369.533014595381
240 368.920659271416
241 368.267029849896
242 367.631236746974
243 366.964107189903
244 366.320978772198
245 365.658430128202
246 365.025153693591
247 364.385825621693
248 363.783004107192
249 363.178700830891
250 362.616339510974
251 362.056447925376
252 361.538828329291
253 361.02742781555
254 360.554723826034
255 360.093052986706
256 359.66417034639
257 359.247445258616
258 358.856948228271
259 358.479821314768
260 358.323314903733
261 357.833111400943
262 357.390575986732
263 356.984983927171
264 356.607625839758
265 356.564992005736
266 356.041494833733
267 355.584700785195
268 355.176958185124
269 354.79986367736
270 354.450316099774
271 354.195285136972
272 353.750593963444
273 353.362835941765
274 353.011011144419
275 352.814275737437
276 352.354215317924
277 351.961407954733
278 351.611232666519
279 351.44885442771
280 350.980702458658
281 350.589821793079
282 350.245697143343
283 350.073314102191
284 349.615325875455
285 349.238386923317
286 348.908871437049
287 348.672148068721
288 348.252374358159
289 347.906547627585
290 347.791799403787
291 347.315459794083
292 346.94186094898
293 346.624049395748
294 346.366773546378
295 345.97328423933
296 345.654813780445
297 345.422530466367
298 345.023481349714
299 344.706908988339
300 344.484016032149
301 344.086710254417
302 343.775432001803
303 343.54235848822
304 343.160002993287
305 343.141410781016
306 342.632845045872
307 342.268916357046
308 341.975331944003
309 341.701694585512
310 341.359355724916
311 341.19168926514
312 340.784044204696
313 340.483448291736
314 340.261583931841
315 339.89857139205
316 339.798928222328
317 339.355577878067
318 339.045356945427
319 338.859057484025
320 338.48513150298
321 338.414839306514
322 337.959943060735
323 337.653912778314
324 337.472312963003
325 337.106082776272
326 337.008021469079
327 336.580926375786
328 336.296023789056
329 336.068838167222
330 335.749709712643
331 335.551481174531
332 335.210190360561
333 335.042749460882
334 334.681110046923
335 334.552882249356
336 334.164180372188
337 334.086846443595
338 333.661517839444
339 333.650451338584
340 333.175577321891
341 332.8893951708
342 332.695275937623
343 332.380696196105
344 332.181138005913
345 331.871735134397
346 331.656993912556
347 331.365466861377
348 331.128936910605
349 330.862954336578
350 330.743308925894
351 330.223262310413
352 329.93077658898
353 329.741987505515
354 329.452904824396
355 329.2357550999
356 328.97402836733
357 328.845804965256
358 328.350518877168
359 328.08206783967
360 327.871985539561
361 327.621424383406
362 327.48450122477
363 327.010227406838
364 326.969412848174
365 326.551034348496
366 326.454727864035
367 326.095884091091
368 325.940874610224
369 325.645880324829
370 325.43571637559
371 325.393252730395
372 324.995997065376
373 324.860186996397
374 324.558937388348
375 324.354153474523
376 324.288113246642
377 323.922540610499
378 323.763799446229
379 323.497925566207
380 323.360114162142
381 322.932040098781
382 322.804872325769
383 322.503037389259
384 322.303994998556
385 322.228316254574
386 321.888856380411
387 321.710347634852
388 321.664915000197
389 321.294864336448
390 321.13473495175
391 320.897707935591
392 320.645634068573
393 320.340768816527
394 320.280604102435
395 319.828319362035
396 319.704009194212
397 319.42252915193
398 319.30057140613
399 318.907321051794
400 318.751484318215
401 318.52005523627
402 318.482928615122
403 317.753343332029
404 317.483337837133
405 317.3193143795
406 317.240939674435
407 316.945528094696
408 316.857300153614
409 316.467828773992
410 316.308960243288
411 316.258200341605
412 315.932710100629
413 315.907966722784
414 315.480657544585
415 315.33090192753
416 315.291774016846
417 314.956906834315
418 314.933985737571
419 314.518251778693
420 314.365742019126
421 314.300305756799
422 314.007955073604
423 313.879982097844
424 313.565455146462
425 313.432159767095
426 313.117705718918
427 312.977586889553
428 312.673512786769
429 312.512271097938
430 312.232224322237
431 312.03113726156
432 311.79279681034
433 311.547956829742
434 311.103213654524
435 310.956550425545
436 310.887556577115
437 310.625226172989
438 310.43563888832
439 310.423805650148
440 310.077400601191
441 309.99974824707
442 309.688766039956
443 309.51538672088
444 309.283445121612
445 309.248575243894
446 308.228025538373
447 308.195793160122
448 307.825734617158
449 307.719176855534
450 307.438089989829
451 307.269107890742
452 306.842849984064
453 306.771821700827
454 306.465119859608
455 306.3549519599
456 305.89674305453
457 305.842582222445
458 305.527106277485
459 305.405677671287
460 304.971006047703
461 304.873151306415
462 304.60822306455
463 304.42543732821
464 303.672756904437
465 303.553397973461
466 303.516778725375
467 303.23783081946
468 303.205927061446
469 302.755221019658
470 302.64624014904
471 302.636930332818
472 302.304970037184
473 302.167499456736
474 302.091376024799
475 302.020941348454
476 302.001646626971
477 301.687520789711
478 301.543316823063
479 301.456297530636
480 301.374073407985
481 301.318180381465
482 301.289624066478
483 300.978339931081
484 300.933516493516
485 300.530164610586
486 300.387494321441
487 300.048526185412
488 299.830946874376
489 299.238681329811
490 299.149307136137
491 299.141290497481
492 299.120988053792
493 298.723936946715
494 298.653959890236
495 298.30002600637
496 297.962168551495
497 297.515660315802
498 297.494369817721
499 296.792133001232
500 296.713883286351
501 296.697903888652
502 296.64799168348
503 296.297085776038
504 296.224446786904
505 295.632032447423
506 295.554386492944
507 295.203235027642
508 294.595240431001
509 290.791445238096
510 290.681597411242
511 290.299015172977
512 288.849515061548
513 283.665300292041
514 283.422351875227
515 283.280559409309
516 283.163750214325
517 283.046981022547
518 282.938650361953
519 282.831479882459
520 282.738464281482
521 282.655675732015
522 282.610272122139
523 282.515828493597
524 282.499668133551
525 282.398621254808
526 282.320612338829
527 282.278710295193
528 282.195612817807
529 282.15469439536
530 282.070565236462
531 282.027466796507
532 281.945047485502
533 281.896987918631
534 281.818273912054
535 281.762988643826
536 281.690058351666
537 281.685723940196
538 281.578127699308
539 281.480335577498
540 281.409425525434
541 281.402861860821
542 281.294758399754
543 281.199909674389
544 281.13134483547
545 281.098637104697
546 280.994514361874
547 280.912460415087
548 280.880992548818
549 280.796166023731
550 280.750931440902
551 280.67349442994
552 280.614999192221
553 280.609935123382
554 280.510952960733
555 280.505551314382
556 280.404019946026
557 280.333152777138
558 280.282116072324
559 280.214380176812
560 280.16327626247
561 280.066011644509
562 280.049249931965
563 279.953743724536
564 279.936858958302
565 279.842330649494
566 279.822768695683
567 279.730089092123
568 279.704541975045
569 279.615493430471
570 279.579712115981
571 279.497789967131
572 279.447859535259
573 279.378837224958
574 279.332253715446
575 279.235374165758
576 279.213838935855
577 279.122182976841
578 279.091441283879
579 279.006933131929
580 278.961741892629
581 278.890358998098
582 278.86062782042
583 278.758767823507
584 278.750664365571
585 278.651747605507
586 278.640606263971
587 278.544194891501
588 278.525300018606
589 278.433869146264
590 278.40225326643
591 278.320267765547
592 278.271915563356
593 278.206324027745
594 278.144387490742
595 278.057487972987
596 278.012591584448
597 277.942541462388
598 277.902897359654
599 277.806795613261
600 277.779269793201
601 277.693786868671
602 277.650002464919
603 277.581002704492
604 277.537880581978
605 277.444707471122
606 277.411073261803
607 277.332193644663
608 277.281689968571
609 277.269503171763
610 277.181679816161
611 277.144331146944
612 277.072836844524
613 277.03781541155
614 276.94299769872
615 276.910205899417
616 276.831919148603
617 276.781358439668
618 276.762781722132
619 276.680172987261
620 276.635226647495
621 276.634736614267
622 276.539940288176
623 276.513077460005
624 276.433449315553
625 276.383818770562
626 276.360262281191
627 276.283428554202
628 276.234974172534
629 276.214580168588
630 276.136077812292
631 276.088779986777
632 276.067600658884
633 275.989711114788
634 275.942735083212
635 275.924653644776
636 275.845153282792
637 275.799222210043
638 275.779456071154
639 275.701122652832
640 275.655088153542
641 275.637339768475
642 275.558453981963
643 275.512402279212
644 275.489633458464
645 275.415072566148
646 275.367120749918
647 275.339415626099
648 275.270603696734
649 275.238093529293
650 275.149133463663
651 275.107109384917
652 275.045511789504
653 275.03723571772
654 274.907884201572
655 274.807381964309
656 274.745220299107
657 274.686039515919
658 274.613775210754
659 274.572266325886
660 274.488471496948
661 274.442275421473
662 274.423405378632
663 274.347335984727
664 274.301175047202
665 274.272713641293
666 274.207661700838
667 274.160484757733
668 274.08309620982
669 274.063520501402
670 273.968654412554
671 273.931823341185
672 273.865642241248
673 273.810629092096
674 273.73810373004
675 273.696144202486
676 273.614866357932
677 273.613255557491
678 273.510237902272
679 273.483442148154
680 273.405968827448
681 273.399128069431
682 273.299437976256
683 273.267666282474
684 273.19630046324
685 273.160051248172
686 273.077407408614
687 273.031578014783
688 273.006104963781
689 272.940033130759
690 272.899155257569
691 272.82150716418
692 272.801929655984
693 272.70986841341
694 272.670840965368
695 272.612670789034
696 272.559832138467
697 272.444484532206
698 272.430932267298
699 272.340842993868
700 272.302482165731
701 272.30048894728
702 272.213669162667
703 272.176015454013
704 272.160367651323
705 272.085767552763
706 272.079450692017
707 271.983896569292
708 271.947799449933
709 271.887352603898
710 271.855118107407
711 271.734207389602
712 271.728067961263
713 271.632170591558
714 271.598853800323
715 271.536355547307
716 271.526476292941
717 271.39840073447
718 271.321380235229
719 271.294215834789
720 271.23628383125
721 271.185564107096
722 271.123589456045
723 271.094297516369
724 270.975946671144
725 270.961828605086
726 270.872573619412
727 270.833182545977
728 270.817026302507
729 270.746212047789
730 270.722802830789
731 270.642780823091
732 270.629515487395
733 270.540795042634
734 270.501201393555
735 270.483558172979
736 270.417183277859
737 270.381768928126
738 270.311546434307
739 270.262165820716
740 270.200771085265
741 270.13760302573
742 270.038070598371
743 270.000591530725
744 269.994902092169
745 269.914976659413
746 269.876791877009
747 269.848914516229
748 269.834079586248
749 269.765364295927
750 269.738133287331
751 269.664718257071
752 269.627446033034
753 269.559336848987
754 269.508628116608
755 269.452647618229
756 269.364701311491
757 269.28345022933
758 269.259901059474
759 269.181961493449
760 269.154194330033
761 269.080323830347
762 269.042248534962
763 268.977048590836
764 268.950449407932
765 268.837906227312
766 268.810761153354
767 268.743529041325
768 268.696769591867
769 268.64136312899
770 268.619851156937
771 268.455803615985
772 268.342638637911
773 268.281798950873
774 268.252776191368
775 268.143611257921
776 268.11316200443
777 268.053430595064
778 268.000287485937
779 267.907367403619
780 267.870388864097
781 267.850043062226
782 267.846398350113
783 267.76977603132
784 267.765178708587
785 267.683596633793
786 267.665152233307
787 267.590227280395
788 267.55399483864
789 267.494372060698
790 267.423736597635
791 267.345487694369
792 267.311082201687
793 267.250163840377
794 267.185256973464
795 267.104456601429
796 267.074807229355
797 267.010639439289
798 266.962228960924
799 266.872234066056
800 266.86303558191
801 266.782283063531
802 266.755890539366
803 266.690286074393
804 266.648362511465
805 266.555609378677
806 266.552466614453
807 266.467824581809
808 266.449896464829
809 266.378310946338
810 266.374826376384
811 266.262066088571
812 266.232080307618
813 266.177120859633
814 266.131900770917
815 265.986526889474
816 265.982161127051
817 265.884161994635
818 265.851053331292
819 265.83445170737
820 265.831825682084
821 265.757794773135
822 265.743993415394
823 265.677263566372
824 265.643057990061
825 265.551901093204
826 265.539736441286
827 265.465720715039
828 265.426338194617
829 265.416199768008
830 265.353384573383
831 265.320765725919
832 265.307410669441
833 265.247395541006
834 265.210232804174
835 265.194748668179
836 265.191461302181
837 265.119231346191
838 265.101752490762
839 265.040930948937
840 265.039399494397
841 264.882791284435
842 264.800196413111
843 264.781421463382
844 264.777189292151
845 264.709456760693
846 264.680918558399
847 264.675686625168
848 264.607705645758
849 264.585076371943
850 264.58180551486
851 264.509550987196
852 264.492850013415
853 264.434898844946
854 264.389587422418
855 264.254840680426
856 264.232873647771
857 264.16160696095
858 264.148152972862
859 264.051882143432
860 264.045809204614
861 263.97125224041
862 263.965125512777
863 263.864435807848
864 263.831173278039
865 263.810863735846
866 263.794804397515
867 263.791412310094
868 263.723870209754
869 263.698956754836
870 263.687986329212
871 263.628109469806
872 263.59439398817
873 263.576454856768
874 263.563613312058
875 263.508308114349
876 263.47858522793
877 263.399403862586
878 263.363641579871
879 263.350299031823
880 263.34737333291
881 263.277512227169
882 263.256404193297
883 263.253238011824
884 263.185268149438
885 263.164479869641
886 263.15499695171
887 263.094014554441
888 263.062920927819
889 263.045935365454
890 263.033392962639
891 262.979031782123
892 262.945881935338
893 262.873225577977
894 262.838356511727
895 262.762763224784
896 262.735395591473
897 262.654829254381
898 262.649635563843
899 262.554069262276
900 262.539727835158
901 262.477038346222
902 262.422595706511
903 262.305803180073
904 262.274144245812
905 262.26157622023
906 262.258300265918
907 262.191368591713
908 262.166451227281
909 262.153229241287
910 262.146906415489
911 262.083934157452
912 262.05461372749
913 262.036862778515
914 262.021852137225
915 262.016782403608
916 261.954505340825
917 261.925435506244
918 261.904674300102
919 261.888548993904
920 261.874928898908
921 261.872199424606
922 261.80634839271
923 261.781790129791
924 261.763766002817
925 261.752602488971
926 261.749331042015
927 261.682636483789
928 261.659876650315
929 261.645877615286
930 261.637011027535
931 261.5789806975
932 261.561936681766
933 261.485873689648
934 261.449025013516
935 261.382519352179
936 261.304793300919
937 261.210313457573
938 261.185392719313
939 261.178259883805
940 261.117683773283
941 261.092003608657
942 261.071910429972
943 261.055048962313
944 261.039171052753
945 261.028659784674
946 261.024871193014
947 260.960367139082
948 260.935940087784
949 260.918522428792
950 260.903077598442
951 260.893175834732
952 260.890027247147
953 260.824611854594
954 260.801275863506
955 260.784307149621
956 260.769509404725
957 260.760513203937
958 260.758770260217
959 260.691369881038
960 260.670478909216
961 260.654938200941
962 260.642169184928
963 260.638041041763
964 260.576534011526
965 260.549837366518
966 260.528854467577
967 260.510102582074
968 260.490528131983
969 260.472254979486
970 260.453519619474
971 260.436476802823
972 260.419487849884
973 260.405461477053
974 260.393309354928
975 260.389246942877
976 260.327716278822
977 260.30148031535
978 260.280667755174
979 260.262057423087
980 260.242629026319
981 260.224369451207
982 260.205489147461
983 260.18797488348
984 260.170047753656
985 260.153838332594
986 260.1377243648
987 260.124609121826
988 260.113476675564
989 260.110531956247
990 260.048046504423
991 260.023813221084
992 260.003672593853
993 259.985682357125
994 259.966841054901
995 259.949052587888
996 259.930400151338
997 259.912811015325
998 259.894356523614
999 259.877087048168
1000 259.859035818899
1001 259.842285110071
1002 259.824895368681
1003 259.809187553909
1004 259.793195992647
1005 259.779802804474
1006 259.767178169469
1007 259.760383417208
1008 259.759964240325
1009 259.692131174818
1010 259.674158258494
1011 259.658278386776
1012 259.643360488156
1013 259.631568702351
1014 259.621613526732
1015 259.620248822407
1016 259.556319560116
1017 259.534554848921
1018 259.514867610549
1019 259.497275479028
1020 259.478488741238
1021 259.46049556387
1022 259.441457828085
1023 259.423015560274
1024 259.403646737516
1025 259.384799380908
1026 259.365269316627
1027 259.346131925382
1028 259.326797046378
1029 259.32577420601
1030 259.313546019172
1031 259.307913414088
1032 259.249993275982
1033 259.23090416319
1034 259.230879740345
1035 259.159666621641
1036 259.148525506876
1037 259.135323923944
1038 259.12315939586
1039 259.116454546555
1040 259.114424965441
1041 259.049388675612
1042 259.028805286935
1043 259.010636485758
1044 258.992678104501
1045 258.975064157284
1046 258.956419117045
1047 258.93835451477
1048 258.919380067374
1049 258.900975050197
1050 258.882078594935
1051 258.86361328333
1052 258.862493771689
1053 258.851482230704
1054 258.842658524579
1055 258.789992320409
1056 258.757194556001
1057 258.744835638127
1058 258.735145818197
1059 258.73381132662
1060 258.670741432276
1061 258.649688526881
1062 258.630263078517
1063 258.612522930122
1064 258.593892779647
1065 258.575775218359
1066 258.557580958575
1067 258.555344603125
1068 258.540293881103
1069 258.528852451658
1070 258.518921689583
1071 258.514685711684
1072 258.456054067349
1073 258.448040366962
1074 258.387744164994
1075 258.057086535014
1076 257.047013821801
1077 256.101913685173
1078 255.621360679889
1079 255.274297770364
1080 255.09903235563
1081 255.070577641633
1082 254.983386526425
1083 254.330756218571
1084 253.886106100822
1085 253.773449009926
1086 253.505737542085
1087 253.39865520532
1088 253.243396463417
1089 253.208523588685
1090 252.981393757553
1091 252.944336885052
1092 252.834851873127
1093 252.788755733613
1094 252.697032553259
1095 252.570182672739
1096 252.46684282597
1097 252.456915218207
1098 252.33716480845
1099 252.321977902232
1100 252.307692145072
1101 252.296723901875
1102 252.284942838454
1103 252.273153702433
1104 252.259681409547
1105 252.246075743682
1106 252.231518353013
1107 252.218055949189
1108 252.205384798035
1109 252.19489074119
1110 252.188544962049
1111 252.175957047761
1112 252.165815260814
1113 252.159014419913
1114 252.146085302654
1115 252.144476384313
1116 252.1289672381
1117 252.117977212876
1118 252.116383685278
1119 252.102239684342
1120 252.090634541245
1121 252.080850968989
1122 252.072469837567
1123 252.061301816933
1124 252.056285603193
1125 252.043453806425
1126 252.033322376598
1127 252.027633301263
1128 252.014577913152
1129 252.013509819118
1130 251.998079806913
1131 251.987331133978
1132 251.984926680739
1133 251.971221839869
1134 251.960400381287
1135 251.958217887619
1136 251.94354612553
1137 251.933281154385
1138 251.928507570614
1139 251.915856106819
1140 251.906117302981
1141 251.899166994803
1142 251.887273298225
1143 251.882291693621
1144 251.869034442249
1145 251.868154702148
1146 251.852804141782
1147 251.84226834298
1148 251.839037759874
1149 251.825819399952
1150 251.815628936118
1151 251.810735255003
1152 251.797668113163
1153 251.796541773656
1154 251.781376384499
1155 251.771016247037
1156 251.767091655384
1157 251.754243460362
1158 251.744437361014
1159 251.738156299024
1160 251.726086527559
1161 251.721621681715
1162 251.708250803142
1163 251.707521914335
1164 251.692183998199
1165 251.681838550815
1166 251.677971327132
1167 251.665212743237
1168 251.655528937921
1169 251.649111816853
1170 251.637319364621
1171 251.632205812534
1172 251.619399086814
1173 251.616802160862
1174 251.602528351157
1175 251.592948645236
1176 251.586211645383
1177 251.575169933831
1178 251.570307163217
1179 251.558028765747
1180 251.557221552803
1181 251.54304006012
1182 251.532366578556
1183 251.530544970252
1184 251.516202387521
1185 251.506489188337
1186 251.500462204274
1187 251.489076087936
1188 251.485251175742
1189 251.472497671349
1190 251.463116895494
1191 251.456198042038
1192 251.44512334466
1193 251.438605740505
1194 251.4271035257
1195 251.42124296661
1196 251.409266140903
1197 251.404477159937
1198 251.391764934929
1199 251.388950574354
1200 251.375045822731
1201 251.365899902545
1202 251.358361611792
1203 251.348288356659
1204 251.341139579317
1205 251.330692891903
1206 251.324278789261
1207 251.313318524351
1208 251.308100646607
1209 251.296378506771
1210 251.293436429326
1211 251.280463593461
1212 251.271008438243
1213 251.264812092234
1214 251.253522736712
1215 251.24749865736
1216 251.23593787567
1217 251.230221143623
1218 251.218481432458
1219 251.213212037481
1220 251.20118719784
1221 251.196573789212
1222 251.184089253663
1223 251.180575991627
1224 251.167398919915
1225 251.165949837429
1226 251.151587478964
1227 251.142351289587
1228 251.135855674489
1229 251.125526179708
1230 251.119590863028
1231 251.10877176762
1232 251.103881134044
1233 251.092363717907
1234 251.089302681858
1235 251.076719902756
1236 251.067695057374
1237 251.06093157618
1238 251.050633673259
1239 251.043341235623
1240 251.033376791979
1241 251.02549036248
1242 251.016120903509
1243 251.015764268182
1244 250.997404098019
1245 250.986395997323
1246 250.977312061535
1247 250.969802303111
1248 250.960316745469
1249 250.951916259938
1250 250.951174436912
1251 250.938019991255
1252 250.928346023823
1253 250.923804621989
1254 250.91200725351
1255 250.907531071974
1256 250.895519440862
1257 250.891209694027
1258 250.879087016659
1259 250.874963838099
1260 250.862719910994
1261 250.858879380872
1262 250.846460310996
1263 250.843064250066
1264 250.830356349747
1265 250.827654108739
1266 250.814497668003
1267 250.813040527042
1268 250.799103425646
1269 250.790453456991
1270 250.783357042728
1271 250.774251950573
1272 250.766698096541
1273 250.757876892932
1274 250.74981808138
1275 250.741454641372
1276 250.737397702456
1277 250.722290462482
1278 250.712100782428
1279 250.710833681511
1280 250.697287874294
1281 250.688759622943
1282 250.681690101274
1283 250.672778534615
1284 250.665125677775
1285 250.656585899423
1286 250.655348687243
1287 250.639349415738
1288 250.628523377748
1289 250.619991848532
1290 250.612533681781
1291 250.603977546774
1292 250.602857887947
1293 250.586859596131
1294 250.576148910815
1295 250.567730347976
1296 250.560237227713
1297 250.551861764464
1298 250.549379475227
1299 250.533942926315
1300 250.523674224764
1301 250.52333816994
1302 250.509553764919
1303 250.500948633299
1304 250.494549872034
1305 250.485479390792
1306 250.478502248555
1307 250.469829049767
1308 250.462175244162
1309 250.454111851023
1310 250.449314399901
1311 250.435002734041
1312 250.425555037134
1313 250.422121055563
1314 250.410529250148
1315 250.406725653468
1316 250.395189447199
1317 250.390824845567
1318 250.379747477723
1319 250.37459823878
1320 250.364236104277
1321 250.358047127939
1322 250.348657936449
1323 250.341324413335
1324 250.341083035323
1325 250.328410878534
1326 250.319512160177
1327 250.314376128706
1328 250.30432026144
1329 250.297956677646
1330 250.288840820095
1331 250.281261747683
1332 250.279675796559
1333 250.267766282128
1334 250.259518677464
1335 250.253043063597
1336 250.244284793048
1337 250.243181521643
1338 250.226172387374
1339 250.216771272825
1340 250.213327628099
1341 250.2025883468
1342 250.199486972493
1343 250.188315867394
1344 250.185919539257
1345 250.174270034767
1346 250.173132182584
1347 250.160725805056
1348 250.152305587637
1349 250.146527821849
1350 250.137360080912
1351 250.130222861525
1352 250.129650519229
1353 250.117379718879
1354 250.108902066521
1355 250.103248150164
1356 250.094033140118
1357 250.086995337395
1358 250.086653784861
1359 250.074302438617
1360 250.065770894353
1361 250.060302356615
1362 250.050986671639
1363 250.044103668419
1364 250.036019580196
1365 250.030629944261
1366 250.016174314385
1367 250.015895165197
1368 250.002185830538
1369 249.994225292752
1370 249.987721355307
1371 249.979773873537
1372 249.978318744477
1373 249.963463144289
1374 249.95384902419
1375 249.952197803243
1376 249.940082372619
1377 249.937962565346
1378 249.925945000295
1379 249.923091830279
1380 249.911712283251
1381 249.907729083597
1382 249.897327870744
1383 249.891954428999
1384 249.882872198041
1385 249.876078324247
1386 249.87519484118
1387 249.863537017284
1388 249.855697490508
1389 249.849611159464
1390 249.841545186966
1391 249.838342000891
1392 249.823311950672
1393 249.81529222523
1394 249.809556529049
1395 249.801477995112
1396 249.794740763547
1397 249.794583763253
1398 249.781822968083
1399 249.781333561908
1400 249.768360557384
1401 249.76762183974
1402 249.754808058838
1403 249.753677038717
1404 249.741169123877
1405 249.739364459258
1406 249.727402711846
1407 249.72453369213
1408 249.713503976057
1409 249.709224002037
1410 249.69947471662
1411 249.693609654026
1412 249.685472004738
1413 249.682193997644
1414 249.667481689468
1415 249.659766195915
1416 249.653768530895
1417 249.64623023264
1418 249.644133260798
1419 249.630254675025
1420 249.621523953977
1421 249.618035710339
1422 249.608041003853
1423 249.602839173844
1424 249.594222082611
1425 249.58749114257
1426 249.585239775072
1427 249.574846385182
1428 249.571939385428
1429 249.561675362934
1430 249.558169466064
1431 249.548380338377
1432 249.544077198383
1433 249.535002354792
1434 249.529718834015
1435 249.521552465732
1436 249.515173631892
1437 249.515005851962
1438 249.50261733551
1439 249.501346730839
1440 249.489344887889
1441 249.486702057064
1442 249.475876003595
1443 249.471514737716
1444 249.462303366512
1445 249.456239426745
1446 249.455891449954
1447 249.444484355656
1448 249.444443385435
1449 249.432442550439
1450 249.424725626507
1451 249.41950720899
1452 249.411654593395
1453 249.409374102536
1454 249.394861406871
1455 249.387472228609
1456 249.381732060838
1457 249.374688117416
1458 249.371077426015
1459 249.358604405084
1460 249.350941822079
1461 249.345990180406
1462 249.338033915951
1463 249.336664902209
1464 249.321755854105
1465 249.314223381042
1466 249.308812064495
1467 249.301577498353
1468 249.300049493591
1469 249.286788155585
1470 249.278666168572
1471 249.274917816133
1472 249.266017405103
1473 249.260423237326
1474 249.253257786344
1475 249.247664209521
1476 249.235569385751
1477 249.232158972185
1478 249.222592440863
1479 249.217307543207
1480 249.209846239925
1481 249.205215553981
1482 249.192550893574
1483 249.189578129473
1484 249.179616347822
1485 249.174720034628
1486 249.166884650401
1487 249.164228749349
1488 249.150426631833
1489 249.149062153061
1490 249.137663416088
1491 249.134467185996
1492 249.124952256383
1493 249.119766865164
1494 249.112408926027
1495 249.107723136535
1496 249.095324434625
1497 249.092153014964
1498 249.082630644389
1499 249.077521577215
1500 249.070254267589
1501 249.06532880862
1502 249.053290533059
1503 249.049711022796
1504 249.040687352883
1505 249.035199489576
1506 249.034385921147
1507 249.024052401673
1508 249.022246965147
1509 249.012257438065
1510 249.009426054501
1511 249.000310712874
1512 248.996226178201
1513 248.988301548148
1514 248.982890855641
1515 248.976334366947
1516 248.970935175469
1517 248.960411105229
1518 248.957903842872
1519 248.948653589599
1520 248.944937241747
1521 248.936881628809
1522 248.931811437627
1523 248.925132193872
1524 248.921084453504
1525 248.910009772412
1526 248.908534126173
1527 248.89851327899
1528 248.89604931079
1529 248.88697380903
1530 248.883191619746
1531 248.875366735698
1532 248.87022034531
1533 248.863815607265
1534 248.858629563784
1535 248.848389698233
1536 248.845674369083
1537 248.836857029116
1538 248.832799750531
1539 248.825338955489
1540 248.819924957977
1541 248.818923330489
1542 248.808665330363
1543 248.805081822593
1544 248.796900354072
1545 248.791380288989
1546 248.789050588786
1547 248.780432051387
1548 248.77640529909
1549 248.769032354888
1550 248.763630659154
1551 248.762390689114
1552 248.752421868624
1553 248.748568292698
1554 248.740807398176
1555 248.739825354902
1556 248.726350629289
1557 248.72483602977
1558 248.714528667584
1559 248.710686416103
1560 248.703016280463
1561 248.70163737937
1562 248.688496684227
1563 248.686539233206
1564 248.676795958727
1565 248.672541665689
1566 248.665549006726
1567 248.661447563378
1568 248.650335372347
1569 248.646486675654
1570 248.638941893381
1571 248.63709982107
1572 248.624482656592
1573 248.62199163365
1574 248.612944882014
1575 248.608278197971
1576 248.607859803809
1577 248.598066817488
1578 248.595973852254
1579 248.58719820936
1580 248.583509423977
1581 248.576290246598
1582 248.571158236485
1583 248.569751183362
1584 248.560372376213
1585 248.55624522726
1586 248.549380437582
1587 248.545017331462
1588 248.534353614374
1589 248.530226133233
1590 248.523262032495
1591 248.519217032602
1592 248.508372250832
1593 248.504377866971
1594 248.497291210639
1595 248.493790221012
1596 248.482598870455
1597 248.478861136505
1598 248.471533223168
1599 248.469097973541
1600 248.457257284532
1601 248.454040461345
1602 248.446113317837
1603 248.44096987368
1604 248.438254019987
1605 248.430720212056
1606 248.426172036171
1607 248.420231620816
1608 248.414848245743
1609 248.405949423968
1610 248.402239671374
1611 248.395357161845
1612 248.395267758796
1613 248.383299845984
1614 248.376669173561
1615 248.372570320638
1616 248.366355146399
1617 248.36120473187
1618 248.351654842875
1619 248.34718248247
1620 248.346662379578
1621 248.337319273394
1622 248.334870404029
1623 248.326878422597
1624 248.322783825903
1625 248.31656625333
1626 248.313058914371
1627 248.303279742356
1628 248.300709847447
1629 248.292932473662
1630 248.288748386439
1631 248.282793876209
1632 248.278342352423
1633 248.269323240212
1634 248.265968504514
1635 248.259119218572
1636 248.254329631668
1637 248.252484020481
1638 248.244298959038
1639 248.239889366556
1640 248.238478019872
1641 248.230293246391
1642 248.226807288425
1643 248.220329823292
1644 248.219115958094
1645 248.20834285193
1646 248.207236621953
1647 248.198269037126
1648 248.195403357096
1649 248.188290229594
1650 248.183824651763
1651 248.182901035807
1652 248.173938606323
1653 248.1701397268
1654 248.164014445616
1655 248.15887341498
1656 248.150186464804
1657 248.145662123293
1658 248.143794314406
1659 248.136188354323
1660 248.132256411365
1661 248.126470672649
1662 248.121951218657
1663 248.113467999174
1664 248.109861805325
1665 248.103668235672
1666 248.101099655682
1667 248.091380890999
1668 248.088970781508
1669 248.08149928212
1670 248.077394355631
1671 248.071906496446
1672 248.066350960724
1673 248.058701294378
1674 248.054522750987
1675 248.054312238897
1676 248.044866341929
1677 248.04150274727
1678 248.035066067535
1679 248.031025192075
1680 248.021776631953
1681 248.01755669856
1682 248.016321120615
1683 248.008304445133
1684 248.004914358668
1685 247.998752858092
1686 247.996550571294
1687 247.986840088607
1688 247.984567802434
1689 247.97717200072
1690 247.973184899836
1691 247.967818119849
1692 247.962297476178
1693 247.954926812106
1694 247.950752190485
1695 247.950057619505
1696 247.941275292367
1697 247.937590294245
1698 247.937482683989
1699 247.928657064668
1700 247.926304091583
1701 247.91927470158
1702 247.915195145422
1703 247.91445433956
1704 247.905860588267
1705 247.902171480803
1706 247.901800473241
1707 247.893358608983
1708 247.890698137577
1709 247.884129297139
1710 247.879852202068
1711 247.878089087881
1712 247.870662223232
1713 247.866444093781
1714 247.864232357299
1715 247.85766588741
1716 247.853535185349
1717 247.852054482097
1718 247.844416686521
1719 247.840345689066
1720 247.83838793219
1721 247.831619646843
1722 247.827657005516
1723 247.826739131536
1724 247.818557284006
1725 247.814778286372
1726 247.813647396556
1727 247.806088319691
1728 247.802767091492
1729 247.797227246726
1730 247.793679022123
1731 247.78570533846
1732 247.782376175577
1733 247.776885866407
1734 247.773185709417
1735 247.765367079107
1736 247.761957290732
1737 247.756615105741
1738 247.752416005931
1739 247.745015853113
1740 247.741382268639
1741 247.741293487818
1742 247.732586025489
1743 247.72933140253
1744 247.723935389181
1745 247.718678358266
1746 247.711810144404
1747 247.70905088561
1748 247.700121073208
1749 247.696374584522
1750 247.695066399685
1751 247.688029312472
1752 247.684549331885
1753 247.679590365892
1754 247.674385405754
1755 247.667953362042
1756 247.667701569554
1757 247.657855140343
1758 247.656227712784
1759 247.64902310614
1760 247.645538587315
1761 247.645507258063
1762 247.636908468692
1763 247.633656668651
1764 247.633348148864
1765 247.625428276408
1766 247.622624904103
1767 247.616925356072
1768 247.614219223667
1769 247.606112876266
1770 247.60291544475
1771 247.597647575942
1772 247.59334580237
1773 247.58645413889
1774 247.582604649788
1775 247.581020387128
1776 247.574170536296
1777 247.573826106495
1778 247.563453157813
1779 247.560352982371
1780 247.554875638029
1781 247.550007577282
1782 247.543353783349
1783 247.540075158816
1784 247.532070452929
1785 247.52817735008
1786 247.525836465523
1787 247.520211409187
1788 247.518125697358
1789 247.509846582979
1790 247.506847237771
1791 247.501538113694
1792 247.497659657863
1793 247.4907309623
1794 247.487011676469
1795 247.485490416716
1796 247.47879118997
1797 247.478181044059
1798 247.468294359391
1799 247.465086736888
1800 247.46480562349
1801 247.457120473566
1802 247.454290324213
1803 247.448984241222
1804 247.445333321356
1805 247.43835026636
1806 247.434715029068
1807 247.433347060006
1808 247.426554759583
1809 247.4263586732
1810 247.416262036694
1811 247.413168921125
1812 247.413080445581
1813 247.4052978849
1814 247.402598240842
1815 247.397256115513
1816 247.393907624347
1817 247.38686115751
1818 247.383321103645
1819 247.382041643453
1820 247.37526969831
1821 247.37497572824
1822 247.365124856908
1823 247.361969799627
1824 247.361545523149
1825 247.354167971625
1826 247.351195463534
1827 247.346314099875
1828 247.341513065363
1829 247.33570063867
1830 247.332814439964
1831 247.325498510743
1832 247.322055826862
1833 247.320914263301
1834 247.314077175576
1835 247.310450402236
1836 247.308050740406
1837 247.302959505284
1838 247.299246983581
1839 247.292694935112
1840 247.292480850674
1841 247.283308127756
1842 247.280955293883
1843 247.275208180284
1844 247.273217796596
1845 247.265392773755
1846 247.262249885255
1847 247.262037840729
1848 247.254258999134
1849 247.251031894421
1850 247.249677365723
1851 247.243485556515
1852 247.23995283021
1853 247.237969361644
1854 247.232322413104
1855 247.229038287153
1856 247.221979089382
1857 247.219972087369
1858 247.211788785997
1859 247.208254174208
1860 247.206135331173
1861 247.200875455145
1862 247.197990754905
1863 247.191045768644
1864 247.187587462977
1865 247.185957530854
1866 247.179951983153
1867 247.177721202177
1868 247.169893503863
1869 247.169774786284
1870 247.160137539312
1871 247.157037500323
1872 247.156246083408
1873 247.149594411318
1874 247.146409843072
1875 247.145334349574
1876 247.138797448889
1877 247.138313234419
1878 247.129259247943
1879 247.126077879836
1880 247.124792276636
1881 247.118793910005
1882 247.115388589955
1883 247.113301066937
1884 247.108178673767
1885 247.104188569531
1886 247.09826360698
1887 247.094549329005
1888 247.088346662796
1889 247.085040754937
1890 247.078480915262
1891 247.075808285936
1892 247.068707486979
1893 247.067073649675
1894 247.059117072811
1895 247.055756238656
1896 247.053628292269
1897 247.048800361061
1898 247.04513251219
1899 247.039312831879
1900 247.037250738937
1901 247.030115317692
1902 247.026934252779
1903 247.025611716565
1904 247.019650778106
1905 247.017865072369
1906 247.010241076524
1907 247.010034662333
1908 247.001005536584
1909 246.997943964779
1910 246.996678017166
1911 246.990899197452
1912 246.990658140009
1913 246.982316425831
1914 246.979730956328
1915 246.97502924911
1916 246.970777620412
1917 246.965569594792
1918 246.961932270165
1919 246.956203916754
1920 246.953961254247
1921 246.94713165551
1922 246.943926082969
1923 246.94227665259
1924 246.93688805952
1925 246.933885184319
1926 246.927526692125
1927 246.924890813208
1928 246.918155729728
1929 246.91610137843
1930 246.908873854776
1931 246.907786373605
1932 246.899763264336
1933 246.896588419252
1934 246.894640735156
1935 246.889902037221
1936 246.886387802407
1937 246.880837533253
1938 246.87824152447
1939 246.871897902606
1940 246.87153741617
1941 246.863444701988
1942 246.860779924215
1943 246.856464272898
1944 246.855460551345
1945 246.843681707543
1946 246.843324011749
1947 246.835923659332
1948 246.833291281193
1949 246.832964193491
1950 246.826216331794
1951 246.823234733452
1952 246.821309523748
1953 246.816798906783
1954 246.813026167995
1955 246.807975884384
1956 246.804397352523
1957 246.799167006389
1958 246.795983664118
1959 246.790445651626
1960 246.787993777758
1961 246.781867227324
1962 246.781017881783
1963 246.773628738775
1964 246.770823378984
1965 246.769859808319
1966 246.764041484826
1967 246.762702554287
1968 246.755517364379
1969 246.754870379199
1970 246.747023193297
1971 246.744036742427
1972 246.742096523337
1973 246.737748965159
1974 246.733840877874
1975 246.72915452202
1976 246.72509535425
1977 246.720509747833
1978 246.720463301484
1979 246.708657285919
1980 246.708200102853
1981 246.701094879044
1982 246.698432007248
1983 246.697546367552
1984 246.691772008927
1985 246.690380741344
1986 246.68345513659
1987 246.682303002865
1988 246.675086307414
1989 246.674343190099
1990 246.666895758512
1991 246.666458778267
1992 246.658776070943
1993 246.65870801299
1994 246.650750768977
1995 246.647878606163
1996 246.645883096724
1997 246.645769161661
1998 246.639276629713
1999 246.636504857719
2000 246.634440892952
