iter objective
1 3517.41929554352
2 2149.12162933579
3 1993.56470723848
4 1572.04539513969
5 1313.5435536608
6 1143.0759331123
7 1009.92994168865
8 931.266508593103
9 866.763031195901
10 787.808006995045
11 723.191198652583
12 719.672724158799
13 701.707639127191
14 601.056545652398
15 590.729074130792
16 564.576427105026
17 509.267071840935
18 483.815948167194
19 466.027804029289
20 444.759263764755
21 426.503753936224
22 417.696257931791
23 403.764722285633
24 390.364907673372
25 383.05978811398
26 360.291980045079
27 350.917910923134
28 343.225293728965
29 338.381236009631
30 327.587720496071
31 326.068741599046
32 311.869253405547
33 306.722822426516
34 300.999921574183
35 298.918148182798
36 295.239412261788
37 289.452777322757
38 286.931677130725
39 282.390435931042
40 277.957000050443
41 276.205383453404
42 274.09794854299
43 270.963412411164
44 269.583896035742
45 267.80206372072
46 265.438444704911
47 264.00360775922
48 262.78611053414
49 261.805671085051
50 259.717619626537
51 259.471410309334
52 258.03595355917
53 255.473814283606
54 253.223899049344
55 252.391370502048
56 251.730898306623
57 250.951867431251
58 249.120776420635
59 247.183777821072
60 246.162829130201
61 245.256822965931
62 244.812246323989
63 242.943451024546
64 242.227389530475
65 242.013467830292
66 240.319723082417
67 239.502149432788
68 239.027098494065
69 238.604102836475
70 237.532887629498
71 236.56444416295
72 236.108963824851
73 235.311783026012
74 234.891322530136
