iter objective
1 3691.90000627788
2 1669.31879553608
3 1544.79519071386
4 1232.01649655563
5 1023.56331808824
6 862.202846060717
7 735.156157874901
8 658.393236520084
9 596.257579933131
10 552.792337603031
11 517.925405957543
12 483.100956082317
13 472.860829264823
14 441.366020886725
15 422.539229381491
16 404.015143310101
17 393.575234803327
18 356.646696582583
19 341.706211815861
20 330.248197583783
21 323.481958469681
22 317.212533650262
23 304.769712492315
24 299.45902976192
25 289.45422221808
26 286.655901468059
27 283.639752377116
28 278.849571770941
29 275.456281485548
30 270.443577651646
31 268.409784636105
32 266.098828582745
33 262.730171538319
34 261.230437031103
35 260.296208263554
36 257.729507146979
37 256.258434071857
38 254.133535758357
39 252.496110536444
40 251.57592275954
41 250.501769387472
42 249.733569651177
43 248.363816375291
44 247.63762952302
45 246.547749931765
46 245.575940802822
47 244.554166596579
48 243.155174772023
49 241.765280310155
50 241.299289029944
51 240.860567362853
52 240.370694775279
53 239.867706309935
54 238.657310428357
55 237.819959802192
56 237.50730061388
57 236.671815174233
58 236.489221522987
59 236.043707200191
60 235.889654306027
61 235.009414452894
62 234.514379258278
