iter obj
1 3039.03171326128
2 1987.54140694217
3 1821.72026107114
4 1509.31499007707
5 1244.08780243837
6 1102.20119259211
7 1015.06500213831
8 862.123177125926
9 794.076612065122
10 746.101173912919
11 671.145753056492
12 649.028192591539
13 597.373890070576
14 550.802248071839
15 533.184860399588
16 523.398115882872
17 508.05674800894
18 494.992586384865
19 456.428968897941
20 450.893207443779
21 421.140824980426
22 402.839355515719
23 395.012921967558
24 384.357713674696
25 363.375101707945
26 342.253739844008
27 332.052190802565
28 327.274659291098
29 323.018346078325
30 319.110143972896
31 314.830126786957
32 301.482045916733
33 299.124330755447
34 295.19492753933
35 288.641694589746
36 286.647426670645
37 282.818386362223
38 280.911625269456
39 278.697219906769
40 275.061015790332
41 272.881861833441
42 271.736755658327
43 269.032577215216
44 267.047850983812
45 266.417051507091
46 264.939516440118
47 262.343318627943
48 261.569049568252
49 259.439648830538
50 258.5490569413
51 256.158658998612
52 254.717027638449
53 252.792816393021
54 252.083330261474
55 251.302025183471
56 250.417285625147
57 249.685025115475
58 248.504269214559
59 247.628685514812
60 247.073117239407
61 246.425853604026
62 245.855655756236
63 244.19315560265
64 243.57266740666
65 243.102924053787
66 242.588321720657
67 242.067205781542
68 241.669652513837
69 240.899304484897
70 240.796225854917
71 239.653678664382
72 239.053073915762
73 238.606521417118
74 238.095605835511
75 237.648565821568
76 236.842956199744
