3219.27067300692 1
1863.5569772186 2
1666.57357876441 3
1343.47257984884 4
1176.06301624464 5
1072.20129304949 6
899.777700350176 7
830.036589126515 8
761.596588417422 9
635.175505652162 10
585.386603921459 11
511.021307061139 12
466.214153933161 13
458.370709800111 14
446.612903990353 15
437.653207719487 16
400.933283648074 17
374.001621565635 18
365.136191590235 19
347.517883971273 20
334.695505553648 21
330.870429001487 22
319.838829212378 23
308.855853555535 24
303.653296784248 25
301.767327568002 26
298.907624856714 27
296.286634577726 28
290.249527477519 29
285.415810530341 30
275.422595754831 31
271.771982846809 32
267.49150074057 33
266.48280949747 34
263.632211053658 35
262.558267799 36
259.775067673415 37
257.330241715956 38
255.700397852911 39
255.028798945894 40
252.015572584423 41
251.606371194462 42
249.952240187478 43
248.809441888084 44
247.459834752461 45
245.813079224181 46
244.723680738454 47
244.189446426924 48
242.734457396835 49
241.8092897785 50
240.953929464897 51
240.197052387826 52
239.747277712671 53
239.37051949051 54
239.024750294103 55
237.654169283655 56
237.64843268544 57
236.791127502203 58
