3487.88787423656 1
1573.45351264199 2
1434.52109590182 3
1240.88903423769 4
999.937404642522 5
855.104174113331 6
693.00729358457 7
541.547692868348 8
539.418826196692 9
447.735933881952 10
433.739461885112 11
374.791302241465 12
344.400845656358 13
331.064782233576 14
316.388894365757 15
310.586773370689 16
295.437519559319 17
288.814239829758 18
281.033372381227 19
277.053549185253 20
272.374446186938 21
270.819865317045 22
268.258459454191 23
257.617656293441 24
252.599387727269 25
251.564948453705 26
248.60012414223 27
247.478153737459 28
245.138940435724 29
242.116450656579 30
241.216798098383 31
239.970735138156 32
239.322241737727 33
238.80382379042 34
238.06263332445 35
237.08119263642 36
236.040555139816 37
235.774997611883 38
234.951150126247 39
