time Train_Error
80.106283 0.25566666666666704
123.43947 0.142166666666667
169.048704 0.08033333333333303
215.871486 0.07416666666666705
259.78439 0.053833333333332956
305.763439 0.040000000000000036
352.248622 0.02400000000000002
398.817825 0.026000000000000023
438.459657 0.008833333333333027
481.744682 0.005499999999999949
523.843727 0.003833333333333022
565.972856 0.0024999999999999467
600.896253 0.0004999999999999449
635.28604 0.00033333333333296356
664.994658 0.00033333333333296356
692.638851 0.0
717.773507 0.0
739.635848 0.0
758.873908 0.0
775.801896 0.0013333333333329644
791.85115 0.0014999999999999458
803.411811 0.00016666666666698138
814.685382 0.0
824.591109 0.0
