time Train_Error
0.732537 0.195666666666667
1.405165 0.13
2.075127 0.11966666666666703
2.789656 0.07199999999999995
3.420229 0.05616666666666703
4.160483 0.04883333333333295
4.900202 0.039000000000000035
5.596375 0.03600000000000003
6.341022 0.03333333333333299
6.992713 0.03183333333333305
7.742586 0.02949999999999997
8.534454 0.028000000000000025
9.251571 0.02749999999999997
10.018235 0.02300000000000002
10.802573 0.020166666666667
11.574959 0.019833333333333036
12.291898 0.016333333333332978
12.901305 0.013000000000000012
13.520827 0.008499999999999952
14.284516 0.00733333333333297
15.061332 0.006166666666666987
15.830838 0.006833333333333025
16.598204 0.0050000000000000044
17.277676 0.004166666666666985
17.908893 0.002166666666666983
18.693564 0.0028333333333330213
19.433679 0.0030000000000000027
20.209912 0.0018333333333330204
20.997594 0.0013333333333329644
