time objective
201.122955 36955.3942696145
394.260867 35327.2375772678
601.231978 34472.0339923875
805.807275 33825.1799989058
996.265759 33352.1143983561
1184.143175 32975.5789256811
1362.352147 32663.7138540724
1538.239289 32400.9441449477
1713.749099 32177.4861937517
1884.60231 31980.0118599389
2079.285101 31819.5713844107
2257.596625 31659.0091823645
2429.053476 31520.3516822789
2597.452247 31397.3087815638
2765.372045 31286.5005769725
2931.821532 31185.4584190655
3093.533757 31091.8574590955
3257.442842 31008.4529433821
3419.989047 30928.8559665039
3577.876534 30854.9359850886
3736.409756 30786.6831492849
3892.758844 30719.7808261347
4046.921832 30657.7161903102
4200.976761 30599.0758333775
4355.240114 30543.2936216045
4506.305561 30491.7575042065
4655.179226 30441.7117984096
4804.090331 30397.6817474068
4949.848119 30354.2289784663
5093.917752 30314.3637931748
5239.158033 30274.5005543579
5382.921726 30237.4427833114
5523.921514 30201.8825026383
5661.922656 30169.3717891164
5798.330669 30137.9710069631
5932.905501 30106.8531877127
6065.786313 30077.2483969595
6198.919531 30047.9785593852
6330.705983 30021.5595098729
6460.436663 29995.7801952916
6588.926502 29970.1004963056
6716.080577 29945.6891928873
6841.525913 29922.6097383854
6965.78963 29900.0096009497
7090.01165 29878.8970465794
7213.195718 29858.8776699281
7335.180329 29839.1006088302
7455.291545 29819.5603401906
7574.739603 29800.1619126219
7692.192626 29781.646258236
7809.243234 29764.2691187007
7925.662622 29747.0537430024
8041.484369 29730.3069911174
8156.760892 29714.561156092
8271.25573 29698.7402579393
8384.412699 29683.7603043629
8497.193543 29669.7294590913
8608.066665 29655.540128784
8718.717953 29641.687330208
8828.961779 29628.2685668185
8937.910076 29615.8440707473
9046.812882 29603.0149951891
9155.308557 29590.4663070949
9262.474544 29578.2103073731
9369.263174 29566.7077983422
9474.16829 29555.4213342069
9579.609222 29543.6330898271
9684.395445 29532.4433757616
9788.374439 29522.0328787337
9891.209526 29512.0111338455
9995.290648 29502.0882253303
10098.667755 29492.1236002824
10200.008888 29482.6024231031
10300.844647 29473.1748736576
10400.295387 29463.9273727625
10500.395734 29454.8941644685
10599.649245 29446.1398665975
10736.925478 29438.6044431519
10855.075133 29429.3149710004
10967.45816 29420.3112873333
11074.459987 29411.614742753
11179.575987 29402.8518943007
11283.139722 29394.3852439485
11385.216103 29386.2610194626
11487.11271 29378.1860697526
11588.256687 29370.4561170596
11688.746532 29362.683181289
11789.303703 29355.3252912649
11887.181191 29348.146786737
11983.942612 29341.0522592397
12080.407419 29334.0429822912
12175.927223 29327.297960195
12270.861389 29320.5778145416
12365.028081 29314.0313319198
12459.419057 29307.2747398053
12553.081217 29300.749425273
12645.792764 29294.4601568104
12738.129267 29288.6741869058
12830.149765 29282.818484048
12922.182682 29276.9632773529
13014.78001 29271.2923656
13106.854203 29265.6787417837
13198.134947 29260.0745879918
