time objective
52.315457 100530.372178422
81.943206 62767.6504326705
111.483848 61042.7179952009
142.031002 58397.8555855367
172.076342 56838.7942880132
202.327409 54221.1452694436
233.389526 50536.478693136
263.030982 47845.8577198402
323.344718 46978.4945475662
356.674874 46168.2355012797
390.810591 45409.9316159528
422.335592 44662.1040765958
456.635745 44015.8671123269
488.481006 43502.2777950626
520.091944 43100.7805420149
550.23648 43085.6113363425
578.789293 42533.9734191573
609.376007 42361.6366255705
638.978315 42183.3787486976
669.543368 42033.1619012574
700.850654 41878.7979636645
731.54978 41707.2468761552
758.991522 41544.7815728086
787.214212 41389.4164792383
815.438012 41271.7338132066
844.343808 41155.1175165702
873.03567 41047.7961211963
901.093998 40930.5764361798
929.460872 40809.0601672521
959.903978 40676.7996441704
989.923307 40574.3564113189
1018.759071 40464.7407384735
1049.054087 40378.1865188906
1080.244198 40275.9166308796
1111.524926 40193.6002893758
1142.826482 40080.5912380961
1176.034117 40032.2198171924
1211.633464 39948.3829259851
1247.709094 39897.7422163263
1279.132356 39838.0858728385
1309.794659 39780.1673274564
1340.681576 39750.2973561977
1371.239369 39660.1662430743
1402.090635 39625.7482442337
1435.519162 39581.8786953182
1467.42405 39579.1395180781
1499.450601 39480.2187591557
1529.835479 39456.8627489415
1560.497872 39409.1499764889
1621.56276 39374.4454958337
1684.597934 39347.7123749135
1750.907531 39325.2085397194
1811.87924 39294.3834981591
1874.728875 39269.668971475
