time objective
47.108386 81425.8774517737
79.80187 66298.604911759
115.745984 62372.6262266865
149.967032 59694.7466259568
183.876982 53481.4828046432
219.317622 51904.9402590898
254.640425 48283.8703415504
289.739352 47541.8270533791
325.774809 44448.7887145493
360.606716 43910.4974411462
394.517589 41327.6913049346
432.171477 40710.0190804648
468.124683 40121.7354191015
503.338498 39875.2478863749
540.31788 39774.9054951649
577.890908 39563.6778768461
637.449589 39309.530840311
675.345582 38855.358818162
713.686169 38839.6057231425
752.635989 38308.6053520308
790.404983 38176.7109212189
829.028358 37973.996220335
868.838215 37741.5516351123
908.901866 37152.3403895285
950.595189 37109.5183622301
993.248374 37047.4814272437
1034.980844 36536.4434228809
1079.032517 36084.6249825139
1122.370371 36037.638841885
1163.321866 36021.111295465
1201.399677 35963.9558034521
1236.512712 35827.556667092
1271.635046 35747.9779426019
1307.606888 35598.2984440148
1343.348622 35542.9432977008
1378.85197 35495.2096076098
1413.738817 35440.6898443141
1449.218411 35392.7024345889
1490.059292 35320.2119225898
1527.37343 35286.0780862959
1564.524569 35260.1406615767
1604.702408 35209.596793749
1642.416571 35186.2143383344
1680.705957 35178.0649589276
1715.586574 35147.692885801
1750.574042 35132.5497730256
1785.91408 34733.2784548344
1820.745641 34635.3308186459
1855.555384 34515.7434501568
1894.873418 34389.5395869492
1935.159885 34343.1439881028
1976.830505 34332.0802560108
2022.230959 34320.8323876337
2063.145271 34306.5859238756
2103.920641 34300.3626883655
2144.91713 34197.4359368831
2186.690617 34051.0687758031
2225.797192 33939.5917592173
2259.936066 33506.4823561936
2294.184 33329.1034968422
2330.190836 33277.1657229033
2366.525287 33263.6579592144
2401.737495 33247.013402982
2436.692756 33234.154856074
2470.629177 33200.0231925418
2506.109094 33196.0803927723
2540.986492 33184.7625697958
2575.438038 33178.284269045
2610.374919 33173.6635029716
2646.394287 33161.5036574753
2681.947714 33137.8763843213
2716.454289 33100.4627111424
2751.687422 33071.703410062
2785.90842 33054.0857386038
2820.13325 33039.9002979539
2850.074308 33035.3653911611
2878.582019 33018.2250252864
2907.110294 32955.4982609058
2934.996214 32928.6858399106
2963.035259 32887.9101284632
2993.323815 32769.2938626851
3025.081753 32734.0450087483
3056.020669 32719.104927991
3087.442339 32711.1772302777
3119.976315 32703.4472180518
3154.503062 32670.812359214
3187.415548 32661.9517241763
3220.079478 32609.2332634215
3251.219168 32589.9564520257
3278.466326 32495.0649768351
3305.650732 32455.9322736279
3332.657099 32453.4073073184
3359.599965 32443.1705299239
3386.853703 32440.8285305165
3414.314471 32439.7396843491
3441.158907 32436.0199822595
3468.429528 32416.7440911348
3497.083693 32410.6040700624
3527.019052 32393.8610687413
3554.995428 32378.3499072522
3584.110717 32353.1202596948
3613.923608 32338.1608971087
3641.70692 32332.9329879273
3669.957389 32331.6829768429
3696.549743 32305.97977456
3722.588462 32304.8946993409
3748.567885 32273.407917539
3774.676483 32268.7504939744
3800.478426 32249.8355109528
3826.667745 32246.7249325243
3852.547244 32244.3895214346
3880.296617 32238.6906175109
3906.646467 32216.8660540888
3933.364849 32128.8102577391
3961.964537 32083.4845053575
3990.460426 32062.9664726301
4018.617607 32004.9232921236
4046.537459 31998.2788236339
4075.421796 31985.7652304866
4104.505272 31983.7286639406
4134.286682 31969.847110111
4161.748738 31964.9905224007
4188.968169 31954.5848123922
4215.948915 31946.9593616371
4245.068983 31943.7751200021
4271.179999 31940.6906151202
4296.823104 31939.0854796878
4322.673543 31936.6002188864
4347.655836 31909.1631153571
4372.1669 31907.7677175477
4396.804274 31899.6028112876
4422.07363 31897.4492158863
4447.739985 31894.6678783792
4472.569995 31891.6136759245
4497.634578 31872.0364846007
4523.051413 31867.3562025262
4548.66633 31850.5793123041
4574.343177 31800.1027547124
4601.849552 31795.7316839792
4626.032494 31785.4455884269
4650.704554 31784.1456486922
4675.909046 31783.2516496928
4699.675091 31779.8228210061
4723.243761 31747.3740401336
4746.624181 31684.9354710702
4769.681778 31658.3215240038
4792.98784 31655.0508877008
4815.83998 31623.2142998739
4839.530372 31612.0789173043
4862.724249 31609.3030709454
4886.916444 31607.3604974318
4912.764534 31605.0056141705
4938.173836 31598.3619216208
4962.420505 31585.1615470866
4988.739878 31570.2328125458
5015.910757 31569.4198862078
5042.077591 31559.8592803109
5068.638824 31556.5462138537
5094.957237 31555.7164574558
5119.803324 31554.7591135712
5144.123794 31540.5253313647
5168.385165 31525.5594727872
5192.631034 31516.3830231816
5216.888391 31512.8942676952
5240.953549 31502.9800483097
5264.930342 31501.1276947495
5288.287598 31500.2427054615
5311.343212 31498.2543298069
