time objective
134.399737 81425.8774517737
290.813148 64143.1323839218
413.798155 62048.8991271912
587.420898 52763.337800437
735.294306 51882.0392149827
883.363907 51826.2375435748
1049.461537 50496.4800265295
1201.77539 50258.3348209373
1354.9673 49606.904579432
1500.686385 49250.3820888939
1648.85069 49129.2304981821
1802.784919 48492.0788616777
1939.082886 48368.1355439234
2106.877779 47592.4013683878
2260.210381 47351.0957576049
2403.903522 47238.1749398374
2559.433898 46832.5379278058
2705.072795 46616.5847729164
2851.826477 46503.040516359
2997.752647 46175.3431652004
3127.348502 45988.6913048286
3280.67775 45617.8717359356
3408.864094 45532.1286232268
3553.011785 45129.2340926423
3683.855875 45108.6783662939
3828.59563 44695.782758673
3963.017431 44567.462963017
4099.360758 44485.7237100446
4249.073881 44301.3890196254
4377.442062 44183.4734791674
4523.363255 43956.4875166134
4649.946271 43930.7228018103
4796.790273 43644.9208649057
4930.445847 43553.2439326572
5065.865174 43502.2648900232
5216.921854 43343.449567013
5345.729003 43225.0544669663
5490.912151 43076.8249755549
5610.006357 42965.4738684707
5747.199326 42830.5790966834
5865.724886 42721.9519089514
6002.62492 42602.267218129
6113.142064 42593.9517635334
6253.54486 42236.1597338177
6382.252459 42176.3115885817
6511.074435 42135.6667326498
6648.544082 42040.3724400682
6767.086126 41953.1893818289
6895.935175 41952.3001522956
7034.145759 41799.5686041979
7153.61602 41745.5143154423
7291.804356 41636.5641673716
7411.522887 41563.2740184648
7540.503583 41558.2174990647
7677.143266 41428.4327253452
7796.482373 41394.6207925929
7934.236282 41286.402271068
8054.00387 41239.3040838696
8192.692423 41151.8193732462
8312.110531 41093.0912213725
8441.110654 41091.1311367176
8577.855329 40976.4901840393
8697.878835 40926.1901306191
8825.86539 40924.7160614435
8964.578678 40813.5192158641
9085.709659 40780.5274878557
9223.800229 40701.2883678235
9342.768203 40650.5457722502
9471.427878 40644.0600536913
9610.444002 40554.4250751888
9729.828744 40504.2325867176
9860.393737 40493.0685532591
10004.049293 40416.6414292705
10123.285504 40371.5742854337
10251.767862 40364.0227368652
10390.951506 40286.1240635677
10500.46464 40269.5063978657
10639.233421 40129.5794476738
10762.736597 40104.0537385376
10901.382558 40045.1044208422
11011.268521 39999.9241521346
11150.412834 39904.0661791161
11270.276874 39869.2087863194
11399.16881 39860.2389452408
11538.903959 39800.1413596159
11653.173711 39785.2546924909
11790.32459 39675.0355098286
11905.440606 39658.1935374058
12038.697376 39606.4238983415
12144.319745 39577.7211274261
12277.909464 39491.8628353539
12393.712625 39467.6290259495
12517.206242 39462.8791339786
12650.173395 39405.7788352231
12755.909652 39372.4817011229
12889.385695 39301.2370043372
12995.389517 39285.5767847982
