time objective
1.01175 72160.3327177199
2.09109 62419.6999068791
3.222989 59752.1284968069
4.562966 52163.8857641934
6.171752 51567.3630503057
7.939114 47331.6005377175
9.825028 46247.0340966942
12.617826 44960.4557137299
15.044255 42323.4206716565
17.687679 41922.584636481
20.50941 40689.7456284056
23.260762 40178.3217703142
26.817705 39905.6994898726
30.067844 39699.9128089624
33.215136 39384.3309082435
36.668394 38921.6607754237
40.19505 38599.3929914151
43.915171 38298.8704235069
48.026969 38072.4552699331
52.327383 37869.5912687549
57.051992 37739.2002693708
62.820045 37541.6799239574
67.605667 37373.1913856326
72.421962 37184.9370359067
78.81403 37086.4462333607
84.850404 36884.1501019495
90.928667 36781.3157982099
97.116697 36707.111898252
103.695753 36571.3661237866
111.054981 36325.4682202664
118.928926 36082.0304734447
127.208299 36048.9003734219
135.827537 35823.1799214681
144.652882 35811.610807289
153.723626 35738.8753104149
162.390094 35721.4424001782
171.010355 35456.639342417
179.941043 35308.0022183135
189.124062 35212.0174092276
198.209811 34816.1274735792
207.262004 34733.0161548958
216.804876 34705.8403660693
226.652791 34672.5064324203
236.660224 34608.4026628914
246.607134 34505.6908963918
257.291005 34406.2207390815
268.813575 34354.8664225501
280.342475 34321.1442340983
291.883449 34301.4957708455
303.001885 34273.6096745605
314.314006 34264.4853874744
326.160661 34239.3023558713
338.157719 34216.1783536423
349.90152 34197.6044461307
362.263343 34183.469991471
374.692363 34097.2650899063
387.130534 34028.097041349
399.870972 34005.9972891988
412.669352 33756.4878046573
425.294721 33699.8430593207
438.521765 33685.5037779806
452.091279 33667.3249871068
466.633034 33661.5500981596
481.337623 33656.5011511023
495.268713 33609.0318123458
509.789414 33441.583290985
524.035133 33276.0977919894
538.688107 33255.7805401139
553.271441 33072.7564119191
567.616625 33005.2769358978
583.319561 32985.8529355862
598.56798 32976.188685531
615.09938 32971.6512151175
631.450047 32940.0335612152
659.672552 32919.5151594214
681.894606 32905.730558037
699.168195 32856.9661145168
716.910825 32845.4409352631
733.544863 32839.8010410335
751.093218 32827.5552330128
768.659227 32775.5437165684
786.455799 32761.0409286563
803.632831 32699.3360810825
820.471401 32649.1022940787
838.135742 32612.0486109893
856.089635 32600.0923595915
875.077262 32596.2457383235
893.715992 32586.5174724048
913.463077 32557.6907534804
932.101897 32555.8271246637
952.218021 32534.6660859383
971.312994 32524.3466823259
991.778911 32518.3730916734
1012.926803 32510.9482025432
1035.252524 32484.3669453995
1055.600675 32449.700453756
1076.539955 32417.3747693328
1096.733095 32388.1191641522
1118.42641 32359.0086847724
1141.164199 32355.4454656643
1164.131149 32352.8872038476
1185.663372 32344.7784548306
1207.465576 32341.1667787479
1228.654402 32277.1458166745
1249.120445 32207.2486904251
1268.775088 32138.8478817641
1289.080781 32133.1955124699
1309.379026 32093.4290455502
1329.622024 32051.6984556593
1350.175556 32037.5739421303
1370.814014 32034.4186269995
1391.981189 32032.5288790162
1412.706945 32013.2330275023
1433.455813 31999.4755661745
1454.028713 31976.5909419831
1475.032104 31952.0565946731
1496.503125 31942.1205858402
1517.306137 31936.0162315845
1541.239035 31933.4582446779
1564.729661 31922.3288996679
1587.220872 31919.9098825873
1610.534511 31909.6714686098
1632.505269 31892.2787707197
1656.750121 31878.8566039376
1679.644301 31873.9388749301
1703.153932 31871.3625619933
1726.67363 31868.7531226701
1749.747281 31865.5265957886
1772.494445 31862.9613696021
1794.690185 31852.4642750571
1817.115516 31812.539317732
1839.320229 31791.416137044
1860.658013 31762.3646491103
1883.429371 31750.2428108223
1906.172682 31736.0463497431
1928.777938 31729.6607811151
1953.488151 31727.5559596066
1978.90105 31712.0613888216
2003.542466 31638.7502105419
2028.046659 31616.0361657271
2053.521111 31587.2998133424
2080.927919 31573.2283947916
2105.685521 31553.1022087247
2130.945932 31545.3927851337
2155.888451 31540.9405025576
2181.261784 31537.7292323953
2208.642722 31536.8486729788
2234.730745 31536.2494520117
2261.061163 31529.0360589549
2287.964269 31518.7544031131
2311.035428 31513.2888678055
2334.345738 31507.8190114866
2358.315392 31496.9316553811
2381.024607 31489.8231912303
2406.091201 31488.2021243469
2431.615558 31486.4543309402
2455.055631 31447.4525016225
2478.255928 31441.0282055831
2501.739038 31431.5164816224
2524.666514 31402.3772289028
2548.001285 31392.8532809849
2571.722977 31387.194819866
2596.608751 31385.0811775797
2621.157193 31384.4783259249
2645.653189 31374.0314011618
2669.692061 31368.9232369185
2695.101399 31359.4041356799
2720.579357 31352.0575960055
2746.588243 31346.1693761775
2772.438644 31345.2616493994
2797.398513 31343.6483221487
2823.428556 31343.0538356123
2849.637805 31337.2187955919
2873.693482 31330.8534619147
2898.779829 31318.3935921667
2921.75953 31313.5388642502
2944.033526 31297.2946498058
2966.162859 31291.9304186143
2988.517747 31289.3404778835
3011.236804 31288.2400633009
3033.146739 31275.1329666707
3054.827739 31245.3868009195
3078.137363 31244.9145135191
3102.5637 31221.776420779
3126.324157 31218.3462023882
3149.260627 31216.4043949186
3173.081451 31212.7161058758
3198.297807 31209.9071770804
3223.492666 31205.8084726425
3249.724292 31203.8206948036
3274.575422 31196.8801170253
3299.380466 31195.1032203684
3323.051373 31191.9319175214
3346.507349 31189.57687333
3368.026948 31186.0171314845
3389.566563 31166.2677120561
3410.853779 31163.731104191
3431.8915 31161.1912608613
3452.696454 31160.9240885376
3474.883895 31157.9951907549
3496.399636 31157.6561210405
3517.615321 31155.1501649862
3538.526974 31126.9173011495
3559.555712 31088.0140681637
3581.84491 31077.9813236319
3605.090849 31040.6575230698
3628.315977 31018.8371231652
3650.518218 31013.2312887349
3673.285653 31009.1970303224
3696.664088 31007.3572105511
3719.257399 31005.6165928017
3742.029492 31003.5574717384
3765.092219 30995.3841769031
3786.865167 30992.6407002285
3808.545755 30990.0484581516
3829.579493 30988.4038170091
3850.47233 30983.3875650403
3871.733123 30973.3615547766
3893.083296 30967.8793018715
3914.436639 30965.4006464605
3934.896742 30957.8481256515
3956.121096 30955.7938000799
3978.998791 30954.3474857656
4000.915263 30936.1998318597
4022.484117 30904.1975358786
4044.066344 30893.9532524492
4066.334508 30890.4054196176
4089.091211 30875.8034121881
4112.294534 30865.5142360654
4135.27247 30865.422442998
4158.630851 30863.4233745662
4183.070669 30863.1725638707
4207.384608 30862.4157188848
4232.183304 30855.9782320112
4255.695702 30846.1184065616
4277.951775 30844.3801984553
4300.475936 30837.4058182724
4322.996737 30829.8858961653
4347.229993 30828.5362595451
4370.014173 30827.6882223543
4391.597002 30826.8206568123
4413.646626 30824.5352779764
4434.990681 30817.7970276711
4455.966562 30815.4777955945
4476.957147 30814.4690303033
4498.329668 30806.9314912241
4520.109528 30803.7846124181
4542.501848 30802.1011926114
4564.636017 30800.6944890061
4586.348383 30800.1603841316
4608.128629 30797.5855044581
4629.924279 30789.0125555795
4652.953075 30786.2055786124
4675.341032 30772.4419984351
4699.126804 30758.5776100198
4721.614189 30750.6021012248
4742.830228 30748.9586891587
4764.148171 30747.7540834051
4785.699451 30747.3296246943
4806.874714 30746.0717168535
4828.378971 30741.1072573217
4849.361452 30732.2012879546
4869.86471 30727.443973802
4890.301841 30724.9800789442
4911.134689 30720.0968987833
4931.562846 30718.3664155812
4953.218077 30716.7602435672
4973.952811 30716.4721531658
4996.093648 30714.7975733733
5018.883889 30710.932214127
5042.378689 30705.1606934058
5064.168843 30700.8520969775
5087.482592 30697.3185287482
5111.535325 30696.0139458953
5135.750395 30695.0074036196
5159.758188 30693.9938805737
5183.775083 30691.4630240584
5207.39014 30686.3865426069
5229.841857 30682.1030337433
5251.868014 30676.8194634397
5273.413897 30669.7377884096
5295.238539 30663.4209017634
5317.355429 30662.1691486725
5339.096285 30661.6299894774
5360.725632 30658.6500089325
5382.439529 30639.8679663705
5403.930398 30639.8532217047
5424.504601 30630.1078193175
5445.423103 30627.2552691796
5462.705344 30625.7362414787
5479.4112 30625.2679732338
5498.006301 30624.2311955501
5515.605719 30622.9216812749
5533.581186 30619.5856014418
5551.966805 30618.5168518607
5570.117401 30614.1322146049
5587.812038 30610.0767496688
5606.017095 30610.0047419434
5624.097204 30607.7938658701
5641.720215 30607.3251458887
5659.288936 30606.7590816844
5675.732744 30597.311354105
5691.46734 30594.8552809909
5709.039704 30590.1331600081
5726.292695 30585.2782893757
5743.328205 30582.370241169
5760.639049 30582.0060431362
5777.576887 30581.2666880277
5794.228519 30581.0255018121
5810.52772 30575.0279898786
5826.306318 30558.0578399751
5841.726384 30541.0797526556
5857.628672 30526.9855831489
5873.641463 30509.918276519
5889.458147 30502.1168136468
5905.48603 30498.1767199799
5923.046351 30496.3993536363
5940.704883 30495.0436323225
5958.348082 30492.8316514167
5975.913464 30492.5003590765
5994.092765 30491.8982598293
6012.481993 30491.4213149417
6033.184256 30487.8638182937
6052.516794 30484.6300468414
6072.893554 30482.2275357651
6093.041469 30477.6084264355
6111.767718 30476.4672134721
6130.845808 30474.7788521315
6149.158971 30474.2526054398
6167.48613 30473.2325312762
6185.588684 30471.5994160337
6203.213003 30465.2786892049
6220.676518 30461.2696851445
6238.886108 30457.6922639326
6256.703805 30454.9966660154
6274.048604 30454.4653024486
6289.639243 30452.049159834
6305.076144 30439.1597856971
6320.376526 30435.8082568339
6337.404232 30431.3738130879
6355.001414 30427.7010517117
6372.222446 30411.9554489739
6390.345915 30409.5192547369
6408.37984 30409.1664785316
6425.972227 30408.8115208638
6443.251725 30407.9460135417
6459.783682 30407.3146388194
6476.95509 30400.8436874927
6493.362077 30396.9967502504
6510.063286 30389.5752403134
6527.187333 30388.5077475143
6543.69495 30387.7375348456
6559.178729 30387.2578814118
6574.834398 30386.9346723984
6590.152134 30383.1941832355
6605.086964 30380.1675025822
6621.080236 30378.6390051914
6636.838482 30372.1322966256
6653.917454 30370.8435163212
6670.466098 30369.9519548794
6685.406234 30368.0735198651
6701.90497 30367.5730688815
6718.027439 30363.7296372762
6734.541786 30363.0258179183
6750.065953 30360.1073891553
6765.184246 30359.1408448782
6780.763541 30358.8633190845
6797.266383 30358.5131258582
6814.363098 30356.5835516635
6830.912445 30352.0821300041
6847.243991 30349.7919869487
6863.934353 30348.5563623847
6879.845844 30346.655374593
6896.550855 30345.9380260071
6912.54962 30345.1734753074
6928.746919 30337.2124516074
6946.416353 30331.2306195468
6965.522699 30330.0679085879
6982.199926 30315.1738971068
6999.005097 30301.0285151977
7015.62364 30298.3312777405
7033.633294 30297.4379168308
7050.828602 30296.6868359596
7067.8417 30295.848485878
7085.062527 30294.0578387869
7102.334234 30289.545157585
7118.971664 30285.7491526194
7135.963741 30283.8915820216
7152.699835 30280.4535850852
7170.007938 30278.9010643591
7184.019287 30278.3232040413
7199.255966 30276.8178130514
7215.677361 30274.4863724056
7232.61432 30272.4817856178
7249.517097 30270.5242473257
7267.39159 30269.7721109348
7286.08918 30267.7039113067
7302.534812 30267.3552500304
7320.290038 30265.8838276555
7337.1329 30263.0737150848
7355.065414 30261.1423644116
7370.665234 30255.2358732903
7386.709454 30251.505143677
7401.005826 30248.8496167216
7415.41398 30248.0180651903
7430.15479 30247.5489967644
7444.281259 30247.4085716766
7458.873672 30247.0545436603
7473.866131 30246.815647372
7488.775447 30245.3604930381
7503.390084 30235.516260321
7517.643501 30233.4937915971
7532.025337 30229.0578190233
7546.352875 30226.9939054698
7561.51494 30222.9435017392
7577.546298 30222.1698782948
7592.334112 30221.7711843244
7608.055973 30213.9022998898
7623.144484 30211.2166119492
7639.797444 30205.1220388105
7655.682937 30202.0019715172
7671.111341 30201.8578507922
7686.8649 30195.9180564051
7702.706568 30192.2890283587
7717.75275 30187.3532543125
7733.813287 30187.1513513654
7749.816894 30186.6325975536
7766.198125 30185.4990996598
7781.985719 30184.4494718782
7798.350698 30182.2766570256
7813.521602 30181.0618107716
7829.261672 30180.2723829715
7844.750413 30179.6449897145
7860.990126 30179.2312044993
7878.00425 30178.9666510548
7894.717148 30177.3076848457
7910.666036 30175.7550979035
7927.441844 30170.1158665758
7944.26811 30168.1475284846
7960.171264 30166.7535910829
7976.782924 30165.6578331208
7992.447423 30165.2961092418
8008.134922 30163.5937619549
8023.676722 30153.3049344019
8038.908418 30151.1105700454
8055.404272 30147.9754208895
8070.419521 30145.6992938322
8085.446222 30140.8457062477
8100.309577 30129.0285688095
8115.927973 30127.2571955878
8131.401648 30126.4393584137
8147.053502 30125.5680472398
8162.689029 30124.5471797298
8179.788965 30123.4443409394
8196.055875 30120.9359108022
8211.576781 30120.2123114043
8227.190559 30119.2826314849
8242.025668 30118.3493823046
8256.92331 30117.767657777
8270.460194 30117.4374753111
8284.266371 30116.8636666524
8297.871993 30114.992600499
8311.707107 30111.8548600475
8324.924093 30111.3992938593
8338.453693 30108.7583030037
8353.191842 30106.3315815517
8366.817951 30105.6488097474
8380.411209 30105.2552788049
8394.115754 30104.2951277707
8407.905811 30104.2513287615
8421.244747 30099.744160234
8435.223374 30097.8305715029
8449.744977 30095.5405250691
8466.74165 30092.5526387712
8484.092645 30091.8353621315
8499.385528 30088.8314604312
8515.379419 30088.514913532
8530.870904 30088.2845186302
8547.586035 30083.978266966
8562.486588 30073.8785426618
8577.127359 30068.4767280267
8591.928843 30066.1843599611
8606.831693 30062.7319797634
8621.525687 30061.9310267283
8635.681147 30060.973699231
8649.613398 30060.6773098618
8663.370559 30059.896143212
8677.31224 30059.0071678088
8692.09725 30055.042524698
8706.954272 30054.3761950483
8722.364881 30053.5518701427
8736.68417 30053.1463532771
8751.467031 30052.1624613718
8767.928413 30050.7659780157
8784.750902 30046.7980200589
8800.1509 30046.4494695995
8815.730875 30045.3356999922
8831.90568 30044.5274483991
8847.125209 30044.1158598237
8864.156374 30043.0087323586
8880.511325 30038.6099482775
8896.618074 30031.8467427744
8912.710111 30027.3539283382
8927.243708 30025.626177823
8941.792848 30024.7728482487
8956.235365 30020.4164457899
8971.559939 30019.841652893
8986.688405 30019.6094110933
9002.683969 30019.0683692947
9019.450286 30018.1824743483
9035.591625 30016.5694873187
9048.607259 30015.7679412659
9062.628006 30013.7152257067
9077.588943 30012.4638637989
9091.071659 30011.8527315517
9105.833145 30011.4825507606
9119.681735 30010.5835330154
9133.541565 30010.2263058087
9146.846635 30009.2624886732
9159.929403 30006.8770066787
9173.122277 30006.285262383
9186.67299 30005.0458302245
9200.233945 30004.2135749561
9214.425502 30003.8856173917
9228.913064 30003.4258797991
9243.587996 30001.1590251048
9259.219543 29994.3989976146
9275.484838 29992.5655656454
9288.951136 29989.558719918
9303.413051 29974.8263078164
9317.429453 29971.6551632344
9331.698957 29970.7565445625
9346.559879 29970.5420056875
9362.263424 29970.2527700347
9377.442496 29970.0101432522
9391.828315 29967.2614327904
9406.972899 29965.4910563793
9421.786048 29962.9581578905
9437.288909 29961.2822703216
9452.161685 29959.9753790353
9467.446093 29959.3077363455
9482.819013 29958.973643664
9497.486552 29958.40288151
9510.566846 29957.7423583293
9523.542026 29954.7865838554
9537.092115 29953.1834276203
9551.50767 29951.9879043402
9565.817238 29950.7366806475
9579.878332 29950.6919536766
9594.792444 29949.8135032367
9608.683301 29949.6634204583
9623.195293 29948.4730052611
9637.864472 29943.2453331924
9654.510486 29939.2839047588
9672.242914 29931.0279488141
9690.126097 29930.6113395402
9707.958839 29925.3938761206
9726.368327 29921.8384204084
9741.526376 29921.199082762
9757.243521 29920.9084778527
9772.827834 29920.4271785466
9786.841938 29918.6068107027
9800.684053 29916.9075209784
9814.649186 29915.1370941649
9829.116791 29914.13760033
9842.699868 29913.0756937743
9855.30227 29912.5069287953
9868.591409 29911.8539516178
9880.979992 29909.9488568954
9894.90392 29908.3565616513
9909.133649 29907.4831912054
9923.86642 29906.0792252912
9940.248756 29904.6420865406
9954.480934 29904.1402596658
9966.48021 29903.5784211359
9980.305353 29900.558130998
9993.736974 29899.0073207874
10007.032579 29897.708343566
10018.862679 29896.5004310959
10031.724511 29895.4094996532
10044.765625 29893.9619965854
10057.233149 29893.6980665533
10070.915907 29893.5335190698
10084.842083 29892.5820239864
10099.361291 29888.3035915741
10114.066736 29881.1120086257
10129.274726 29878.1939755081
10144.419785 29877.5266242489
10159.837607 29870.3790105642
10173.868841 29869.2429151195
10187.387162 29868.3133523022
10201.157253 29868.1110910592
10216.359765 29867.4701890561
10230.925641 29865.5115681017
10243.924325 29863.9374795557
10257.18105 29862.3678147703
10270.480493 29862.2649691726
10284.414279 29860.0781129142
10296.989561 29859.7985684723
10310.58615 29859.4678613089
10324.974246 29858.7017117359
10339.207251 29857.8466088724
10353.822812 29856.0830696852
10369.124771 29855.1642159957
10382.889528 29852.6165819503
10396.786681 29851.5313220995
10410.704576 29851.385928266
10424.022414 29851.1599406903
10436.922503 29850.6855870104
10451.269298 29848.8392373779
10465.954562 29845.3705143232
10481.160748 29836.0338865357
10497.475789 29833.1375890263
10512.615958 29832.6106354342
10529.536384 29832.2003319674
10545.874108 29831.6497909124
10563.236735 29831.4957404663
10580.130582 29829.1169109537
10594.76243 29827.6098182483
10608.61562 29826.4521799062
10622.154774 29825.2818285282
10634.12434 29824.2914018701
10646.566996 29823.6225029639
10658.234755 29823.490106046
10670.428967 29823.0424685267
10682.644354 29819.7368228819
10694.516325 29817.0601499503
10706.684738 29815.1347660415
10719.859404 29814.6063444102
10734.338151 29811.0398663452
10748.463543 29810.0367403826
10762.115264 29809.660219555
10775.828063 29809.3579634521
10789.147567 29808.3064822194
10800.899834 29807.6155095915
10813.945321 29805.4640049422
10826.371181 29803.7527293914
10839.839805 29803.1038423552
10853.151656 29801.2027932826
10866.488902 29800.880161799
10878.985165 29800.7646046115
10893.853689 29800.4144967166
10908.422475 29798.5418551118
10922.910826 29798.526308523
10935.686865 29794.8907462049
10948.419416 29790.4591315644
10961.286573 29789.8618746044
10975.335823 29788.669627832
10988.296996 29787.5940930093
11001.340146 29787.3501849918
11014.511397 29787.2262852038
11025.520484 29784.9116956915
11040.185897 29782.5666446874
11056.15992 29781.5501611432
11070.098332 29781.3367720593
11083.3288 29777.7728255128
11096.726484 29776.915902049
11109.599919 29776.5589790898
11121.361331 29776.4508980376
11133.861906 29775.8407086389
11145.700184 29775.0943446272
11157.513103 29774.5941497594
11169.837213 29773.3418745875
11184.476735 29771.4607441785
11199.544732 29770.8216289562
11215.102242 29770.6119668534
11227.749381 29770.4145666249
11240.509603 29768.9100550899
11252.77951 29766.9198952936
11267.541204 29763.5929905975
11282.079341 29761.7448469993
11296.539005 29759.5475200153
11311.933559 29758.1268409198
11328.699793 29757.5341950061
11344.440535 29757.3565001082
11360.943337 29757.1322772834
11376.075129 29756.2345253228
11390.608197 29755.4344403722
11404.747897 29754.3384603511
11417.647848 29748.1889816296
11430.559149 29747.530289698
11441.853085 29745.1246882198
11454.119192 29744.7145829625
11467.349467 29744.4726973614
11480.400954 29744.3528526736
11493.382953 29744.1732216939
11505.010441 29742.3347126082
11516.358824 29742.158869951
11528.002401 29739.979362994
11539.782184 29739.1061510664
11551.591134 29736.8815571881
11563.36375 29735.7528987452
11573.40946 29735.5861381411
11583.563339 29735.2175875607
11594.807493 29734.5733060545
11604.426846 29733.8321673255
11613.906091 29731.8744031448
11623.411569 29730.6105840418
11633.01649 29729.7401401244
11642.349083 29728.9736535074
11651.863639 29728.8764849343
11661.398381 29728.4545721336
11670.844562 29728.3513187146
11681.019762 29725.678570788
11691.429768 29724.8349358255
11702.308926 29724.2575303666
11711.41183 29723.9071921246
11720.723474 29723.6072236722
11729.953078 29722.9892998285
11739.27436 29721.3369363086
11748.480616 29720.9065510832
11757.889026 29720.2669587637
11768.372585 29720.0063936656
11778.49723 29719.6657390572
11788.533027 29719.3053148468
11797.752803 29718.9186181355
11806.996267 29718.8269855969
11816.061006 29718.095944418
11825.434221 29709.2305698501
11834.531628 29707.6805483682
11843.773133 29704.3526896961
11853.335454 29703.9501769786
11863.403603 29700.1877883684
11872.719592 29698.976229671
11882.229579 29697.0829790777
11890.900984 29696.9809644543
11899.671516 29696.738615721
11908.634734 29695.4913363541
11918.060224 29691.1880156841
11928.14062 29690.0904425862
11938.37934 29688.2541203745
11948.027872 29687.2899351592
11957.130003 29686.9519552658
11966.23924 29686.36732225
11975.568145 29686.2045447624
11984.71653 29685.329851943
11994.101512 29684.1395332416
12004.208109 29682.4119937189
12016.290022 29680.4674982721
12026.609135 29679.8303759207
12037.185664 29679.057208645
12047.404114 29678.9861673864
12059.167757 29678.7395892125
12070.030311 29678.5917821124
12080.901512 29676.2143255451
12092.320287 29675.7534112249
12102.809942 29673.9083438727
12112.32322 29669.1422805489
12121.843014 29666.0959666175
12131.07194 29665.7650275541
12140.378387 29665.1469639866
12149.380427 29664.8577487407
12158.990038 29664.7616000752
12169.342039 29663.8170362571
12178.502801 29663.3047716021
12187.564458 29662.5761463158
12196.546193 29662.183254093
12205.423854 29661.345095367
12214.011017 29661.1004391288
12223.168158 29660.8996860143
12232.262914 29660.1911338137
12241.01295 29656.8722667789
12249.396862 29656.175255012
12258.101896 29653.8284662346
12266.848221 29653.8132418794
12275.627683 29651.8731618527
12285.447918 29651.193440727
12295.678802 29651.1655408388
12304.313675 29650.8057264464
12312.671203 29650.7151765954
12321.129056 29647.6121784143
12329.783922 29640.6866480318
12339.197743 29639.0532279054
12348.615769 29635.2652634892
12356.920688 29634.2022977353
12366.019996 29628.4514602766
12375.30343 29624.5764377359
12384.827238 29624.3686854613
12394.576453 29623.8403301922
12404.351214 29622.7965015591
12413.970847 29622.2095587037
12423.473938 29622.0206179307
12432.768631 29621.7444069544
12442.463638 29620.4239728111
12452.647554 29620.0477693771
12461.432426 29619.914855564
12470.380737 29619.3840737484
12479.127453 29616.8147652227
12488.135785 29615.6070458362
12497.680773 29612.7521671615
12507.239598 29610.0999291493
12517.476081 29608.5389110838
12526.560772 29608.3058206295
12535.851251 29608.1730877493
12545.44742 29607.9349388671
12555.299935 29607.3863840457
12564.470185 29605.7523181516
12573.602152 29605.4712948397
12583.168839 29602.62518747
12593.026288 29601.3849618517
12602.225188 29600.186976961
12611.292206 29599.8314577704
12620.571625 29599.5026994622
12630.687212 29598.9630718949
12639.588213 29598.4324191114
12648.734444 29597.5430304297
12657.685389 29597.4204888182
12667.557233 29596.751720176
12676.284687 29596.6272888834
12684.955654 29596.4692999189
12693.872281 29596.3069267212
12703.180666 29594.1331439002
12711.573905 29592.239478366
12721.18567 29590.1099386107
12730.231259 29588.1310379903
12740.769722 29587.5290631434
12750.222315 29586.9040411841
12759.529497 29586.2229549489
12768.942969 29586.0529635692
12777.741094 29585.9626916655
