time objective
0.499947 77695.1031889639
1.186841 64847.894378897
2.320969 61241.7316973821
3.913157 55510.235227141
5.186109 50646.4853301448
6.597758 48127.6978651536
8.27816 46424.3889121973
10.187345 44769.3731841611
12.208915 42778.0946934351
14.48244 42473.4087521644
16.86703 41262.5245616376
19.239889 40267.0393855502
22.066261 39790.1591437267
24.870218 39629.3345152673
28.165661 39425.1981656337
31.868679 39074.5319053918
36.130094 38626.7266468247
40.185673 38350.8824716551
44.866777 38105.7318720532
50.162542 37896.0751999281
55.319068 37817.6434607903
61.010966 37683.174288952
66.831891 37488.7134282899
72.785749 36855.2052518943
79.193704 36674.9439586584
85.499928 36336.794149085
90.938857 36229.4312424566
97.071348 36132.729048505
103.522862 36104.8940671922
109.95232 36041.6399990432
116.710221 36028.0073463827
123.636598 36003.4253871209
131.034833 35738.6961244811
138.317464 35649.5537696813
145.634017 35547.1417872463
153.388451 35317.2180363672
160.945933 35206.301209479
168.136703 35060.2258872293
175.600032 35043.6923735582
184.95505 34995.7913374753
194.374789 34878.4280794727
203.821395 34771.8332923176
213.335424 34721.2543669709
222.14638 34671.8046052197
230.799179 34612.1069887413
240.280975 34596.7616027238
250.527281 34583.4694173798
260.858855 34514.4692598098
270.563843 34333.2382503153
280.232706 34130.6974105654
290.514241 34061.8093342209
300.988619 33837.0649110193
311.452336 33803.6274575428
321.625418 33736.5982788196
331.47946 33730.3328842068
341.662591 33699.8508466354
352.847643 33673.4148182561
364.294381 33654.2404664957
375.799636 33598.1040400069
388.005968 33578.6851247491
400.803788 33563.7557597192
412.574298 33545.9023188679
424.733244 33541.1167979952
437.274363 33528.2743525957
449.046677 33410.2259336756
462.187827 33364.1603523026
474.927225 33343.2344758601
486.520884 33203.7163602252
499.254385 33081.8188237
513.105102 33072.2029715891
526.432086 33064.9522778262
540.518178 33037.7711467734
554.95524 33018.0848770272
581.626446 33001.0730364555
600.340101 32979.7093846348
616.776863 32971.1129224899
632.779648 32961.7060438456
647.567048 32959.2261274045
661.524465 32945.8991294498
677.424266 32896.9018666285
692.613291 32879.714197557
707.900987 32862.2290028011
723.503856 32832.2704803126
737.759116 32806.9469619826
753.123086 32799.6454291786
768.713386 32790.7249240544
785.06758 32771.6800040309
801.854901 32750.7497060254
817.289904 32720.7809600614
834.314692 32715.4053116331
851.130355 32678.8197305684
867.817645 32672.0449754004
885.026851 32668.9906099995
902.171393 32665.8281467929
919.919696 32658.4742058262
938.207714 32570.4171081623
957.274581 32535.2399373314
974.484727 32522.6527567601
992.643732 32433.8749339359
1010.940404 32370.3716813048
1028.169271 32357.907563378
1048.008629 32350.0158672734
1068.19319 32341.8491313938
1088.000192 32331.6780908419
1107.109169 32326.9661065347
1125.743456 32322.9733391966
1143.802659 32306.3503308624
1162.65379 32303.0195866228
1179.340695 32293.3477215249
1196.031257 32239.6683335763
1212.936867 32152.48399617
1229.093521 32113.8083615918
1245.620621 32071.6099680626
1261.642142 32048.6992514061
1278.428649 32035.5050127832
1294.623981 32017.2054895088
1312.525476 32015.4113968273
1329.103872 32007.5416766564
1345.85844 32002.4919120942
1362.761498 31994.9272182745
1380.277233 31981.8260350888
1397.655646 31976.034058901
1415.726371 31972.3731895233
1433.115874 31968.8507770523
1451.352601 31960.5389823921
1471.589278 31933.4919234788
1490.515534 31917.6793853527
1508.932665 31912.991516654
1527.9853 31886.7152644108
1546.107704 31874.2746425851
1564.81702 31868.8850473228
1584.868769 31866.5752589275
1603.42782 31862.0228300776
1623.486858 31845.2620807706
1642.053401 31827.9109484192
1661.030606 31806.6963744615
1679.617773 31790.2092458827
1698.12603 31776.0094316804
1716.415747 31771.1606631996
1735.580822 31767.7070598769
1753.231098 31765.749377071
1771.663386 31761.8577004326
1789.83526 31750.8586980542
1808.031344 31748.7537493377
1827.046891 31747.595845244
1845.788001 31734.2649116657
1863.546415 31731.1041199655
1884.660532 31727.7007416247
1905.783403 31725.5336304181
1925.788588 31722.4626394439
1946.610589 31712.7454477536
1967.334312 31649.4551595429
1988.690127 31637.8003123232
2009.181896 31595.2496859537
2029.013625 31557.7733711283
2049.957287 31539.4545526296
2068.90864 31537.4883862466
2089.587825 31535.1184046278
2110.120153 31533.5082909903
2131.8246 31525.7824615466
2153.160532 31517.7470657067
2174.264071 31512.5569022524
2195.455891 31507.5141133397
2215.606114 31503.6285996715
2233.827966 31502.0049244336
2253.536671 31500.1014279653
2271.897521 31494.0550545504
2290.43653 31492.1531756931
2309.269823 31489.0534088053
2329.158271 31485.800722754
2350.06176 31483.3185883678
2368.753214 31482.1596772705
2387.568732 31480.2591820076
2406.873902 31400.7550752561
2424.910701 31320.5385682511
2443.130987 31277.6640436868
2461.642153 31257.6546406871
2479.099466 31242.6916772655
2498.730818 31224.1187722833
2518.919651 31214.3492085588
2538.219943 31211.133734473
2557.849199 31207.4910828295
2576.926768 31201.2764525166
2595.123289 31197.567781471
2615.315361 31191.1770146336
2634.816708 31185.1597140332
2654.085803 31177.4479675946
2673.938384 31175.7588922049
2693.639198 31173.7844806243
2713.737032 31172.235442145
2732.328548 31169.1472534363
2751.697618 31165.7096683673
2772.157196 31163.8405321143
2790.281168 31161.5060255255
2809.247356 31159.1648377219
2825.648822 31149.9253998467
2842.297742 31145.5696153979
2857.913993 31136.559419134
2872.307494 31124.1660426431
2886.578676 31115.5556081747
2901.018361 31114.4916043048
2915.243486 31109.5258682114
2931.319859 31108.5460793424
2945.115961 31108.0926945859
2959.459401 31096.5748247027
2974.735968 31094.3212700977
2991.713063 31065.5494658236
3008.138354 31058.9546181695
3026.882884 31039.2378219665
3044.728624 31034.0697773155
3061.612286 31032.481621222
3079.855126 31031.1533993058
3096.633006 31026.2417383414
3115.898064 31020.7815736528
3134.251648 31018.6025723407
3153.740954 31013.125267569
3173.665819 31011.5380651627
3193.371337 31009.0297742296
3212.376102 31007.3581690738
3229.794795 31003.8988655
3247.024519 31001.3578679332
3264.532911 30998.3500890164
3279.605992 30995.565257168
3293.432477 30992.7145966761
3308.570534 30991.5712094311
3323.298908 30990.7702142391
3337.605023 30985.9759295437
3352.319325 30955.57310739
3366.385424 30930.0149021122
3380.881116 30921.605849154
3395.870854 30916.8719536717
3410.684448 30891.5523648212
3423.55691 30888.6449086096
3439.065004 30885.3165931025
3453.86681 30882.354155811
3467.714563 30880.2906658447
3482.048125 30876.1232283676
3499.691271 30874.613225645
3514.711642 30862.3900028504
3532.653735 30859.6733246141
3550.387734 30859.3808506265
3566.571914 30858.6663941626
3583.063056 30858.2505869909
3599.693365 30853.2528180806
3616.878032 30848.4159231458
3633.519999 30843.5139912709
3652.151624 30843.5139912702
3667.530722 30843.1908548697
3684.030956 30837.4149660894
3698.96018 30836.5977514009
3712.06855 30835.3131213421
3727.173388 30815.8396160479
3741.020317 30809.5704397877
3754.736943 30797.4261169426
3768.773173 30789.9563446895
3782.302921 30785.7611581739
3796.670054 30784.4192319909
3811.862508 30783.6193073762
3826.415763 30778.7152212213
3839.919448 30777.5769613507
3854.941425 30771.3876527991
3869.437507 30771.057956156
3885.422532 30764.8067139946
3901.596585 30763.191365822
3917.620258 30763.1375367037
3933.010192 30762.0324831074
3948.575253 30761.5186100994
3966.101395 30749.2276467282
3982.570224 30739.5263414495
3999.60739 30735.9795832985
4015.58241 30712.4996802592
4032.327842 30697.8565039143
4048.997486 30693.0450503861
4066.5838 30692.0849832289
4083.108257 30690.1862167501
4101.186234 30687.9683399252
4119.898393 30678.1528919649
4137.016988 30676.5939622894
4154.578161 30673.4055570704
4172.133792 30671.7106077245
4187.13907 30670.4318705267
4203.694291 30670.3490891719
4220.674208 30669.5794853907
4237.097491 30669.3732840245
4254.578229 30667.5593605019
4272.13834 30664.2034244872
4286.76535 30657.2444896096
4301.256489 30654.3606375216
4315.736081 30642.7897615604
4331.597513 30634.0541425761
4346.74853 30632.7015171928
4360.696745 30632.1464047276
4374.991985 30629.8190463875
4389.67209 30625.8501803619
4403.062557 30621.421266997
4417.38686 30619.0015642313
4432.822842 30615.7739705996
4447.606412 30614.1753623534
4464.070529 30612.9844223431
4480.676239 30610.7709725994
4495.493094 30605.6059723113
4510.07276 30605.4725015435
4525.284562 30604.3368596357
4541.525407 30599.7798398678
4556.806966 30596.4167440745
4572.615386 30595.8556328467
4590.006779 30594.4156757139
4606.960032 30592.5302870938
4624.489897 30589.9542697999
4640.136874 30587.5757475511
4655.157092 30585.7771877324
4670.633836 30584.8398209057
4685.765356 30584.0216001577
4700.808891 30580.2065314268
4714.955172 30580.198577782
4728.486766 30576.2897972501
4743.251154 30574.0349563971
4757.120487 30570.7168104549
4770.563711 30563.8313794934
4785.546931 30558.5917886441
4799.42227 30558.1766118391
4812.297984 30557.4568205249
4826.664891 30557.1132574848
4841.501756 30551.6123217022
4854.012647 30543.2419663835
4868.189016 30532.8611501151
4883.029018 30524.8514538288
4895.674984 30507.1454003699
4911.245373 30498.8565393508
4928.043334 30497.1495024838
4944.539965 30497.0141055605
4961.309819 30494.8588667696
4977.331683 30493.9669110789
4994.74619 30491.670792324
5011.407213 30490.4934923287
5028.748788 30487.592487098
5046.768293 30483.3673944603
5064.418223 30481.9636108356
5080.036922 30481.1318901228
5098.452314 30480.3527015014
5116.779527 30479.9055316995
5131.223525 30474.8838354562
5147.642129 30465.7037999572
5164.34911 30463.0127380279
5179.686893 30458.5980579571
5194.894195 30453.9450098711
5211.518459 30452.561555054
5227.727604 30451.4767438752
5243.679711 30451.1105895351
5259.79329 30448.6646126628
5274.441179 30447.5040777598
5290.239688 30445.5751561023
5304.888527 30443.2360940641
5319.43613 30440.4914692455
5334.522935 30439.84996289
5348.714617 30439.5940853848
5363.941912 30438.1157301569
5375.440845 30437.1888026939
5385.98705 30433.7425278129
5396.243221 30431.5104181086
5408.769386 30427.3097961382
5419.795774 30419.187451146
5430.861096 30416.8292713745
5441.980397 30415.5257416861
5452.566583 30415.0124167584
5464.462572 30414.3799052215
5475.437743 30413.709076269
5486.169355 30411.696077623
5497.123323 30409.9205770092
5507.023863 30405.8941747454
5518.787577 30397.4198058417
5529.770116 30394.4603306508
5540.346594 30390.855479641
5551.298538 30389.1776159963
5561.72747 30388.9635071533
5572.719295 30388.0565152642
5583.495785 30387.4667414424
5593.240432 30382.1463195243
5603.443664 30379.367851463
5614.338063 30378.1420301214
5624.629633 30377.439310946
5635.997456 30376.4829814115
5646.501641 30375.450775198
5656.918289 30374.7765992352
5667.635859 30373.5969576219
5677.986964 30373.2698194598
5689.21661 30372.719869302
5700.354977 30372.0614063369
5710.013894 30369.5692147912
5720.086679 30363.8145391216
5730.146925 30360.1893392824
5740.232673 30358.8129030172
5750.552118 30356.8843460492
5760.849728 30355.8569239145
5770.634426 30352.7278814145
5780.775416 30352.3449377747
5790.865682 30352.0928709721
5801.185652 30344.6751896117
5811.284742 30325.3497560318
5820.624391 30324.8805157055
5831.009007 30311.7229033587
5841.796348 30306.5043936255
5852.570785 30298.7768869197
5863.210594 30297.0086957502
5873.446988 30296.5568745717
5884.142947 30293.0303168658
5895.814476 30291.2946099676
5906.580939 30290.9040974524
5917.930755 30290.4021736914
5929.222439 30286.6935989666
5943.001545 30286.2730048994
5955.515365 30285.8317362756
5967.098887 30283.4134117522
5979.934573 30276.8363269512
5992.211043 30274.6656932148
6005.293283 30269.8739427162
6017.914025 30264.1465825757
6028.294888 30260.6009987696
6038.991646 30259.5573640102
6050.378585 30259.2342360243
6060.91533 30257.6590309888
6071.977726 30252.0104581485
6082.06452 30249.3295919461
6092.602096 30245.3699417445
6103.728108 30236.2593552619
6114.181547 30233.5824939357
6124.860497 30229.3011551165
6135.689126 30228.722956991
6146.375326 30228.4764217009
6158.025437 30228.2404528516
6168.489157 30225.6528628158
6179.347584 30223.3641066396
6188.934786 30220.5842475449
6198.559513 30219.849826032
6209.07544 30217.7316074234
6218.974348 30217.3375029726
6228.585872 30216.5973656599
6239.109417 30214.6002116604
6248.712281 30209.8406536613
6260.189327 30208.3804131016
6270.892371 30206.6823618025
6281.176759 30203.8209030828
6292.729022 30203.2875968693
6303.518663 30202.5044886504
6315.146966 30200.8514966178
6326.956001 30197.9721340981
6336.706863 30195.5912061363
6346.978932 30195.2400587827
6357.259179 30192.1938189349
6367.594323 30188.869898537
6378.675645 30188.4185710024
6388.83502 30188.115008174
6399.016026 30187.7808950773
6409.987597 30185.4663350889
6419.897072 30179.7787111605
6430.331068 30175.8445910498
6440.337499 30174.119744145
6450.129299 30170.4650577755
6460.23418 30166.4444105195
6470.041306 30165.8134152814
6479.730979 30165.2270617701
6489.832882 30163.5044788134
6499.034862 30161.6722180899
6508.912531 30160.8683341275
6519.184236 30159.5398490246
6528.945712 30159.1835195101
6539.062947 30158.1845166055
6549.216706 30156.962686578
6559.13704 30151.5690549744
6569.85231 30149.7933283928
6579.390579 30148.0399999674
6589.255391 30147.561797265
6599.404246 30146.8374734301
6608.997461 30146.1545277275
6619.319255 30145.270277128
6630.096961 30144.9942061673
6639.557203 30143.2162074647
6649.13257 30143.2080843924
6658.263791 30142.0185537039
6667.671463 30140.8488565033
6677.702981 30140.4149060038
6686.991909 30139.9491616045
6697.355332 30131.1411856265
6706.899147 30126.246663909
6716.704093 30116.5926078689
6727.38155 30110.4685816973
6737.296603 30106.0099453511
6747.74866 30104.0299706099
6757.85404 30102.0080918828
6767.522708 30101.6553283502
6778.089146 30101.3169057984
6787.970055 30097.9765868228
6797.972827 30093.1333776846
6807.859037 30089.6435014862
6817.299953 30088.2585062135
6827.477254 30085.025860026
6838.681488 30084.6276566492
6850.175723 30083.9493824158
6863.44078 30083.6790670871
6873.645822 30081.8337993485
6883.687769 30080.1308363894
6894.585866 30078.4140541808
6905.113277 30077.2716761233
6916.377798 30076.2983755558
6928.138889 30075.7855159515
6939.091327 30075.4812724295
6950.24796 30075.3090231665
6960.772878 30075.0160491563
6970.619277 30070.5818140022
6980.632819 30068.3675308668
6990.071793 30068.095857826
7001.043774 30063.3129087945
7012.051721 30061.3505954763
7021.912324 30060.8117434718
7032.343469 30060.5389310045
7042.213183 30058.7462432373
7052.495586 30056.9876154592
7063.580922 30053.8831739739
7073.58389 30051.0650485425
7083.001111 30049.981082998
7092.626616 30048.7542136842
7102.134412 30048.1833973323
7112.952254 30047.8439631878
7123.248729 30046.9070269508
7133.010856 30043.6232734597
7142.769835 30041.5369626001
7152.463687 30039.5644086691
7164.40509 30035.7875951244
7175.966697 30033.7634932943
7185.680416 30032.5483889325
7195.708002 30032.1992362833
7206.328017 30031.2492094241
7217.369382 30031.2307767961
7228.344225 30030.9677648101
7237.827162 30028.1795130673
7248.963582 30025.2470886663
7258.837774 30024.7719955087
7268.81201 30024.4387874569
7278.999945 30022.8167400879
7287.644033 30020.0395017608
7296.650892 30016.7253142038
7306.051328 30016.6408532517
7315.139557 30014.7846779644
7324.463227 30012.7237254052
7333.563654 30011.7370947597
7342.328725 30011.3193063046
7351.534421 30011.142615856
7360.309809 30007.3753943936
7369.717124 30005.2978666667
7379.153308 30000.1925118627
7388.026142 29996.9457990371
7397.36346 29996.9196679185
7406.431325 29994.0746126483
7415.608178 29993.8175250132
7425.299478 29993.4944529528
7434.410399 29992.9911708225
7443.315689 29990.3915598506
7452.319747 29986.8943124695
7461.603197 29986.6008021318
7471.874596 29985.2372558488
7482.246377 29979.3144032921
7491.157432 29977.6977821833
7501.056018 29976.6832642074
7510.79565 29976.5781705248
7520.860061 29975.3035988328
7532.472026 29974.4422441182
7543.443407 29973.3906234361
7552.370173 29971.8430399556
7562.251816 29970.9183636118
7571.993111 29970.4915324997
7581.980501 29970.1655831812
7592.133543 29969.8584687402
7601.265165 29966.968406676
7610.641298 29962.8874412641
7620.854006 29962.1762006594
7630.449593 29956.7806152775
7640.788025 29955.7605985068
7650.261367 29954.3589019449
7659.701454 29953.952084637
7669.520102 29953.7109926745
7679.091424 29953.0292386519
7689.150004 29952.3803189411
7698.667355 29949.2026028192
7707.770012 29947.046330454
7717.517893 29943.8850339504
7727.235847 29943.3867443629
7736.999039 29940.0495624109
7747.596142 29937.3345149971
7757.633054 29936.7526087565
7768.851758 29936.2991428918
7779.794253 29935.4614314819
7789.923928 29934.8027977112
7800.809568 29933.9405816476
7812.267325 29933.865254665
7822.338691 29932.0235794169
7833.667031 29931.5425517114
7845.105207 29931.2719027253
7854.471366 29930.6017862101
7864.802838 29930.1971229694
7874.170503 29928.6190288938
7883.772233 29927.178284035
7894.400802 29926.5981020096
7903.961211 29926.080700445
7913.773507 29924.6822656799
7923.331493 29924.2323119924
7932.333755 29922.5056381806
7943.044743 29921.609257871
7952.605152 29918.5054449264
7962.121439 29917.2692034423
7971.630363 29916.7293530726
7980.64556 29916.6711205849
7990.70805 29916.4585595083
8001.230079 29916.3620810829
8010.494081 29915.0997907695
8019.47477 29905.9018832966
8028.157917 29903.6808543177
8037.100514 29896.4011164596
8046.787619 29881.716236457
8056.372492 29878.2664449074
8067.242267 29876.8165377574
8077.450901 29876.2551123454
8086.439496 29874.3821181787
8096.331972 29873.0739903496
8106.65235 29872.3550213381
8116.412419 29872.315958603
8126.051609 29871.5025620775
8135.002285 29871.2999879569
8144.381006 29870.5526850938
8153.459947 29870.0903204527
8161.911223 29867.9681622955
8170.819583 29866.3203204758
8179.461171 29864.8960421152
8187.769929 29864.5720531363
8196.534868 29864.2863106611
8205.134485 29863.7779750363
8213.91056 29861.9513728431
8222.771072 29861.0438165888
8231.213684 29859.4437173066
8239.940523 29858.0805698109
8248.609118 29856.9192056215
8257.051003 29856.4965662173
8266.155384 29855.8784782516
8274.882585 29855.39842427
8283.112442 29854.882068049
8291.689598 29853.5695265877
8299.890882 29852.4978454685
8308.563929 29850.4442896067
8317.611152 29849.9333400222
8326.049726 29849.3486743766
8335.307027 29849.311049945
8344.760272 29848.6844999377
8354.461217 29848.577158611
8365.893824 29848.2554561964
8375.102268 29840.4159024359
8384.076925 29829.8280504186
8393.454743 29825.4894847216
8402.933142 29819.9005179158
8413.77389 29811.0918274413
8423.450828 29807.6105930747
8434.254592 29807.2128981272
8443.588843 29806.9855912801
8452.433272 29806.8216546377
8461.921971 29805.6580349665
8471.159236 29805.3481049878
8480.149324 29805.1776124557
8489.448646 29803.8516631458
8498.047595 29803.3640521434
8506.766005 29802.852128657
8515.50382 29802.6934007847
8523.865729 29802.3235009634
8532.625228 29801.2235511778
8540.850481 29796.2474156892
8549.003592 29793.7332748211
8557.401977 29790.842341162
8566.077528 29789.8472811436
8575.691167 29789.4898990301
8584.985404 29789.2819330578
8593.357219 29789.0943308724
8602.730308 29787.3476701446
8611.21268 29787.2498502473
8620.4257 29784.876391225
8629.889312 29783.0572520246
8638.843767 29778.3957043078
8649.969252 29778.0649748347
8660.589101 29777.7874266488
8670.083413 29777.1940025945
8680.373496 29775.5649965701
8690.753176 29775.5496447266
8700.633911 29773.7407827969
8711.132246 29773.2833296614
8721.319948 29771.8822978893
8731.440761 29771.7321908716
8743.310779 29770.4613937336
8753.165643 29770.0387987663
8763.480975 29769.4006525901
8774.714097 29766.8928389811
8785.069114 29766.0167706482
8795.79856 29765.7406321872
8804.942345 29765.527194594
8813.480754 29764.4529484663
8822.259485 29762.1253148516
8831.100742 29760.9332806266
8839.821404 29758.5592837567
8849.57979 29757.5563539399
8858.16 29756.6804224546
8866.998379 29756.1663953677
8875.560029 29755.9527668638
8886.060411 29755.6100267031
8896.895581 29754.7714596917
8906.689519 29754.4121192813
8915.963063 29753.2126529417
8924.776375 29752.9892244527
8932.410194 29752.5560610949
8941.588749 29752.2243413078
8950.414701 29751.9487773542
8959.361954 29751.6497668761
8967.523728 29750.565980257
8975.024144 29745.1072503846
8983.814392 29737.3657452947
8992.697689 29736.1658713701
9001.40483 29734.7195827257
9010.487449 29728.5067655199
9018.726105 29723.1744609594
9026.733734 29722.2906894574
9034.819339 29722.1247288199
9043.004467 29721.7344094933
9051.780233 29720.9375600596
9059.942673 29719.7596036622
9067.875983 29719.6187232355
9076.140628 29718.2101044296
9084.07213 29717.7868118886
9093.70306 29717.4526025685
9103.126237 29717.2093953139
9111.708014 29715.92714326
9120.6639 29714.4318327375
9129.280785 29714.2061372225
9139.469893 29712.5607274618
9150.889771 29712.1266347847
9159.454181 29711.6465782963
9167.892953 29711.0125661202
9176.420551 29710.4044192119
9184.650203 29709.3717962933
9193.734562 29708.7202149483
9202.347612 29708.5058877083
9210.76648 29707.6246637177
9219.563966 29707.4749121974
9228.547184 29707.1533642895
9238.369799 29706.4184520915
9247.940413 29706.2675903087
9256.681123 29705.9489400056
9265.594339 29705.571780241
9274.099246 29704.6028058482
9283.523812 29704.0085518347
9292.388269 29703.4288897782
9301.57089 29702.2400982913
9311.339418 29701.7709696054
9319.796255 29701.5132707207
9328.520211 29701.040318684
9336.960468 29699.3384850583
9345.236089 29697.1150832335
9354.988523 29696.7942547595
9363.696892 29694.6025074713
9373.222906 29692.1627533828
9381.051547 29690.5899441992
9388.910939 29690.4310733648
9397.119868 29689.8217676358
9405.132843 29687.835222915
9413.997281 29687.5273809067
9422.708421 29687.1976586106
9430.727536 29686.5615448834
9439.249247 29686.2177350961
9447.324881 29686.111192622
9456.06994 29685.8170851047
9465.138296 29685.6132861206
9473.720591 29685.1698388598
9482.202822 29682.4718014319
9490.515547 29677.8610540442
9499.08189 29676.3902244322
9508.49576 29673.9701829771
9518.126506 29672.379144871
9529.62811 29670.0335418706
9541.740795 29668.8680857136
9552.417316 29668.7411923249
9565.978072 29668.2781562882
9578.935097 29668.2225421776
9590.288102 29667.8896968744
9602.869053 29664.7340120931
9612.846503 29664.0212001753
9622.544516 29662.8907570195
9632.505404 29662.7001146714
9642.561252 29662.5863589727
9650.49426 29662.4226717055
9659.017624 29659.9671021474
9667.102644 29655.7837167218
9675.71651 29654.4723622632
9684.361748 29653.2329395415
9692.298748 29651.678704165
9700.71094 29650.6646092277
9708.665748 29650.4527007226
9716.961369 29649.8132329313
9724.919894 29649.0930465395
9732.656545 29647.7180321703
9740.740717 29646.7624742135
9748.227773 29646.0465002811
9756.082996 29645.7768454319
9764.967281 29645.7585257048
9773.349936 29645.2918080302
9782.473688 29645.231213147
9791.002367 29645.0325080027
9799.883677 29642.669810069
9809.947412 29641.0871009564
9819.574419 29639.698131154
9827.822039 29638.1258988385
9835.992285 29634.923499564
9844.088941 29634.105201583
9852.976746 29633.4351136869
9861.143123 29633.2506490823
9869.346631 29632.7316341914
9878.34957 29631.4207345479
9886.248903 29630.070966252
9894.066745 29629.3803390074
9902.308407 29629.3174688273
9909.970891 29628.6267935312
9917.762253 29628.0514626955
9925.902256 29627.9291297748
9933.718389 29627.1873426832
9942.556462 29625.5281011582
9951.01257 29624.7738727199
9959.14882 29624.1831384731
9968.252839 29623.4912519308
9977.617888 29623.1418500879
9987.19637 29622.8747113129
9997.333746 29622.6148066858
10006.241883 29621.651022857
10015.737483 29620.0793391517
10024.883455 29619.1293952757
10034.050356 29617.851103735
10043.017992 29616.8122607448
10051.474154 29615.6331197965
10059.906351 29615.4199219664
10068.457501 29615.2522875029
10077.108027 29615.0354235344
10087.441567 29614.48990057
10096.697345 29613.9920923574
10104.671573 29612.777125161
10112.672232 29612.4235141996
10120.308 29611.6393270025
10128.485934 29610.7776405985
10137.161946 29610.6758938085
10145.186304 29610.2675705865
10153.827668 29608.7313184278
10161.529467 29607.4093696246
10169.055855 29606.8037771117
10177.457194 29605.4107249582
10185.810289 29604.922417551
10195.06109 29604.0462170133
10203.851571 29603.894439712
10212.504441 29603.5620196522
10221.431552 29603.5487644877
10229.571 29601.5822005195
10239.839048 29600.4233321364
10248.662354 29599.8081253675
10256.530316 29599.5662311771
10265.230181 29599.0665400983
10273.199489 29598.9478969616
10281.274763 29598.5576409873
10289.525193 29597.932256309
10297.415524 29597.2897563424
10305.726481 29597.1152107439
10314.229686 29596.7485423435
10323.137949 29594.7476485249
10332.638383 29593.3230527435
10342.284331 29592.0299108332
10352.361676 29588.9108485197
10364.04101 29586.5761854922
10374.693063 29586.5165135322
10383.654416 29585.4503043153
10395.519648 29585.3521292238
10406.934054 29585.0918091553
10418.657316 29584.4123943961
10430.914495 29583.6338462967
10442.857926 29583.5576603734
10453.219301 29582.8599421433
10463.611605 29581.6346104075
10473.048329 29580.3719102145
10480.740674 29579.7910582315
10488.898741 29579.7187067186
10496.840142 29579.5973968574
10504.418015 29578.9701595433
10512.266093 29578.874701213
10519.639754 29577.4749688973
10527.371267 29577.0107360073
10535.060376 29576.0972565224
10542.382507 29575.7722746545
10550.105819 29575.6353562552
10557.903813 29575.4318913747
10565.429261 29573.6635590439
10573.026026 29572.0738749046
10580.896354 29571.0177771675
10588.838094 29569.7470996022
10597.172355 29569.5814137612
10605.331708 29568.9252977933
10614.455473 29568.7078292347
10623.15446 29568.5518505396
10632.041824 29568.4537142316
10640.312707 29565.1128778558
10647.807722 29564.4429916153
10655.887761 29560.2818478951
10663.748814 29557.861135179
10671.502621 29556.089858395
10680.127553 29551.7475118915
10688.32077 29550.8021501892
10696.085763 29550.5994850986
10704.843926 29549.3516369498
10713.247756 29548.9197062567
10721.742252 29548.5296246322
10730.548368 29548.144396997
10738.45841 29547.998111355
10746.57967 29547.4349860593
10755.656046 29546.4780272609
10763.702374 29545.4052347954
10773.799179 29544.2201404954
10783.326871 29543.5216755191
10791.857101 29542.9396833391
10799.578914 29542.6406828687
10807.134499 29542.0567822688
10815.228857 29541.7503337032
10823.71362 29541.245665337
10831.658148 29540.6814724313
10840.356551 29540.5859284249
10848.101508 29540.4661315342
10855.682302 29540.263378504
10863.663018 29540.0939491891
10871.292279 29540.0562641903
10879.594774 29539.8412883241
10886.86293 29533.4375784004
10893.643672 29529.1503677455
10903.419007 29523.2252580238
10912.706508 29520.9103474549
10923.148705 29519.2187632216
10932.284308 29517.1736160196
10940.75823 29516.2980006158
10948.798039 29516.1020103836
10957.184121 29515.0320674247
10964.79363 29514.5300632946
10973.245889 29514.3537160691
10981.441018 29513.8481382079
10988.770011 29513.1788435869
10996.467941 29512.4032052922
11003.672633 29512.2344646022
11011.015368 29512.0197732861
11018.537598 29511.5149741654
11025.777624 29510.1092236447
11033.42247 29508.6637359258
11042.078059 29508.1586560302
11050.304622 29507.3393673062
11059.742708 29506.2753844315
11067.705944 29505.3471800071
11078.265655 29505.2318824451
11086.310803 29505.0953546533
11093.789851 29504.9710927611
11101.973148 29504.6911690856
11109.383965 29504.3872390648
11117.373342 29503.3039540822
11126.606078 29502.7962243949
11135.284343 29502.5355219018
11145.195766 29502.0079487175
11154.365588 29501.1067452113
11162.626166 29500.9030749603
11172.96043 29500.5790125684
11184.743092 29498.3507463477
11195.552084 29494.5073286859
11205.801671 29493.1236039734
11216.84335 29492.7257715821
11226.42821 29490.4520579322
11236.991305 29489.8195371292
11247.302341 29489.4522293552
11256.982525 29489.3267186368
11265.993954 29489.0998490157
11274.436973 29488.4811939077
11281.799972 29487.6749322384
11289.840401 29486.6418120127
11297.473723 29486.2903223514
11304.805224 29484.4737920931
11311.983701 29484.1489549219
11319.593664 29483.8823810739
11327.683983 29483.7567851594
11335.531913 29483.5690773526
11343.785869 29482.7124782442
11352.263783 29482.3483270078
11359.218371 29481.6368447158
11366.679108 29480.3559420966
11373.759926 29480.1310093718
11380.605451 29479.892961532
11387.857982 29479.8068162837
11394.881764 29479.4618809572
11402.181529 29479.3035446721
11409.546711 29479.050561096
11416.462409 29478.7975188571
11423.587044 29477.8985584046
