time train-error
447.681333 0.087965062568237
777.721131 0.078642815150752
1136.632971 0.07244478038128799
1400.162564 0.06831275720164598
1610.873433 0.065272528764592
1790.842607 0.06293776769967196
1949.356615 0.06144284874443595
2091.792688 0.05994792978920005
2221.775837 0.05905769715293496
2342.887675 0.05825144872763899
2532.863761 0.05756277819769895
2675.678258 0.05699168556311396
2801.388444 0.05630301503317403
2918.098853 0.055916687662718956
3027.536815 0.05571512555639502
3130.178513 0.05522801713277903
3227.145136 0.055127236079617004
3318.959712 0.05448895607625803
3408.793103 0.05433778449651505
3495.021808 0.053800285546316995
3578.570615 0.05339716133366901
3659.564856 0.05334677080708805
3738.482209 0.053229192911733
3814.943104 0.05312841185857098
3889.38154 0.05292684975224704
3962.275193 0.05284286554127804
4033.109786 0.05284286554127804
4102.472737 0.05292684975224704
4170.709102 0.05277567817250395
4237.513889 0.052809271856890994
4304.261406 0.05259091290837303
4369.245824 0.05265810027714801
4432.926705 0.05237255395985596
4495.922642 0.05269169396153495
4557.810042 0.05233896027546803
4618.642075 0.05235575711766205
4678.982177 0.05237255395985596
4738.603832 0.052254976064500025
4798.118284 0.05217099185353202
4856.650163 0.052322163433275004
4914.368425 0.05235575711766205
4971.442107 0.052103804484757044
5027.548073 0.052238179222306
5083.519354 0.052036617115981953
5138.714279 0.05213739816914398
5193.148857 0.051835055009658015
5247.19548 0.051969429747207974
5301.346449 0.05207021080037
5355.134895 0.05200302343159502
5407.659606 0.051902242378432994
5460.544506 0.05181825816746499
5513.194237 0.05188544553623897
5620.904015 0.051549508692365964
5693.488821 0.05165028974552799
5760.544648 0.051566305534559986
5826.31663 0.051482321323590985
5890.091668 0.051616696061140055
5952.236423 0.05138154027042896
6013.437573 0.05136474342823505
6073.363138 0.05138154027042896
6132.806035 0.051549508692365964
6191.353459 0.05143193079701003
6249.173991 0.051196775006299045
6306.356941 0.051163181321911
6363.187475 0.051331149743848004
6419.827558 0.05129755605946096
6475.792507 0.051263962375073024
6531.310791 0.051196775006299045
6586.514981 0.051196775006299045
6640.941789 0.05114638447971798
6695.594016 0.051347946586042026
6750.389335 0.051163181321911
6805.965468 0.05097841605778097
6859.669415 0.05111279079533004
6913.679627 0.051163181321911
6967.118614 0.05102880658436204
7019.907111 0.05111279079533004
7072.942999 0.05102880658436204
7125.916567 0.050995212899974995
7178.32886 0.050911228689005994
7229.856918 0.05086083816242504
7281.509875 0.05087763500461895
7332.887712 0.05089443184681297
7385.077033 0.050911228689005994
