time train-error
67.326688 0.13101536911060696
101.426422 0.12490131855211195
133.846182 0.11914000167968397
166.911081 0.11144704795498495
200.200019 0.10797010162089504
234.182345 0.11200134374737503
267.685555 0.10770135214579701
300.090365 0.107365415301923
333.050111 0.107281431090955
366.398024 0.10649197950785205
400.405096 0.10494667002603497
434.039087 0.10435878054925696
466.360425 0.10445956160241898
499.286432 0.10249433106576
568.077875 0.103065423700344
636.495186 0.10167128579827
703.626022 0.10190644158898099
772.604205 0.10110019316368501
841.662945 0.10064667842445596
908.842082 0.10020996052742104
977.315435 0.09948769631309295
1046.238106 0.09889980683631505
1116.107301 0.09866465104560296
1183.327581 0.09711934156378599
1251.401961 0.09774082472495205
1320.818458 0.09540606366003201
1388.81347 0.09632988998068404
1456.343788 0.09397833207356998
1525.232304 0.09463340891912297
1594.21085 0.09187872679936204
1662.184007 0.092920131015369
1729.594737 0.089863105736122
1798.807161 0.09061896363483701
1867.569379 0.08729318888048998
1934.342154 0.08845217099185398
2002.963594 0.08484084992021501
2071.831222 0.08589905097841599
2139.460228 0.08259007306626398
2206.923863 0.083429915175947
2275.581581 0.08025531200134395
2344.385935 0.08044007726547397
2411.388656 0.078642815150752
2480.171708 0.07877718988830096
2549.426515 0.07588813303098996
2616.45754 0.07644242882338104
2684.77159 0.073855715125556
2753.602511 0.07430922986478505
2821.076022 0.07239438985470703
2888.461103 0.07308306038464796
2957.151956 0.07136978248089398
3025.507622 0.07153775090282999
3092.606494 0.070143613000756
3161.533105 0.07027798773830496
3230.633195 0.06868228772990703
3297.852732 0.068900646678424
3366.867434 0.067338540354413
3435.741654 0.068161585621903
3502.694325 0.06617955824305
3571.365281 0.06691861929957199
3639.906425 0.06503737297388101
3707.457704 0.06554127823969103
3776.152803 0.06350886033425696
3844.672183 0.06520534139581802
3912.029618 0.06327370454354597
3980.464102 0.06406315612664804
4049.266793 0.06246745611825
4116.316451 0.06298815822625303
4184.791294 0.061745191903922025
4253.252806 0.06213151927437599
4320.085306 0.06140925506004902
4388.866912 0.06177878558830896
4456.845115 0.06078777189888296
4523.722318 0.061174099269337034
4592.648178 0.060199882422105055
4660.365037 0.060838162425464026
4727.479514 0.059578399260939
4796.101294 0.06018308557991103
4863.404116 0.05873855715125598
4933.327561 0.059695977156295044
5052.976045 0.05841941714957599
5128.901626 0.05915847820609699
5204.24508 0.057848324514991
5280.075222 0.05888972873099896
5351.601115 0.057243638196018964
5423.089877 0.058217855043252054
5494.668836 0.05684051398337098
5564.728453 0.05806668346350896
5636.818447 0.056672545561433973
5708.450942 0.05778113714621602
5779.992048 0.056319811875367054
5851.542168 0.05721004451163203
5925.07176 0.05610145292684998
5999.29615 0.05722684135382505
6071.97017 0.055832703451750954
6145.158617 0.05699168556311396
6340.102126 0.05566473502981395
6487.955466 0.056689342403627996
6577.182332 0.055631141345427015
6679.980571 0.05662215503485302
6775.70753 0.05532879818594105
6876.157867 0.05593348450491298
6970.745263 0.05546317292349001
7060.137304 0.05553036029226499
7157.043818 0.055412782396909055
7254.505496 0.05517762660619796
7356.434552 0.05539598555471603
7453.068984 0.054925673973292954
7553.173078 0.05522801713277903
7645.445449 0.05495926765768
7733.262427 0.05517762660619796
7830.242422 0.05477450239354997
7931.375187 0.05495926765768
