time train-error
51.075795 0.13101536911060696
79.198559 0.13188880490467803
106.419393 0.11895523641555406
133.308913 0.10882674057277197
159.897411 0.10869236583522301
186.193945 0.10860838162425501
212.085035 0.10765096161921595
237.472901 0.10753338372386001
262.365918 0.10995212899974804
286.750545 0.10677752582514499
310.844266 0.10613924582178502
333.461894 0.10617283950617296
354.877289 0.10561854371378199
375.724067 0.10420760896951398
396.101124 0.104476358444612
414.375959 0.10427479633828796
432.670382 0.10375409423028503
451.558941 0.10361971949273496
468.137784 0.10393885949441495
485.444493 0.103149407911313
501.389469 0.10318300159570004
515.789588 0.10116738053246
530.489329 0.10153691106072105
544.24572 0.09834551104392397
558.648926 0.09906777525825206
572.015083 0.098614260519022
586.501822 0.09822793314856804
599.69866 0.09653145208700797
612.689367 0.09777441840933898
623.998775 0.09443184681279904
635.741567 0.095557235239775
646.38958 0.09476778365667304
657.44562 0.09369278575627804
668.382756 0.09386075417821405
677.99814 0.09344083312337303
687.994082 0.091845133114974
697.24771 0.09480137734105998
705.386612 0.08959435626102297
714.096561 0.08820021835894898
723.026227 0.08687326782564897
730.87656 0.08573108255647899
739.208263 0.08536155202821905
747.350256 0.08529436465944396
755.457263 0.08494163097337704
762.429402 0.08302679096329901
769.678149 0.08319475938523602
776.353569 0.08384983623078901
783.065719 0.08306038464768595
789.261606 0.076912740404804
795.852444 0.08032249937011804
802.486515 0.07934828252288595
808.874298 0.07911312673217397
814.881901 0.07914672041656201
820.647102 0.07785336356764905
826.675081 0.07753422356596995
832.436276 0.07664399092970497
838.143527 0.07620727303267005
843.487537 0.07590492987318398
848.809204 0.07645922566557495
854.395346 0.07560258671369802
859.886632 0.075921726715378
865.160288 0.075921726715378
870.256685 0.07457797933988397
874.907564 0.07622406987486396
879.542643 0.07482993197278898
884.486922 0.07148736037624903
889.232685 0.07477954144620802
893.855218 0.07246157722348201
898.445342 0.07239438985470703
902.81436 0.07219282774838298
907.157969 0.07185689090450997
911.663242 0.06928697404887896
915.842677 0.069404551944234
919.891364 0.07004283194759398
924.025752 0.07052994037120996
928.005336 0.06809439825312802
931.883027 0.06790963298899799
935.816332 0.06843033509700203
939.978657 0.068413538254808
943.925882 0.06876627194087503
947.662133 0.06757369614512498
951.342822 0.06683463508860299
954.99654 0.06727135298563902
958.480487 0.06770807088267405
961.908155 0.067338540354413
965.398445 0.06695221298395904
969.105942 0.06698580666834597
972.601065 0.06700260351054
975.97746 0.06448307718149004
979.205096 0.06495338876291301
982.422512 0.066431510875955
985.511006 0.06468463928781398
988.541013 0.06550768455530398
991.543694 0.06502057613168699
994.611991 0.06486940455194401
997.819522 0.06485260770975099
1000.72527 0.06468463928781398
1003.696455 0.06308893927941595
1006.606558 0.06409674981103597
1009.481996 0.06355925086083802
1012.301673 0.06342487612328895
1014.993247 0.06366003191400005
1017.664985 0.06350886033425696
1020.297031 0.063374485596708
1022.96887 0.06312253296380299
1025.510285 0.06095574032081996
1027.96407 0.06171159821953498
1030.418853 0.05981355505164998
1032.84689 0.06144284874443595
1035.239003 0.061392458217854995
1037.63817 0.060468631897202973
1040.027498 0.06025027294868601
1042.377825 0.059914336104812005
1044.641069 0.059779961367263046
1046.843805 0.059746367682876
1049.040027 0.06028386663307295
1051.301159 0.059695977156295044
1053.527081 0.05946082136558295
1055.936817 0.059225665574871966
1058.099872 0.05944402452339004
1083.364533 0.059494415049970995
1086.901916 0.05934324347022801
1090.211424 0.058150667674476963
1093.366345 0.05959519610313302
1096.434575 0.059276056101453034
1099.511181 0.05925925925925901
1102.546367 0.059208868732678055
1105.439051 0.05915847820609699
1108.187693 0.05959519610313302
1110.811589 0.059225665574871966
1113.356358 0.057881918199378046
1116.05336 0.05820105820105803
1118.523851 0.058587385571512995
1120.959551 0.05835222978080101
1123.382185 0.05798269925254096
1125.754441 0.058083480305702984
1151.029606 0.05813387083228305
1154.138268 0.058217855043252054
1157.065926 0.05831863609641397
1159.768691 0.057848324514991
1162.385649 0.057378012933568034
1164.956172 0.05877215083564302
1167.442504 0.05771394977744204
1169.821622 0.05791551188376598
