time train-error
125.329516 0.13101536911060696
237.88915 0.15427899554883695
355.305631 0.11292517006802705
468.448157 0.11494079113126698
591.428718 0.10860838162425501
701.482472 0.11309313848996405
825.744334 0.10815486688502596
938.772343 0.11087595532039995
1060.511244 0.10803728898967002
1174.614962 0.10948181741832497
1304.448927 0.10778533635676502
1416.891105 0.10807088267405696
1538.426644 0.10744939951289201
1655.914403 0.10744939951289201
1774.406521 0.107197446879987
1891.810596 0.10696229108927502
2014.202522 0.10676072898295097
2122.422077 0.10655916687662703
2243.94627 0.10660955740320799
2363.884447 0.10573612160913703
2488.331875 0.106122448979592
2589.68782 0.10632401108591605
2715.245535 0.10615604266397904
2833.651008 0.10563534055597501
2961.821448 0.10573612160913703
3072.182585 0.10580330897791201
3204.012324 0.10592088687326795
3313.071018 0.10553455950281299
3436.935989 0.10575291845133095
3534.441718 0.10565213739816903
3653.172131 0.10551776266061996
3765.79874 0.105467372134039
3892.335047 0.10555135634500701
4001.988085 0.10543377844965196
4120.938349 0.10561854371378199
4235.789333 0.10550096581842605
4365.246319 0.10545057529184498
4461.178146 0.10583690266229995
4591.018757 0.10503065423700297
4703.825959 0.105215419501134
4804.228712 0.10503065423700297
4906.667448 0.10526581002771496
5018.744601 0.10494667002603497
5119.494806 0.10484588897287295
5247.75311 0.10486268581506697
5366.125288 0.10482909213067904
5491.56021 0.10484588897287295
5594.707213 0.10457713949777403
5722.461572 0.10476190476190494
5832.253738 0.10440917107583803
5943.694548 0.10464432686654901
6044.645583 0.104560342655581
6171.070246 0.10420760896951398
6276.559566 0.10427479633828796
6390.32682 0.10415721844293302
6496.319825 0.10409003107415804
6613.169589 0.104140421600739
6715.201344 0.10400604686319004
6827.206882 0.10412362475854497
6929.189354 0.10385487528344695
7042.398784 0.10419081212731995
7131.606319 0.10383807844125303
7243.078703 0.10387167212563997
7374.705801 0.10355253212396098
7490.526559 0.10378768791467197
7593.658876 0.103569328966154
7709.280077 0.10375409423028503
7811.821205 0.10343495422860505
7914.694335 0.10274628369866501
8030.186343 0.103401360544218
8132.708596 0.10279667422524597
8247.934673 0.10338456370202398
8350.103808 0.10299823633157001
8463.719597 0.10335097001763704
8553.615157 0.102410346854791
8669.076356 0.10308222054253802
8770.776384 0.10256151843453398
8884.022284 0.10308222054253802
8985.161019 0.10286386159401995
9114.086909 0.10316620475350602
9210.303033 0.10227597211724204
9323.140944 0.10274628369866501
9423.830485 0.10222558159066097
9536.294447 0.10272948685647099
9626.719823 0.10217519106408002
9743.849197 0.102578315276728
9852.588349 0.10205761316872397
9970.908187 0.10267909632989003
10082.578472 0.10200722264214301
10198.808958 0.10256151843453398
10297.956348 0.10219198790627404
10408.538204 0.10259511211892203
10496.221488 0.10173847316704498
10606.375312 0.10234315948601702
10705.347602 0.10173847316704498
10815.436764 0.102326362643823
10902.794024 0.10152011421852702
11012.123138 0.10207441001091799
11110.274826 0.10146972369194596
11220.26836 0.10199042579994999
11318.995013 0.10140253632317098
11439.075779 0.10199042579994999
11527.418315 0.10118417737465402
11637.328896 0.10187284790459405
11736.403806 0.10135214579659002
11847.30724 0.10170487948265705
11945.935564 0.10128495842781604
12054.879702 0.10173847316704498
12141.921317 0.10091542789955499
12251.907676 0.10148652053413998
12350.388012 0.10104980263710395
12459.78812 0.10138573948097795
12546.675941 0.10071386579323105
12655.182125 0.10138573948097795
12753.098738 0.10094902158394203
12861.512731 0.10121777105904095
12948.429638 0.10052910052910102
13057.154444 0.10123456790123497
13154.076029 0.10073066263542496
13261.708049 0.10106659947929797
13359.032937 0.10084824053078001
13467.57414 0.10094902158394203
13552.905373 0.10061308474006903
13660.134809 0.10104980263710395
13757.304445 0.100680272108844
13865.756887 0.10088183421516705
13950.670394 0.10041152263374498
14057.691583 0.10088183421516705
14154.342882 0.100428319475939
14261.821337 0.10061308474006903
14346.348784 0.10034433526497
14453.224604 0.10081464684639296
14549.140174 0.10031074158058295
14655.500428 0.100428319475939
14740.983308 0.10022675736961495
14847.143057 0.10056269421348796
14943.131781 0.10027714789619502
15039.030133 0.10066347526664998
15144.654046 0.10022675736961495
15240.494495 0.10052910052910102
15346.325022 0.10024355421180797
15430.158386 0.10064667842445596
15536.891088 0.10009238263206499
15630.423489 0.100428319475939
15736.87841 0.10007558578987197
15820.082045 0.10046191316032604
15925.603474 0.09982363315696696
16020.195134 0.10015957000083997
16114.89204 0.09982363315696696
16219.63195 0.10014277315864595
16314.137947 0.09957168052406196
16407.27405 0.10017636684303399
16512.833908 0.099605274208449
16605.794125 0.09994121105232201
16711.170284 0.099605274208449
16793.919983 0.10004199210548403
16898.475839 0.09938691525993104
16992.166392 0.09973964894599796
17086.126948 0.09938691525993104
17189.723478 0.099689258419417
17282.255434 0.099353321575544
17386.858212 0.099605274208449
17468.998282 0.09918535315360699
17572.765074 0.09947089947089904
17668.662087 0.09906777525825206
17761.940718 0.09963886789283605
17865.322741 0.09901738473166999
17958.048907 0.09938691525993104
18051.201505 0.09906777525825206
18154.010211 0.09938691525993104
18246.018518 0.09900058788947697
18342.601328 0.09950449315528698
18444.987739 0.09884941630973398
18537.04505 0.09918535315360699
18639.789121 0.09868144788779698
18721.772719 0.09930293104896304
18823.884201 0.09863105736121602
18915.388164 0.09898379104728305
19007.906701 0.09883261946753996
19109.511867 0.09901738473166999
19199.910424 0.098614260519022
19292.698383 0.09916855631141297
19396.005449 0.09847988578147304
19488.71154 0.09881582262534605
19580.065639 0.09864785420341005
19682.181447 0.09879902578315303
19773.52629 0.098446292097086
19864.413364 0.09881582262534605
19966.527999 0.09834551104392397
20047.071174 0.09933652473334997
20148.381176 0.09814394893760003
20239.089575 0.09863105736121602
20340.078615 0.09824472999076195
20420.718055 0.09881582262534605
20521.463442 0.09809355841101897
20611.880144 0.09829512051734302
20702.72563 0.09811035525321199
20803.303036 0.098362307886117
20893.414257 0.09785840262030698
20983.91163 0.098446292097086
21084.308555 0.09784160577811396
21174.308146 0.09814394893760003
21264.333684 0.09785840262030698
21364.788722 0.09807676156882505
21444.437294 0.09790879314688805
21544.395455 0.09822793314856804
21634.43733 0.09775762156714496
21734.51984 0.09794238683127598
21813.919079 0.09775762156714496
21913.385759 0.09800957420004996
22002.462775 0.09758965314520895
22091.585506 0.09826152683295497
22190.651307 0.09748887209204704
22279.791742 0.09797598051566303
22368.349954 0.09755605946082102
22467.229671 0.09780801209372603
22546.01524 0.097623246829596
22644.689338 0.09780801209372603
22733.051401 0.09740488788107804
22831.562634 0.09750566893423995
22909.912648 0.09730410682791601
23008.233818 0.09748887209204704
23086.595354 0.09730410682791601
23184.888255 0.097539262618628
23273.545195 0.09715293524817303
23371.9343 0.09735449735449697
23450.126605 0.09706895103720503
23548.779767 0.09730410682791601
23627.204183 0.09701856051062396
23725.830298 0.097371294196691
23814.664722 0.09685059208868696
23913.240879 0.09710254472159197
23991.946135 0.09698496682623703
24090.635992 0.09710254472159197
24169.189275 0.09673301419333202
24267.818797 0.09711934156378599
24356.158159 0.09659863945578195
24454.987326 0.09693457629965596
24533.760118 0.096716217351138
24632.476596 0.09693457629965596
24720.892205 0.09653145208700797
24809.511993 0.09722012261694801
24910.078227 0.09658184261358904
25002.097433 0.09700176366843005
25096.532274 0.09649785840262004
25200.773567 0.09674981103552505
