time train-error
0.270134 0.14784580498866196
0.534826 0.136004031242126
0.879162 0.226186276979928
1.241262 0.12028218694885395
1.562686 0.11693961535231401
1.990412 0.11284118585705905
2.434057 0.11274040480389702
2.883794 0.11087595532039995
3.369815 0.109263458469808
3.864158 0.10897791215251496
4.353843 0.10781893004115195
4.926961 0.10741580582850396
5.476759 0.10425799949609504
6.034747 0.10288065843621397
6.593476 0.10246073738137196
7.219049 0.10205761316872397
7.833031 0.09822793314856804
8.480545 0.09965566473502996
9.104974 0.09883261946753996
9.750666 0.097707231040564
10.408767 0.09854707315024802
11.073452 0.09352481733434104
11.748219 0.09748887209204704
12.422745 0.09606114050558501
13.105697 0.09392794154698902
13.814992 0.093827160493827
14.529276 0.09412950365331296
15.226233 0.09174435206181197
15.927415 0.09122364995380905
16.639974 0.08979591836734702
17.38038 0.08966154362979795
18.125813 0.08898966994205104
18.870262 0.08855295204501601
19.620807 0.09058536995044897
20.389893 0.08766271940875103
21.16509 0.08717561098513504
21.936069 0.08717561098513504
22.730919 0.08927521625934298
23.517381 0.08677248677248695
24.330706 0.08680608045687399
25.150373 0.08584866045183503
25.996796 0.08371546149323905
26.856422 0.08316116570084797
27.729665 0.08267405727723198
28.630794 0.08386663307298203
29.523239 0.07965062568237202
30.437684 0.08141429411270695
31.368298 0.08121273200638301
32.286155 0.08097757621567103
33.228135 0.08151507516586898
34.156092 0.07763500461913198
35.037832 0.07726547409087103
35.955886 0.07912992357436799
36.876859 0.07803812883177996
37.839898 0.077651801461325
38.785541 0.07738305198622697
39.753737 0.07728227093306494
40.724931 0.07479633828840204
41.65696 0.07560258671369802
42.57848 0.07286470143613
43.578728 0.073855715125556
44.558348 0.07472915091962695
45.574775 0.07358696565045797
46.691763 0.07400688670529898
47.739111 0.07343579407071499
48.745787 0.07513227513227505
49.684147 0.07442680776014099
50.622433 0.07004283194759398
51.574629 0.06937095825984696
52.551346 0.07024439405391802
53.538457 0.06994205089443195
54.533387 0.070059628789788
55.563092 0.07056353405559801
56.554963 0.06832955404384
57.558763 0.07037876879146698
58.559338 0.06905181825816697
59.582219 0.06969009826152694
60.60437 0.06943814562862205
61.642158 0.06943814562862205
62.598147 0.068077601410935
63.535478 0.06705299403712095
64.458708 0.06542370034433498
65.379537 0.06515495086923695
66.325349 0.06532291929117295
67.284492 0.065188544553624
68.252385 0.06523893508020495
69.236326 0.06523893508020495
70.224986 0.06567565297723998
71.223708 0.064533467708071
72.231687 0.06476862349878199
73.244999 0.06528932560678602
74.247157 0.06493659192071899
75.241279 0.06495338876291301
76.224301 0.06434870244394097
77.211888 0.06429831191736002
78.233563 0.06460065507684598
79.226598 0.06414714033761604
80.25441 0.06429831191736002
81.285567 0.06399596875787406
82.279455 0.06407995296884195
83.25101 0.06350886033425696
84.196678 0.062030738221213966
85.183981 0.06344167296548298
86.155053 0.06218190980095695
87.16017 0.062030738221213966
88.163005 0.062719408751155
89.152728 0.06243386243386195
90.159284 0.06234987822289395
91.157579 0.06192995716805205
92.160997 0.06251784664483095
93.183289 0.06211472243218297
94.211572 0.06164441085076
95.195211 0.061526832955403954
96.177912 0.061745191903922025
97.28278 0.061728395061728
98.30255 0.06130847400688699
99.305831 0.06093894347862605
100.358878 0.061174099269337034
101.345736 0.06120769295372497
102.358479 0.06114050558494999
103.364197 0.06043503821281604
104.386031 0.06134206769127404
105.389505 0.06053581926597795
106.414837 0.06050222558159102
107.436986 0.06051902242378404
108.460444 0.060468631897202973
109.437949 0.06021667926429797
110.398264 0.06035105400184804
111.351449 0.058788947677837045
112.307446 0.05909129083732301
113.267586 0.05952800873435804
114.229582 0.05925925925925901
115.195498 0.05912488452171005
116.161294 0.05897371294196696
117.129364 0.05944402452339004
118.091092 0.05798269925254096
119.039082 0.05831863609641397
119.977617 0.059276056101453034
120.90644 0.05841941714957599
121.840891 0.05877215083564302
122.780037 0.05857058872931897
123.726916 0.05793230872596
124.66707 0.05860418241370602
125.598001 0.05810027714789601
126.555797 0.05799949609473398
127.5092 0.058301839254219945
128.471359 0.05796590241034705
129.428085 0.05803308977912103
130.412377 0.05793230872596
131.389857 0.057747543461828976
132.344965 0.05749559082892397
133.283043 0.058385823465188946
134.228041 0.05771394977744204
135.190896 0.056907701352145956
136.133494 0.058150667674476963
137.084237 0.05719324766943801
138.060136 0.05709246661627598
139.051617 0.05771394977744204
140.004575 0.05722684135382505
140.987714 0.05673973293020895
141.960632 0.056907701352145956
142.930503 0.05719324766943801
143.889357 0.057025279247501004
144.850587 0.05700848240530798
145.867347 0.056756529772402975
146.833068 0.056538170823885014
147.906971 0.05709246661627598
148.88219 0.05623582766439905
149.878518 0.05672293608801504
150.858565 0.056756529772402975
151.830812 0.05658856135046597
152.813098 0.056689342403627996
153.793563 0.05650457713949797
154.787742 0.056672545561433973
155.761474 0.05655496766607904
156.731502 0.05637020240194801
157.735769 0.056269421348785986
158.697943 0.05635340555975499
159.665493 0.05628621819098001
160.622018 0.056185437137817984
161.557924 0.05736121609137501
162.506785 0.05628621819098001
163.435141 0.055698328714201994
164.387383 0.05600067187368796
165.325315 0.05578231292517
166.254178 0.05588309397833202
167.17985 0.055950281347107
168.107803 0.05564793818762104
169.029963 0.05578231292517
169.936283 0.055832703451750954
170.850065 0.055631141345427015
171.752955 0.055278407659359985
172.651427 0.05524481397497305
173.550495 0.05532879818594105
174.451992 0.055278407659359985
175.354227 0.05526161081716596
176.269506 0.05579910976736402
177.194727 0.05480809607793702
178.097199 0.05526161081716596
178.998524 0.05537918871252201
179.937157 0.055043251868649
180.854816 0.055127236079617004
181.753038 0.05507684555303605
182.673285 0.05494247081548698
183.622487 0.05502645502645498
184.563614 0.05494247081548698
185.575999 0.055345595028134964
186.514254 0.055060048710842024
187.452403 0.05495926765768
188.368588 0.055060048710842024
189.320737 0.05502645502645498
190.238719 0.054791299235743995
191.178986 0.05494247081548698
192.122304 0.054589737129419946
193.088949 0.05497606449987402
194.017693 0.05448895607625803
194.945557 0.05497606449987402
195.90186 0.05460653397161297
196.844367 0.05452254976064497
197.808031 0.054371378180901986
198.807118 0.053968253968254
199.74456 0.05447215923406401
200.69178 0.054220206601159004
201.607584 0.05453934660283899
202.5299 0.054354581338707963
203.449449 0.05432098765432103
204.363996 0.054421768707483054
205.272326 0.05427059712773996
206.176704 0.054136222390191
207.074509 0.05369950449315497
207.980952 0.05410262870580296
208.877833 0.05423700344335303
209.775205 0.05465692449819404
210.688345 0.054354581338707963
211.590828 0.05416981607457805
212.505172 0.05411942554799698
213.430169 0.05418661291677196
214.328473 0.05390106659947902
215.271243 0.05406903502141602
216.182616 0.05425380028554605
217.080758 0.053884269757285996
217.978869 0.05430419081212701
218.863052 0.054001847652641044
219.757072 0.054018644494834955
220.650832 0.05385067607289795
221.534196 0.05383387923070504
222.407411 0.05425380028554605
223.28821 0.05374989501973604
224.170521 0.05398505081044802
225.052701 0.05368270765096195
225.946073 0.05376669186192995
226.831909 0.05391786344167304
227.752126 0.053649113966574014
228.647786 0.05383387923070504
229.545047 0.05363231712438099
230.467976 0.05378348870412397
231.356412 0.05354833291341199
232.240467 0.05356512975560601
233.15187 0.053867472915091974
234.036556 0.05354833291341199
234.930745 0.05356512975560601
235.826488 0.053665910808768036
236.702754 0.053531536071218966
237.723484 0.05381708238851102
238.658994 0.05354833291341199
239.571492 0.053581926597800034
240.517513 0.05346434870244399
241.434496 0.053380364491475985
242.36537 0.05349794238683103
243.292863 0.05327958343831396
244.223144 0.053162005542958024
245.140328 0.05332997396489503
246.051484 0.053245989753926026
246.990746 0.053380364491475985
247.89902 0.05307802133199002
248.884493 0.053178802385152046
249.827906 0.05341395817586303
250.738114 0.053800285546316995
251.655538 0.053162005542958024
252.5677 0.05329638028050698
253.510642 0.05336356764928196
254.419926 0.05348114554463801
255.320338 0.05346434870244399
256.24755 0.05301083396321504
257.166635 0.05304442764760198
258.067089 0.053111615016376956
258.962494 0.053061224489796
259.854507 0.053229192911733
260.737167 0.053111615016376956
261.614111 0.05291005291005302
262.512079 0.052742084488116014
263.403286 0.05336356764928196
264.263327 0.052893256067858996
265.149766 0.05304442764760198
266.014787 0.052977240278828
266.886382 0.053061224489796
267.742112 0.05279247501469697
268.59792 0.053061224489796
269.466268 0.053145208700764
270.319841 0.05326278659612005
271.173068 0.052826068699085016
272.024506 0.052960443436633975
272.874558 0.05299403712102102
273.72151 0.052893256067858996
274.568626 0.05304442764760198
275.42263 0.052826068699085016
276.287212 0.05270849080372897
277.139152 0.05269169396153495
277.994321 0.052893256067858996
278.837051 0.05275888133031004
279.735092 0.05272528764592299
280.571936 0.05269169396153495
281.423995 0.052674897119342035
282.367314 0.05272528764592299
283.251267 0.05259091290837303
284.099371 0.05269169396153495
284.989742 0.05265810027714801
285.880041 0.052674897119342035
286.755209 0.052607709750567055
287.636142 0.05255731922398599
288.493812 0.05262450659276097
289.368845 0.05287645922566597
290.251239 0.05242294448643703
291.105591 0.052540522381791965
292.046724 0.052674897119342035
292.953401 0.05257411606618001
293.827274 0.05245653817082396
294.691054 0.05250692869740503
295.562147 0.05277567817250395
296.421297 0.05255731922398599
297.322793 0.05269169396153495
298.270335 0.052473335013017985
299.173044 0.05252372553959905
300.071717 0.05235575711766205
300.972455 0.05243974132863005
301.853857 0.052254976064500025
302.721236 0.05259091290837303
303.587783 0.052607709750567055
304.447335 0.052540522381791965
305.293056 0.05245653817082396
306.134365 0.05252372553959905
306.977157 0.05243974132863005
307.818793 0.05265810027714801
308.676867 0.05262450659276097
309.559793 0.05227177290669305
310.418585 0.05217099185353202
311.276431 0.05245653817082396
312.128947 0.052473335013017985
312.977223 0.05233896027546803
313.862604 0.05237255395985596
314.707596 0.05245653817082396
315.612932 0.052406147644243006
316.515899 0.05242294448643703
317.40796 0.052254976064500025
318.245705 0.05249013185521101
319.157636 0.05233896027546803
320.033279 0.052406147644243006
320.987382 0.052406147644243006
321.860969 0.05222138238011298
322.736819 0.05235575711766205
323.669605 0.052607709750567055
324.563204 0.05252372553959905
325.450602 0.05243974132863005
326.330756 0.05255731922398599
327.168937 0.05233896027546803
328.009572 0.052389350802048984
328.857593 0.052473335013017985
329.687615 0.052238179222306
330.52635 0.05255731922398599
331.374106 0.05250692869740503
332.203574 0.05237255395985596
333.034145 0.052389350802048984
333.871178 0.052389350802048984
334.696102 0.052238179222306
335.531684 0.05220458553791896
336.348149 0.05243974132863005
337.168713 0.05245653817082396
337.994147 0.05227177290669305
338.819428 0.05220458553791896
339.642474 0.052254976064500025
340.46007 0.05220458553791896
341.279644 0.052406147644243006
342.12342 0.05235575711766205
342.953428 0.05233896027546803
343.773847 0.052322163433275004
344.598969 0.05222138238011298
345.427518 0.05252372553959905
346.253657 0.05193583606282004
347.081452 0.05201982027378804
347.907767 0.052053413958175976
348.718945 0.05228856974888696
349.553284 0.05208700764256302
350.405279 0.05200302343159502
351.215071 0.05208700764256302
352.055683 0.051902242378432994
352.89541 0.051902242378432994
353.732315 0.05213739816914398
354.611211 0.05201982027378804
355.429714 0.05191903922062702
356.284261 0.05207021080037
357.103881 0.051986226589401
357.935027 0.05201982027378804
358.816434 0.05188544553623897
359.634067 0.051969429747207974
360.468468 0.05213739816914398
361.286404 0.05195263290501395
362.10594 0.052120601326950955
362.946885 0.05228856974888696
363.782838 0.052053413958175976
364.60022 0.05200302343159502
365.402898 0.051902242378432994
366.237985 0.051969429747207974
367.055484 0.05213739816914398
367.975008 0.05186864869404595
368.802278 0.052036617115981953
369.624256 0.051969429747207974
370.435626 0.051969429747207974
371.258526 0.052036617115981953
372.092012 0.05207021080037
372.903133 0.05208700764256302
373.732205 0.05180146132527097
374.58484 0.05220458553791896
375.398167 0.05200302343159502
376.210812 0.05193583606282004
377.0396 0.051969429747207974
377.8474 0.05200302343159502
378.673504 0.05200302343159502
379.50503 0.05193583606282004
380.331377 0.05180146132527097
381.142013 0.051986226589401
381.95696 0.05188544553623897
382.783462 0.05201982027378804
383.589297 0.05181825816746499
384.394851 0.05186864869404595
385.226811 0.05200302343159502
386.047313 0.05213739816914398
386.864726 0.051616696061140055
387.683086 0.051969429747207974
388.498594 0.05193583606282004
389.304776 0.05180146132527097
390.107814 0.05185185185185204
390.908427 0.051969429747207974
391.713491 0.05195263290501395
392.524648 0.051902242378432994
393.323618 0.05175107079869001
394.120088 0.05180146132527097
394.924403 0.051767867640883036
395.726595 0.05175107079869001
396.536857 0.05195263290501395
397.342451 0.051616696061140055
