time train-error
1.437286 0.13504661123708706
2.838128 0.13051146384479695
4.248182 0.171159821953473
5.638675 0.11663727219282805
7.03838 0.11732594272276797
8.437092 0.11551188376585197
9.858459 0.11285798269925296
11.284641 0.11260603006634795
12.73294 0.11012009742168505
14.217124 0.10973377005122997
15.713135 0.10936423952297003
17.200986 0.10941463004955099
18.676718 0.10746619635508503
20.145552 0.10640799529688405
21.639529 0.105215419501134
23.194894 0.10576971529352497
24.916639 0.10445956160241898
26.479004 0.10476190476190494
28.046941 0.10318300159570004
29.637296 0.10118417737465402
31.253559 0.10009238263206499
32.885995 0.10123456790123497
34.525639 0.10049550684471298
36.180353 0.10024355421180797
37.858966 0.09982363315696696
39.562167 0.097875199462501
41.268885 0.09404551944234496
42.976313 0.09538926681783799
44.659472 0.09552364155538795
46.341432 0.09258419417149599
48.012783 0.09377676996724604
49.690009 0.09327286470143603
51.375291 0.091929117325943
53.146754 0.09265138154026997
54.900484 0.09038380784412503
56.835229 0.08823381204333602
58.623891 0.08969513731418499
60.432035 0.08880490467792101
62.274308 0.088384983623079
64.144971 0.08786428151507497
66.037224 0.08663811203493699
67.948179 0.085076005710926
69.875317 0.08569748887209205
71.82832 0.07918031410094895
73.785598 0.08289241622575005
75.726451 0.08253968253968302
77.656634 0.08085999832031598
79.548961 0.08119593516418899
81.433246 0.08175023095657996
83.317315 0.080288905685731
85.270064 0.079717813051146
87.208952 0.07933148568069204
89.321422 0.07859242462417104
91.316727 0.07659360040312402
93.313593 0.07550180566053599
95.340636 0.07778617619887496
97.37569 0.07620727303267005
99.431197 0.073771730914588
101.514128 0.07568657092466602
103.613632 0.07593852355757102
105.728075 0.07496430671033805
107.820268 0.07511547829008103
109.912165 0.07619047619047603
111.907749 0.07427563618039801
113.902483 0.06836314772822705
115.938698 0.07274712354077395
117.972631 0.07192407827328495
120.196724 0.07111782984798898
122.296639 0.070966658268246
124.408216 0.07142017300747505
126.531877 0.07081548668850302
128.662419 0.06918619299571704
130.80477 0.07100025195263304
132.977131 0.06975728563030104
135.170182 0.07016040984295002
137.391303 0.069891660367851
139.57832 0.06980767615688299
141.746685 0.06885025615184304
143.891048 0.07021080036953098
145.99815 0.06715377509028297
148.216019 0.06780885193583597
150.578087 0.06755689930293096
152.789914 0.06814478877970898
155.007963 0.06817838246409702
157.269848 0.06760728982951203
159.536244 0.06656588561350496
161.840383 0.06597799613672595
164.148392 0.067170571932477
166.46149 0.066431510875955
168.733163 0.06695221298395904
170.986317 0.06666666666666698
173.229184 0.06644830771814902
175.487228 0.06367682875619396
177.830667 0.06614596455866295
180.197162 0.06617955824305
182.416056 0.06510456034265599
184.640285 0.06460065507684598
186.886297 0.06449987402368396
189.169567 0.06475182665658896
191.466497 0.06463424876123303
193.781967 0.06466784244561996
196.135284 0.06456706139245805
198.406497 0.06455026455026502
200.646512 0.06406315612664804
202.852669 0.061745191903922025
205.046083 0.06349206349206304
207.282169 0.06305534559502801
209.539787 0.06310573612160897
211.983999 0.06295456454186599
214.245519 0.06339128243890102
216.507641 0.06359284454522596
218.798295 0.06275300243554205
221.104118 0.062299487696312994
223.418058 0.062299487696312994
225.755373 0.062165112958764035
228.131109 0.06218190980095695
230.450956 0.06224909716973204
232.715028 0.06192995716805205
234.962031 0.06169480137734096
237.194104 0.061459645586629974
239.469641 0.06149323927101702
241.754673 0.06228269085411897
244.194442 0.06085495926765805
246.508348 0.06140925506004902
248.833505 0.061174099269337034
251.17745 0.06093894347862605
253.535506 0.06098933400520701
255.929011 0.060972537163012985
258.332659 0.06023347610649199
260.666577 0.06036785084404095
262.978894 0.060821365583270004
265.287456 0.060401444528428994
267.581428 0.05981355505164998
269.916632 0.06009910136894303
272.259841 0.05972957084068198
274.774322 0.059628789787519954
277.136232 0.05981355505164998
279.463055 0.05947761820777697
281.780706 0.058788947677837045
284.105666 0.059763164525069024
286.452035 0.05877215083564302
288.819161 0.058856135046611024
291.215478 0.05877215083564302
293.580626 0.058755353993449
295.903928 0.05897371294196696
298.13537 0.05857058872931897
300.379999 0.05941043083900199
302.683729 0.058369026622995035
304.986695 0.058671369782481
307.307975 0.058520198202738016
309.661232 0.05855379188712495
312.045181 0.05803308977912103
314.396971 0.059141681363903964
316.753785 0.05857058872931897
319.132756 0.05811707399009003
321.533622 0.05813387083228305
323.919308 0.058016292936928004
326.25649 0.05845301083396304
328.527013 0.05751238767111799
330.809537 0.05736121609137501
333.196334 0.057881918199378046
335.543356 0.05791551188376598
338.065656 0.057797933988410044
340.461453 0.057764340304023
342.85692 0.057680356093054996
345.240327 0.05810027714789601
347.661073 0.057327622406987966
350.085371 0.057378012933568034
352.525266 0.05741160661795597
354.927352 0.057394809775761946
357.328466 0.05742840346014999
359.710781 0.05722684135382505
362.005121 0.057529184513311016
364.354112 0.05719324766943801
366.694601 0.05637020240194801
369.212988 0.05684051398337098
371.596403 0.056756529772402975
373.995127 0.056336608717560965
376.405964 0.05662215503485302
378.823195 0.05657176450827195
381.222227 0.05637020240194801
383.635889 0.05616864029562396
386.013309 0.056269421348785986
388.34571 0.056470983455110035
390.679936 0.05680692029898404
392.989335 0.056202233980012006
395.352871 0.05606785924246205
397.730323 0.05613504661123703
400.285234 0.056185437137817984
402.719652 0.055967078189300024
405.130225 0.055849500293944976
407.535389 0.057042076089695026
409.937068 0.055496766607877945
412.346505 0.055832703451750954
414.784044 0.055899890820526044
417.212977 0.055983875031494046
419.623146 0.055967078189300024
421.990381 0.05561434450323299
424.314038 0.05517762660619796
426.6707 0.055144032921811026
429.048563 0.055496766607877945
431.591983 0.05544637608129699
433.992954 0.05546317292349001
436.429262 0.05537918871252201
438.906843 0.055496766607877945
441.385581 0.055278407659359985
443.82541 0.055832703451750954
446.254627 0.055563953976652036
448.650584 0.055278407659359985
451.019344 0.05532879818594105
453.381486 0.054992861342068045
455.72423 0.05484168976232495
458.136782 0.054875283446712
460.532673 0.05475770555135595
463.088619 0.054371378180901986
465.512393 0.05474090870916304
467.938265 0.05462333081380699
470.383039 0.05474090870916304
472.847446 0.05453934660283899
475.338309 0.05460653397161297
477.855554 0.05480809607793702
480.249372 0.05469051818258197
482.598189 0.05495926765768
484.91416 0.05445536239186999
487.221176 0.054371378180901986
489.608361 0.05453934660283899
491.995756 0.054354581338707963
494.531543 0.05427059712773996
496.890875 0.054085831863610045
499.284521 0.05433778449651505
501.692144 0.054018644494834955
504.127558 0.054421768707483054
506.577028 0.05425380028554605
509.03633 0.054085831863610045
511.452682 0.054220206601159004
513.796748 0.05398505081044802
516.094142 0.05374989501973604
518.361518 0.054287393969933984
520.709226 0.053665910808768036
