time objective
0.194613 371.134604138102
0.319908 154.070808111243
0.506146 126.878557273353
0.623671 108.648591769465
0.731867 105.510772575428
0.840886 103.939013446515
1.023342 101.254528379135
1.140351 99.6805184149227
1.252441 99.0236472769919
1.364092 98.5221100293499
1.474276 98.3513320868186
1.585327 98.2065066851331
1.698712 98.1479868612832
1.812908 98.1210256730346
1.998145 98.0521686199091
2.114871 97.9794095387487
2.229203 97.9457452171678
2.34437 97.9347299615158
2.460107 97.9269931029305
2.576692 97.9228531455957
2.692871 97.9198021450229
2.810055 97.9180376710033
2.927577 97.9171166343357
3.045851 97.9164245168981
3.164158 97.9159998675295
3.284656 97.9157397738653
3.470277 97.9124732699754
3.592421 97.9100396747402
3.713565 97.9090885317888
3.834037 97.9084791854196
3.957348 97.9081457307879
