time objective
0.129402 403.003230864772
0.179599 291.034593043651
0.231069 255.797396119821
0.283139 216.925816806195
0.335668 185.139359730365
0.38919 163.279429072115
0.443623 143.853097611051
0.539684 135.634074619985
0.634506 128.843763181985
0.691984 123.171484551409
0.750137 116.602471639912
0.845155 115.430144107987
0.940246 113.489917917154
0.997675 112.494542682481
1.093655 111.594703289946
1.227403 110.027486960071
1.284678 108.51219329049
1.417104 106.909984847156
1.475472 105.176916020477
1.578641 104.242913164237
1.644526 103.485463621884
1.703256 103.074618491643
1.761872 102.539071987867
1.820614 101.790797159192
1.879359 100.788546538506
1.938169 100.599150373104
1.996942 100.397410308725
2.055664 100.23030950516
2.114371 100.02993952651
2.173079 99.8059467872675
2.231773 99.6058685525612
2.290396 99.4670407859368
2.348911 99.3090129005134
2.407635 99.182700771894
2.466392 99.0819784303105
2.525485 99.0304811339093
2.584199 98.9307935634028
2.643094 98.8894007829666
2.701967 98.8242673262633
2.760934 98.7912192920919
