time objective
0.218603 334.083529455423
0.401227 312.233606281709
0.600543 271.194539349172
0.782846 226.611389063818
0.979274 188.37195605722
1.14547 180.449995806012
1.325067 171.358847386346
1.504652 158.754406477301
1.675913 153.894797777649
1.84032 149.507574755873
2.004079 145.957178325517
2.168613 141.772030368118
2.332371 138.46540303053
2.481584 136.101557068573
2.646937 132.885464839108
2.798119 130.579034721771
2.947683 129.289739804845
3.096503 128.296425160083
3.259333 125.043893676407
3.380133 124.605813925979
3.54266 120.457519412988
3.643265 119.824183153945
3.806361 114.002968274505
3.901275 109.279801845217
4.052215 107.578398914964
4.174812 106.763412520903
4.311169 106.250604345949
4.446851 105.805328222626
4.581957 105.40733945186
4.704648 105.136480662195
4.841502 104.763780632115
4.949713 104.572994542816
5.084005 104.030154602945
5.204596 103.797058536345
5.325324 103.688436187697
5.461183 103.321877670552
5.568226 103.190458619387
5.706711 102.794968884012
5.817016 102.655107089242
5.955472 102.316650471119
6.051392 102.104697633592
6.186092 101.715565133152
6.279077 101.541957573378
6.414077 101.205939615471
6.494754 100.950439226988
6.630027 100.534982190907
6.696204 100.261545390891
6.83007 99.8438586685239
6.936869 99.7861960987927
7.057324 99.7421791625427
7.177634 99.6617998192797
7.300181 99.5983743324987
7.423275 99.5144694144258
7.552724 99.4511100800168
7.676172 99.3967707125631
7.796921 99.3569374207277
7.903996 99.3215506004541
8.025326 99.2804573455363
8.132796 99.2493591204119
8.253378 99.2095655813447
8.360758 99.1795544346366
8.48216 99.1432027863378
8.589707 99.1134089875197
8.715003 99.0821150658223
8.808434 99.0661029793614
8.929796 99.0109705710164
9.051312 98.9787373495566
9.159075 98.9598488420447
9.279682 98.9283536906052
9.372519 98.9218667600701
9.492811 98.8647913465743
9.600962 98.8546662466302
9.72192 98.8185658074887
9.82898 98.8003443385945
9.93819 98.7966682854815
10.061466 98.7619224076229
10.170783 98.7496079126408
10.294749 98.725124195155
10.389064 98.7169618450271
10.51303 98.6811715389926
10.622821 98.6697870559287
10.746652 98.6486742159778
10.842442 98.6367141501586
10.964123 98.608562198684
11.073853 98.5958563918981
11.183426 98.5919089432805
11.30707 98.5672849169106
11.402468 98.5653694272584
11.52392 98.5315290617667
11.631715 98.5202432109718
11.738579 98.5143425040062
11.85965 98.4959887051415
11.953337 98.4885822886385
12.074487 98.4655904437176
12.181454 98.4555216547326
12.289018 98.4505978035799
12.409094 98.4337232116759
12.510842 98.4237058941076
12.644407 98.405669379211
12.747311 98.3947230102105
12.880889 98.3791677572496
12.968505 98.3791250345954
13.101971 98.3390999838771
13.220334 98.3319993069363
13.338617 98.329507853046
13.472401 98.3140543846364
13.575524 98.3105279573262
13.709119 98.2930325737178
13.812222 98.291674661892
13.945752 98.2730906033062
14.048488 98.2702019554648
14.169201 98.2536332554246
14.262988 98.2490061778807
14.385478 98.2348872849991
14.478978 98.2283125058099
14.599366 98.2170921078731
14.692411 98.2089222275332
14.799528 98.2083471108292
14.920599 98.1947585787313
15.014206 98.1896426894388
15.135432 98.1790822231615
15.215426 98.170428702466
15.336762 98.15416301466
15.430555 98.1483417324181
15.544519 98.1472203277385
15.665925 98.1361822350895
15.759286 98.1319942075109
15.880233 98.1242246030059
15.960124 98.1204247265072
16.080975 98.1076417676108
16.176491 98.1062464680363
16.297376 98.0980711857113
16.392484 98.0937143086703
16.501446 98.0924893709435
16.609931 98.0923485072006
16.731776 98.083235481631
16.826807 98.0803145324694
16.950092 98.0748421238439
17.031176 98.068679671499
17.153335 98.0615541563758
17.233218 98.0610085454068
17.354441 98.0496469407616
17.448728 98.0490082131271
17.569854 98.0423474540338
17.649488 98.0417107708397
17.770431 98.0314781807957
17.863919 98.0304892779784
17.9859 98.0248011689231
18.066143 98.0226494230695
18.187873 98.0147268221435
18.280818 98.0127095950018
18.387628 98.0125818378957
18.508903 98.0065380946053
18.588775 98.0049525261511
18.70933 97.9972836965951
18.78894 97.9970755374196
18.914102 97.9898693625293
18.996773 97.9897037454666
19.121918 97.9831534404786
19.204387 97.9824092989173
19.329944 97.9769986133667
19.41251 97.9752875857274
19.537909 97.9713464793547
19.604916 97.9709436443322
19.728031 97.9622013252798
19.823209 97.9613225197701
19.93055 97.9609405568987
20.037456 97.9608001763184
20.158 97.9578613546186
20.223608 97.9576110037919
20.344281 97.9512947161297
20.424235 97.9512591880723
20.544596 97.9480379471053
20.611235 97.9475151576552
20.732943 97.9426622039066
20.813666 97.941824682678
20.921829 97.941688730511
21.044336 97.9395922181014
21.111244 97.939183302093
21.232654 97.9357586224799
21.312746 97.9356828404144
21.435278 97.9337514013079
21.503605 97.9335397587539
21.629153 97.9308839841121
21.711714 97.93052350987
21.822837 97.9300833295646
21.933908 97.929944958624
22.059552 97.9285986229237
22.127517 97.9273879233837
22.235784 97.9273035605029
22.343521 97.9272800281029
22.464172 97.925749281097
22.530637 97.9252428907868
22.657094 97.9237401669582
22.738349 97.9236431959928
22.89009 97.9220044345933
22.98924 97.921631130368
23.123405 97.9214552388296
23.257657 97.9213581724323
23.391704 97.921308636049
23.526237 97.9212724561465
23.678661 97.9203563194024
23.742213 97.9203000064395
23.894517 97.9178185377439
24.011082 97.9176714851978
24.14508 97.9175956133165
24.278933 97.9175232517611
24.413177 97.9174780027683
24.547471 97.917435955724
24.699853 97.9168257656036
24.763514 97.9164963547138
24.915577 97.9149159256662
25.032176 97.91476243285
25.166489 97.9146841710842
25.300693 97.9146089180667
25.434722 97.9145425689135
25.56888 97.9144790039042
25.703084 97.9144288955622
25.837217 97.9143814681648
25.971349 97.9143569706165
26.10556 97.9143332176573
26.257163 97.9138572340282
26.320841 97.9137378995846
26.472721 97.9124900194961
26.58926 97.9123797476387
26.723159 97.912321557311
26.857357 97.9122658876143
26.991498 97.9122147804356
27.125442 97.912166440896
27.259407 97.91212551424
27.394107 97.912087123978
27.528642 97.9120617420401
27.663232 97.9120377837218
27.797768 97.9120355876497
27.932204 97.9120333969547
28.084128 97.9116092271494
28.165371 97.9113942441477
28.317156 97.9110865333984
28.380786 97.9110396937717
28.532831 97.9102278050503
28.631762 97.9102004042053
28.765983 97.9101921423032
28.900124 97.9101853896616
29.026375 97.9099437249651
29.078806 97.9099117601843
29.200852 97.9093280017907
29.281404 97.9092976343862
29.389486 97.9092890978487
29.498726 97.9092815149974
29.620589 97.9091157821836
29.672299 97.9090579648595
29.793148 97.9086489718402
29.873126 97.9086173264455
29.980405 97.9086090132985
30.088568 97.9086014700387
30.210284 97.9084890875746
30.262673 97.9084499477174
30.383526 97.9081558400365
30.463171 97.908139174481
30.57026 97.908135093534
30.678576 97.9081318680086
30.799634 97.9080507976984
30.851851 97.9080423825124
30.973777 97.9078235499817
31.053551 97.9078155364779
31.160608 97.9078133753726
31.268041 97.9078126244837
31.395465 97.9077494813208
31.462338 97.9077106713278
31.585142 97.9076638597795
31.63793 97.9076510857664
31.760636 97.9075237535432
31.841545 97.9075158874972
31.95242 97.907513241793
32.062961 97.9075120732766
32.187758 97.9074756468552
32.255507 97.9074482559305
32.366069 97.9074476618785
32.489658 97.907415142003
32.555269 97.9073935521969
32.662047 97.9073928087663
32.782759 97.9073622477272
32.849278 97.9073435386237
32.959515 97.9073433998411
33.083464 97.9073156391303
33.149294 97.9073028696716
33.256162 97.9073026741794
33.377175 97.9072748550982
33.443973 97.9072644407141
33.56653 97.9072428935697
33.632455 97.9072348855919
33.741224 97.9072321501482
33.863139 97.9072109126164
33.929652 97.90720642801
34.037775 97.9072029560239
34.15868 97.9071829402404
34.224856 97.907182019727
34.333693 97.9071786662464
34.45842 97.9071582862414
34.538974 97.907151697193
34.646846 97.9071496206051
34.754629 97.9071482195756
34.86364 97.9071471280762
34.973127 97.9071464273048
35.082517 97.9071460366877
35.205857 97.9071356523281
35.273283 97.9071268095765
35.381547 97.9071267641267
35.503415 97.9071164015621
35.569739 97.9071097747294
35.69194 97.9071011025287
35.759216 97.9070944803682
35.867726 97.9070944724872
35.990205 97.9070859685674
36.057711 97.9070810079347
36.178341 97.9070739231387
36.245792 97.9070691534059
36.368832 97.9070631979452
36.435353 97.9070589018418
36.544198 97.9070585074474
36.666247 97.9070525230765
36.73232 97.9070495995879
36.839082 97.9070492473699
36.961002 97.9070431039532
37.027461 97.9070412034564
37.13673 97.9070408799565
37.259021 97.9070347981415
37.3258 97.9070341244237
37.43323 97.9070337610304
37.555991 97.9070274743401
37.63717 97.9070255796689
37.746322 97.9070250580312
37.855277 97.9070246569491
37.965103 97.9070243533682
38.072296 97.9070241436046
38.18075 97.9070240563041
38.302596 97.9070208526243
38.369565 97.9070182113267
38.477775 97.9070181729172
38.600017 97.9070150951025
38.668626 97.9070129333721
38.793888 97.9070104989233
38.847684 97.9070101472573
38.973059 97.9070027681179
39.055491 97.9070024012503
39.166527 97.9070023021857
39.277479 97.9070022824795
39.397954 97.9070002001059
39.465246 97.906998779211
39.587979 97.9069971619787
39.640849 97.9069969935557
39.763596 97.9069921051924
39.844662 97.9069918255217
39.953362 97.9069917309065
40.06015 97.9069917065924
40.181904 97.9069903414868
40.248446 97.9069893975013
40.356793 97.9069893857003
40.480063 97.90698810847
40.546401 97.9069873268857
40.653847 97.9069873232623
40.775413 97.9069861320008
40.841171 97.9069854943889
40.963862 97.9069845641742
41.030313 97.9069839521104
41.138633 97.9069838711717
41.260584 97.9069829981599
41.327163 97.9069825155067
41.43682 97.9069824257689
41.565795 97.906981612811
41.635614 97.9069812543958
41.749764 97.9069811389395
41.878722 97.9069803904005
41.948483 97.9069801034366
42.062482 97.9069799701606
42.176636 97.9069799499798
42.305562 97.9069791832378
42.375364 97.9069789361473
42.489667 97.9069789047775
42.610486 97.9069782369193
42.677488 97.9069780402093
42.787558 97.9069779880846
42.911795 97.906977403742
42.979398 97.9069772209862
43.089462 97.9069771508744
43.199582 97.9069771468419
43.320962 97.9069765814681
43.387824 97.9069764076447
43.49566 97.9069763905761
43.616623 97.9069759346272
43.683215 97.9069757642039
43.790933 97.906975730668
43.913307 97.9069753639626
43.981091 97.9069751851212
44.09149 97.9069751351703
44.201709 97.9069751235646
44.326376 97.9069748028768
44.394157 97.9069746216023
44.503542 97.9069745989647
44.611075 97.9069745953495
44.73235 97.9069743155697
44.798367 97.9069741478505
44.905883 97.9069741359853
45.012979 97.9069741353299
45.133824 97.9069738907578
45.199809 97.9069737408647
45.307296 97.9069737334976
45.429238 97.9069735527867
45.481359 97.9069734986331
45.602585 97.9069730558692
45.683465 97.906973001452
45.791317 97.9069729823212
45.899741 97.9069729698356
46.007146 97.9069729617422
46.119038 97.9069729577754
46.245524 97.9069728279159
46.299846 97.9069727733688
46.426409 97.9069724603941
46.509524 97.9069724242457
46.621496 97.9069724140673
46.733525 97.9069724061168
46.844645 97.9069724005435
46.976311 97.9069723977021
47.131888 97.9069723042832
47.197562 97.9069722624535
47.35381 97.9069720377994
47.455576 97.906972011698
47.593552 97.9069720045694
47.731557 97.906971998844
47.86957 97.9069719947811
48.007315 97.9069719926545
48.163405 97.9069719254714
48.228524 97.9069718939285
48.384594 97.9069717324849
48.486571 97.9069717134365
48.624295 97.9069717082505
48.761864 97.9069717040691
48.899714 97.9069717010738
49.037353 97.9069716994668
49.193212 97.9069716511673
49.258461 97.9069716273281
49.414339 97.9069715113149
49.515783 97.9069714973717
49.653719 97.9069714935868
49.791618 97.9069714905161
49.929396 97.9069714883
50.067013 97.9069714870911
50.204664 97.9069714870695
50.36046 97.9069714458905
50.42554 97.9069714456259
50.581385 97.9069713457395
50.682874 97.9069713379087
50.820405 97.9069713356486
50.958176 97.9069713339962
51.095842 97.9069713330668
51.233754 97.906971332997
51.390076 97.9069713034556
51.455384 97.9069713023567
51.611586 97.9069712307504
51.713217 97.9069712249358
51.851277 97.9069712232741
51.989199 97.906971222042
52.126911 97.9069712213292
52.264893 97.906971221229
52.420817 97.9069712000371
52.486012 97.9069711985475
52.641929 97.9069711472086
52.743224 97.9069711428869
52.880793 97.9069711416633
53.018372 97.9069711407435
53.155964 97.9069711401904
53.293852 97.9069711400866
53.449987 97.9069711248823
53.515084 97.9069711232633
53.671014 97.9069710864554
53.772385 97.9069710832408
53.910107 97.906971082334
54.04761 97.9069710816476
54.185657 97.9069710812246
54.323558 97.9069710811174
54.479324 97.9069710702054
54.544365 97.9069710686289
54.700298 97.9069710422367
54.801803 97.9069710398387
54.939604 97.906971039162
55.077276 97.9069710386496
55.215014 97.9069710383302
55.353386 97.9069710382318
55.5096 97.9069710303965
55.574949 97.9069710289366
55.730758 97.9069710100102
55.83202 97.9069710082229
55.969734 97.9069710077244
56.107171 97.9069710073365
56.244996 97.9069710070875
56.382845 97.9069710070061
56.538786 97.9069710013801
56.603973 97.9069710000837
56.7599 97.9069709865057
56.861502 97.9069709851695
56.99935 97.9069709848015
57.137389 97.9069709845112
57.275278 97.9069709843236
57.413133 97.9069709842423
57.568892 97.9069709802094
57.633865 97.9069709790807
57.789673 97.9069709693447
57.891158 97.9069709683472
58.028761 97.906970968069
58.166506 97.9069709678507
58.303181 97.9069709677054
58.412824 97.9069709676359
58.534228 97.9069709647421
58.586755 97.9069709637852
58.70963 97.9069709568038
58.790091 97.9069709560492
58.898183 97.906970955846
59.006025 97.906970955682
59.116033 97.906970955568
59.229574 97.9069709555127
59.357914 97.9069709534316
59.412864 97.9069709526308
59.541037 97.9069709476194
59.625221 97.9069709470566
59.738615 97.9069709469001
59.851858 97.9069709467835
59.965201 97.9069709466936
60.074978 97.9069709466479
60.196684 97.9069709451553
60.248963 97.9069709444865
60.370363 97.906970940896
60.449976 97.9069709404672
60.558317 97.9069709403551
60.666607 97.9069709402603
60.77477 97.9069709401954
60.882528 97.9069709401559
61.004486 97.9069709390846
61.056688 97.9069709385367
61.17805 97.9069709359584
61.257875 97.9069709356371
61.365265 97.9069709355513
61.472221 97.906970935483
61.580353 97.9069709354331
61.687432 97.9069709354003
61.807924 97.9069709346286
61.860645 97.9069709341813
61.982339 97.9069709323295
62.064275 97.9069709320937
62.171992 97.9069709320271
62.279372 97.9069709319741
62.386694 97.9069709319346
62.494782 97.9069709319117
62.6034 97.906970931905
62.72629 97.9069709312487
62.77907 97.9069709311728
62.901394 97.9069709295787
62.982032 97.9069709294355
63.090263 97.9069709293928
63.203959 97.9069709293658
63.312563 97.9069709293451
63.420038 97.9069709293382
63.542253 97.9069709288675
63.594579 97.9069709287815
63.715791 97.9069709276366
63.796232 97.9069709275278
63.903766 97.906970927497
64.011522 97.9069709274718
64.118377 97.9069709274603
64.225023 97.9069709274542
64.346264 97.9069709271125
64.398158 97.9069709270254
64.520071 97.9069709262043
64.599748 97.9069709261248
64.707783 97.9069709260985
64.814866 97.9069709260839
64.921374 97.9069709260693
65.028472 97.9069709260653
65.150858 97.9069709258192
65.203368 97.9069709257394
65.325213 97.9069709251488
65.406734 97.9069709250893
65.515943 97.906970925067
65.624923 97.906970925052
65.734185 97.9069709250433
65.841946 97.9069709250373
65.962691 97.9069709248629
66.014552 97.906970924788
66.135312 97.9069709243667
66.216384 97.9069709243176
66.324847 97.9069709243078
66.433229 97.9069709242946
66.541 97.9069709242837
66.648334 97.9069709242823
66.756685 97.9069709242823
66.880665 97.9069709241318
66.948019 97.9069709240345
67.058547 97.9069709240291
67.168889 97.9069709240281
67.291176 97.9069709238978
67.357592 97.9069709238111
67.464914 97.9069709238058
67.586111 97.9069709237104
67.638602 97.9069709236545
67.760196 97.9069709234254
67.840548 97.9069709233904
67.951225 97.9069709233857
68.063289 97.9069709233781
68.175221 97.9069709233749
68.286962 97.9069709233718
68.398825 97.9069709233679
68.525404 97.9069709232879
68.57965 97.9069709232762
68.70616 97.9069709230772
68.78758 97.9069709230599
68.895329 97.9069709230534
69.003116 97.9069709230506
69.111139 97.9069709230468
69.232646 97.9069709229991
69.285608 97.9069709229561
69.407872 97.9069709228363
69.487983 97.9069709228187
69.610181 97.9069709228009
69.648758 97.9069709227348
69.770314 97.9069709225669
69.865249 97.9069709225594
69.98829 97.9069709225546
70.027202 97.9069709224479
70.150387 97.9069709224039
70.231306 97.9069709223968
70.339518 97.9069709223922
70.446026 97.9069709223912
70.566579 97.9069709223819
70.605105 97.9069709223756
70.726072 97.9069709222893
70.805655 97.9069709222871
70.9266 97.9069709222763
70.992255 97.9069709222701
71.114089 97.9069709222624
71.167135 97.9069709222507
71.289624 97.9069709222333
71.355733 97.9069709222304
71.477408 97.9069709222221
71.543474 97.9069709222199
71.650653 97.906970922217
71.75838 97.9069709222163
71.880454 97.9069709222054
71.947319 97.9069709221992
72.069753 97.9069709221991
72.122542 97.9069709221915
72.244632 97.906970922175
