time objective
0.01048 363.673012281189
0.018447 262.986068588449
0.025997 214.724167572642
0.033432 161.418398691755
0.040717 139.986154942335
0.048141 127.858717781465
0.055566 119.280797339709
0.063046 115.317935233794
0.070637 111.44657933079
0.078391 108.22944437262
0.08522 105.877069910047
0.09209 104.507146653883
0.098919 103.757187963306
0.105791 102.775074108894
0.112665 102.254604676095
0.119419 101.811111071031
0.126296 101.511457063906
0.133151 101.238941859841
0.140103 100.981858314795
0.146848 100.698688605733
0.153693 100.276184334847
0.160433 99.9723561566283
0.167148 99.6830413098159
0.173873 99.5480736447278
0.180775 99.3403504248504
0.187643 99.1630680326157
