time objective
0.005652 349.073436887973
0.008879 250.185756563644
0.012127 209.175699541007
0.01541 185.047943571809
0.018765 155.911164723312
0.02209 143.729334999644
0.0253 135.109025354025
0.028496 127.019406996748
0.031768 121.185293668228
0.035066 116.811949847776
0.037505 113.916703319575
0.039873 112.063043260188
0.042184 110.524305159786
0.044514 108.628194913983
0.046857 107.672459444885
0.04919 106.633499751068
0.051464 105.838981365782
0.053781 104.810746107397
0.056141 103.996296541751
0.058384 103.309137744203
0.060722 102.619755171247
0.063101 102.208147979906
0.065383 101.872333515953
0.067646 101.607488050362
0.069951 101.29778657592
0.072318 100.976367390363
0.074611 100.803235713141
0.076867 100.492985909216
0.079098 100.198714629494
0.081333 100.02552199697
0.08361 99.8272303822325
0.085883 99.6465648238894
0.088153 99.4568123522871
0.090437 99.3464274702048
0.092759 99.19281099361
0.094953 99.0613280494719
