time objective
22.504758 1277.13088848155
33.202036 1275.1972910207
43.953277 1273.87349675646
52.967567 1248.91973517049
61.572393 1196.47726243602
70.18161 1165.04820059556
78.825374 1107.57972699426
87.516248 1089.26554809723
96.523623 1076.43948903101
105.513016 1068.46278798965
114.331677 1060.83153917203
123.023536 1036.92966518103
131.788904 1003.19256921103
140.830652 987.822171951127
149.908759 960.60243967061
160.583077 958.44035678685
173.24248 948.624338727468
186.415053 944.198487483842
198.674808 942.62012552875
206.837004 934.261607342074
214.362538 925.944228133178
221.65798 917.319949620474
229.199611 871.421622921938
235.714029 859.099223661188
241.509083 857.149582470797
248.731712 851.678899577596
254.484936 843.661297057676
260.334317 826.753823105022
266.814989 823.804537158467
273.694636 816.507763514447
278.591668 814.128906596816
283.636696 810.856972680134
288.672042 801.269563598539
294.648529 778.885480604683
299.672306 773.795112303523
303.930989 768.680880400573
308.056168 763.715529369103
312.370794 761.567948980925
316.324287 758.848364602412
320.165813 754.056236138656
323.937911 751.403488854214
328.232616 748.301027537346
331.853146 746.464853981627
335.301653 743.57032791476
338.544711 742.907244832572
341.759111 740.395063345361
344.740208 734.702662039501
347.639998 733.298479519686
350.91793 729.200847116799
354.520954 729.065192881694
357.583435 726.728962889706
360.746535 726.323807201717
364.319568 725.867258436688
366.940633 724.866274575771
369.691616 713.63721088882
372.736348 709.96677649133
375.747428 703.113021010797
378.417982 696.074486855035
381.554037 694.356905276094
384.542859 691.508820389667
387.023293 690.814717778608
389.403408 690.495627687074
391.683953 688.213155445171
394.14832 684.735528541363
396.835578 683.205169045998
399.114257 682.320230330398
401.145789 681.238128652473
403.218949 680.441611212221
405.213531 680.11713403494
407.042137 679.510184026901
408.819014 672.709471916456
410.624556 666.324724100479
412.453699 665.555884624997
414.303003 661.480503907502
416.13029 658.360045662241
417.95672 657.228917118811
419.784598 656.79249687945
421.189878 655.858710605027
422.550803 655.229409376128
424.146304 651.659763690865
425.705584 650.712467768502
427.027708 650.69340644921
428.510716 649.798733254616
429.703252 649.631501627193
431.18003 647.543203520928
432.688086 647.129583937914
434.159436 643.112958324914
435.676991 641.350262515927
437.124548 640.283670627364
438.478232 639.303011892183
439.708276 638.996456707559
440.785794 637.932718489038
441.707347 635.985592899203
442.894977 634.018912261038
443.815562 632.933858187502
444.993237 631.718148336445
446.130849 631.021227932375
447.33313 630.802560746692
448.445942 630.596449618219
449.619157 630.328258284583
450.68756 629.996409226276
451.590847 628.059972586868
452.529717 625.136813349579
453.447153 624.292338096936
454.39669 623.177987600512
455.293618 622.796687489819
456.39412 622.639262525363
457.42306 622.09171822206
458.458381 621.704368479278
459.411141 621.629421843186
460.265267 621.126043420997
461.037835 619.807849660342
461.97728 617.418746370738
462.876117 616.582618736312
463.755647 615.378618429341
464.69069 615.110182864487
465.418223 614.704797357947
466.07869 614.620610206279
466.712864 614.153058752362
467.322666 613.526398314846
467.938773 612.046899122854
468.561694 611.563856984669
469.161179 611.11027427986
469.692707 610.555824475058
470.273587 610.420993949447
470.900819 610.26837174539
471.50304 610.18119821042
