time objective
0.264996 1382.85521793674
0.52485 1361.03749464875
0.773324 1353.23526039899
1.031151 1341.42696151941
1.288159 1330.44321833088
1.539511 1319.76886932425
1.789762 1300.64922960474
2.038298 1288.71249735344
2.293996 1278.06748333664
2.560433 1252.73902936886
2.827757 1240.90955568057
3.099359 1231.30440512223
3.36361 1206.14753711666
3.62273 1189.9850083744
3.884928 1173.15520423404
4.197593 1166.4277429347
4.502122 1151.90218716422
4.803548 1145.95564371366
5.112465 1130.04096593516
5.397339 1117.68185711322
5.679106 1106.22823493253
5.953033 1095.98607343214
6.23719 1085.86421769102
6.522561 1078.93425616985
6.805856 1072.41245361002
7.087745 1066.5538756979
7.358308 1061.07956746249
7.638803 1047.60344876781
7.90824 1039.98211172199
8.150214 1028.72463584801
8.381652 1019.70908300241
8.613363 1010.1648566282
8.846892 1003.73478530165
9.079805 996.376680970569
9.310831 976.189012610095
9.546977 973.693992313343
9.788914 968.619694801725
10.029274 965.880220521784
10.267938 963.317352249018
10.507484 958.854198417353
10.747241 952.443057149403
10.983453 947.360913221172
11.22137 944.232890589716
11.458281 941.680676640968
11.698557 939.033349383589
11.936935 936.273351440074
12.172665 933.691660586368
12.414858 931.605189213296
12.650666 929.234394676092
12.887196 926.738627165369
13.125124 921.395306374437
13.349808 917.812620589935
13.576014 914.451358697082
13.811184 912.046353206299
14.038242 909.154448154564
14.275122 906.534286384241
14.508298 902.226322390946
14.740867 898.737470022058
14.975164 895.571551408996
15.211851 892.87476610547
15.452757 890.281652995996
15.69854 887.824848463043
15.944992 885.45189626677
16.192338 882.605300875337
16.444717 879.081986478453
16.699136 875.713589496849
16.949797 871.490290312437
17.197851 866.401653547277
17.445521 863.633755639486
17.695099 860.863123953521
17.944101 858.387848332967
18.19815 856.937643588895
18.45145 854.353509578193
18.705133 850.291418123425
18.958575 847.22369145123
19.214798 843.825937537567
19.468633 841.558090875789
19.721386 837.683616736179
19.976252 834.812346351642
20.230051 833.126957938148
20.488034 830.632721422841
20.746685 828.900590713165
21.009343 826.413434911905
21.270197 823.764087049486
21.527279 821.309427878228
21.786444 818.68208703253
22.045706 817.243484193157
22.30318 815.003828638825
22.565519 813.688851443225
22.827466 812.290710599465
23.096036 810.431522209584
23.357078 807.084826735327
23.617796 804.700609082699
23.879185 802.344414917538
24.149216 800.809827090638
24.422155 799.666838009652
24.685448 797.926957879698
24.955288 796.479207108336
25.22135 794.690875676998
25.488245 792.737222422016
25.761688 790.851451033353
26.025271 788.9558217454
26.294828 786.840426055522
26.566562 785.064383194608
26.842325 783.041537838759
27.113363 781.369614795536
27.383434 779.476963212275
27.656162 778.683373662634
27.9294 775.796212702289
28.199174 774.332476715109
28.471046 772.299492985428
28.740971 770.060327073626
29.012507 768.078958921893
29.289661 766.536325382185
29.561729 764.707169273839
29.838043 763.318023811516
30.119339 761.38206472455
30.395505 759.397796060311
30.675953 757.554792404553
30.953453 755.820704639771
31.238945 754.067389924643
31.53866 752.273970146102
31.83087 749.691333922842
32.126243 747.188399632543
32.425506 744.234804961447
32.718861 743.292816748603
33.020403 741.109037944806
33.328379 739.846632852067
33.627194 738.498628400694
33.933646 736.662684455569
34.235787 734.876517441496
34.540783 733.033147292563
34.852347 731.040632136775
35.160803 729.640090878619
35.472678 728.438439092611
35.78799 728.094059662515
36.095353 726.574017829385
36.409107 726.146705374219
36.729543 724.650225014787
37.039541 722.581055930533
37.352891 720.884433054285
37.675475 718.788822430646
37.989439 718.252498624924
38.299955 717.239695282497
38.60949 716.023669570684
38.918371 713.955857732261
39.226763 711.931598677977
39.544837 711.679292511668
39.849416 711.229002453509
40.155565 709.752850505405
40.465362 709.234480185113
40.771428 708.615380605847
41.078715 706.877436784431
41.378173 704.948238494978
41.675592 703.634052700386
41.968548 703.105221662911
42.271592 701.965867729448
42.574285 701.359850291496
42.883963 700.399487255091
43.194204 699.258034450958
43.489507 698.261037068
43.787107 697.632632818071
44.091195 696.56589049547
44.391122 695.981120170704
44.689962 695.089563209424
44.998083 694.747061325419
45.309871 693.448189459142
45.669787 692.509427921021
45.96986 691.549277590361
46.280317 691.211839886039
46.594914 690.597431384796
46.918473 690.188009756413
47.239462 689.50235494283
47.571914 689.077578942137
47.921577 688.104521383347
48.245111 687.160947776549
48.608896 687.038720644749
48.958768 685.680211963367
49.289544 685.241061987022
49.603043 684.708950287307
49.919936 684.158722443551
50.221289 683.420463996602
50.514552 682.529596928999
50.794641 682.329112884986
51.106897 681.130999056354
51.396141 680.49382497412
51.729474 679.947732592846
52.058414 679.490077035133
52.395499 678.516358011254
52.76595 677.722417678646
53.176985 677.132179694786
53.670382 676.790709410232
54.021657 675.887568023094
54.381125 675.271311719239
54.744175 674.187675586704
55.098487 673.855240568114
55.453744 673.055966051091
55.801288 672.646210335576
56.163864 671.796809486102
56.53112 670.748260957856
56.911724 669.878041811578
57.281635 669.426741129954
57.64607 669.009591997816
58.019444 668.577139544897
58.380443 668.124308006963
58.755748 667.580383469106
59.113221 666.820574163129
59.466321 666.489894426728
59.81309 665.698872206849
60.151884 665.48437279989
60.503426 664.772959489597
60.843069 664.347525139633
61.178537 663.518885003042
61.502894 662.915305169146
61.840975 662.450349428641
62.180895 661.804972970696
62.532192 661.393346834497
62.887352 660.488920857415
63.244157 659.776011934002
63.594654 658.577957237469
63.937124 657.919962013245
64.27542 657.725812164828
64.620259 657.032844849089
64.955581 656.66172572821
65.285022 656.159374629266
65.617544 655.707235071028
65.950788 654.80842767774
66.292487 654.029029540007
66.628985 653.687935593537
66.970872 652.664822712416
67.316694 652.355378822349
67.672617 651.875912752489
68.01988 651.265836822686
68.373248 651.043730487546
68.718287 650.369046935299
69.051652 650.106342965917
69.394145 649.605906594927
69.735326 649.442900379253
70.064725 648.888689603715
70.387728 648.537593785989
70.717337 648.027231565148
71.043153 647.871697574415
71.367715 647.416647596188
71.70087 647.090299830111
72.036613 646.553411680924
72.368803 646.083295993401
72.710477 645.545346344802
73.053371 645.086685421488
73.395509 644.530679934757
73.742384 644.016453986911
74.098145 643.489460380056
74.447431 643.091614170568
74.785581 642.471874909167
75.123047 642.103881385196
75.458236 641.774274173724
75.788913 641.258235286509
76.111746 640.587664378969
76.439252 640.391393732396
76.765187 639.698762423224
77.087702 639.518923260335
77.40415 639.131003664262
77.719809 638.869003431332
78.061077 638.645044421573
78.394481 638.301492609839
78.721647 637.772530227855
79.0629 637.099894570183
79.401638 636.638627169306
79.73032 636.165859498158
80.075451 635.684092935072
80.403003 635.391106918549
80.747619 634.904518047325
81.096247 634.496081257548
81.449764 634.010039172315
81.796019 633.796480624188
82.153797 633.172648820622
82.499434 632.919083702368
82.844421 632.623796392586
83.1933 632.222108422604
83.532266 631.655758788007
83.868983 631.13377200937
84.20112 630.790269035355
84.526521 630.531297592861
84.8597 630.274462312188
85.191677 630.053983448073
85.520055 629.86944097746
85.845962 629.482347907309
86.180067 628.993398799034
86.506222 628.747566775297
86.830189 628.379947139543
87.149581 628.047184595194
87.46029 627.796508508674
87.786017 627.539349714001
88.129442 627.167926510534
88.507809 626.760363985099
88.867987 626.695397009184
89.228625 626.054278199383
89.603645 625.947704257693
89.941144 625.616965370373
90.310836 625.458288597661
90.647162 625.06513542081
91.028751 624.745135678526
91.399191 624.270115320039
91.778952 623.994665537525
92.119737 623.630764469289
92.48482 623.45960780972
92.838364 623.016529102407
93.217464 622.89908561877
93.547581 622.623533326639
93.877505 622.40691069671
94.19668 621.7656201346
94.518792 621.401014418844
94.83848 620.822601374719
95.154833 620.518342499894
95.479704 620.030352749577
95.799039 619.644044345218
96.118961 619.216487942098
96.432211 618.906298895501
96.712957 618.771492040191
96.986091 618.219656379075
97.26465 618.002517250198
97.55034 617.825181028103
97.822394 617.34017855926
98.098643 617.194849545806
98.51903 616.923403681741
99.07457 616.493925561446
99.376449 616.338618683347
99.690769 616.095580536785
100.000198 615.783537036593
100.302779 615.449663192911
100.608994 615.164186570889
100.918648 614.909130587228
101.231595 614.584562052004
101.54697 614.331579531036
101.860638 613.997944647431
102.184146 613.520024901192
102.507511 612.281163391401
102.827503 612.0491559777
103.158317 611.522085057927
103.532854 611.317909381757
103.872692 611.131975607145
104.206514 610.932288941241
104.542954 610.640847966913
104.874268 610.341630873724
105.189131 610.107538989449
