time train-error
201.122955 0.24090435258130105
394.260867 0.23126612779192401
601.231978 0.22612232342738003
805.807275 0.22272160226942594
996.265759 0.21908163439684203
1184.143175 0.216825879658903
1362.352147 0.215168241707538
1538.239289 0.214262522002153
1713.749099 0.21255361689765395
1884.60231 0.21135738332450404
2079.285101 0.21005861544508397
2257.596625 0.20915289573969997
2429.053476 0.20891364902507004
2597.452247 0.20793957311550504
2765.372045 0.20788830596236996
2931.821532 0.207426901584155
3093.533757 0.20664080523608497
3257.442842 0.20626484611309504
3419.989047 0.205615462173386
3577.876534 0.205273681152486
3736.409756 0.20535912640771103
3892.758844 0.20496607823367596
4046.921832 0.20467556436591094
4200.976761 0.20455594100859598
4355.240114 0.204367961447101
4506.305561 0.20438505049814604
4655.179226 0.20334261838440104
4804.090331 0.203598954150076
4949.848119 0.20315463882290596
5093.917752 0.20247107678110599
5239.158033 0.20257361108737604
5382.921726 0.202488165832151
5523.921514 0.20245398773006096
5661.922656 0.201855870943487
5798.330669 0.201855870943487
5932.905501 0.20153117897363204
6065.786313 0.20144573371840702
6198.919531 0.201360288463182
6330.705983 0.20098432934019195
6460.436663 0.20098432934019195
6588.926502 0.20084761693183195
6716.080577 0.20086470598287698
6841.525913 0.200813438829742
6965.78963 0.20065963737033699
7090.01165 0.20050583591093196
7213.195718 0.20023241109421197
7335.180329 0.20009569868585197
7455.291545 0.19980518481808696
7574.739603 0.19973682861390696
7692.192626 0.19956593810345702
7809.243234 0.19949758189927702
7925.662622 0.199480492848232
8041.484369 0.19944631474614205
8156.760892 0.19910453372524195
8271.25573 0.19905326657210698
8384.412699 0.198779841755387
8497.193543 0.198779841755387
8608.066665 0.198779841755387
8718.717953 0.19848932788762197
8828.961779 0.19842097168344197
8937.910076 0.198232992121947
9046.812882 0.19847223883657705
9155.308557 0.19804501256045204
9262.474544 0.19811336876463204
9369.263174 0.19804501256045204
9474.16829 0.197805765845823
9579.609222 0.19772032059059796
9684.395445 0.19729309431447295
9788.374439 0.19768614248850802
9891.209526 0.19770323153955305
9995.290648 0.19748107387596803
10098.667755 0.19749816292701305
10200.008888 0.19741271767178803
10300.844647 0.19698549139566301
10400.295387 0.19722473811029295
10500.395734 0.197053847599843
10599.649245 0.197190560008203
10736.925478 0.19684877898730302
10855.075133 0.197053847599843
10967.45816 0.19686586803834805
11074.459987 0.19679751183416805
11179.575987 0.19671206657894302
11283.139722 0.19652408701744795
11385.216103 0.19667788847685297
11487.11271 0.19640446366013298
11588.256687 0.19647281986431298
11688.746532 0.19630192935386304
11789.303703 0.19616521694550304
11887.181191 0.19626775125177298
11983.942612 0.19616521694550304
12080.407419 0.19626775125177298
12175.927223 0.19611394979236796
12270.861389 0.19589179212878305
12365.028081 0.195789257822513
12459.419057 0.195857614026693
12553.081217 0.195925970230873
12645.792764 0.19573799066937803
12738.129267 0.19584052497564797
12830.149765 0.195857614026693
12922.182682 0.19577216877146797
13014.78001 0.19549874395474798
13106.854203 0.195652545414153
13198.134947 0.19543038775056798
