time train-error
69.352207 0.5088264948647401
102.563934 0.459951808876053
135.713586 0.47816873729001796
171.804235 0.378983885024865
205.785298 0.38236751713177397
240.717384 0.36074986755985405
275.965512 0.345523523078763
309.848954 0.330485158159167
343.940299 0.321821009279355
380.263211 0.30134832612745
415.795229 0.30169010714835
450.512895 0.292701266298682
487.132603 0.289078387477143
523.825157 0.294119657535417
583.043523 0.27914964882000104
620.181999 0.28251619187586496
657.827049 0.274655228395167
695.7554 0.27580019481518203
732.952662 0.27094690431840296
771.243958 0.27163046636020305
810.156556 0.26857152622314895
849.499513 0.26932344446912904
890.038303 0.26583727805595003
931.342261 0.26573474374968
972.302526 0.26168463865201597
1014.838089 0.26103525471230604
1057.782145 0.259839021139156
1097.399805 0.25761744450330704
1135.741769 0.257309841584497
1171.465032 0.254746483927747
1207.091307 0.25498573064237695
1242.613909 0.252986311670113
1277.714663 0.25360151750773297
1313.290472 0.25120905036143304
1349.021733 0.250559666421724
1384.6161 0.24975648102260894
1424.319072 0.24864569270468395
1463.349804 0.24883367226617903
1501.218253 0.24611651315002503
1541.259075 0.24833808978587402
1579.893383 0.24425380658611995
1618.404198 0.24668045183451004
1653.724586 0.24392911461626499
1689.177214 0.24548421826136002
1724.877409 0.24181007228668605
1760.379793 0.24474938906642496
1796.156327 0.24175880513355097
1835.690891 0.24319428542133104
1876.454627 0.24085308542816597
1918.608393 0.24225438761385598
1963.430193 0.240665105866671
2004.632652 0.24158791462310103
2045.79246 0.23897328981321697
2087.653784 0.23967394090606198
2129.95898 0.238153015363057
2169.214803 0.23811883726096705
2204.272794 0.23726438470871702
2239.687085 0.23734982996394205
2277.272738 0.23680298033050196
2314.238478 0.23692260368781703
2350.947586 0.23608524018661203
2387.670447 0.235794726318848
2423.173288 0.23567510296153305
2461.361926 0.23632448690124197
2497.983578 0.23588017157407204
2534.141008 0.23615359639079203
2572.279863 0.23584599347198298
2610.291003 0.23584599347198298
2648.488915 0.235777637267803
2685.226089 0.235299143838543
2722.550218 0.23615359639079203
