time train-error
47.108386 0.5088264948647401
79.80187 0.45301365415178496
115.745984 0.40478835210280795
149.967032 0.394312763812225
183.876982 0.39079241929695596
219.317622 0.389784165285302
254.640425 0.33908095083480005
289.739352 0.334859955226686
325.774809 0.311584667703402
360.606716 0.31954816549037
394.517589 0.293880410820787
432.171477 0.280995266332861
468.124683 0.27991865611702604
503.338498 0.27561221525368695
540.31788 0.27665464736743195
577.890908 0.273134302852163
637.449589 0.27127159628825803
675.345582 0.268110121844934
713.686169 0.273202659056343
752.635989 0.26621323717893897
790.404983 0.264965736452655
829.028358 0.26416255105354003
868.838215 0.26229984448963595
908.901866 0.261770083907241
950.595189 0.264418886819215
993.248374 0.26335936565442497
1034.980844 0.25845480800451104
1079.032517 0.252422372985628
1122.370371 0.25149956422919795
1163.321866 0.251670454739648
1201.399677 0.24898747372558405
1236.512712 0.250713467881129
1271.635046 0.251533742331288
1307.606888 0.24844062409214396
1343.348622 0.24743237008048902
1378.85197 0.24809884307124397
1413.738817 0.24664627373241998
1449.218411 0.24656082847719496
1490.059292 0.247415281029444
1527.37343 0.24538168395508997
1564.524569 0.245467129210315
1604.702408 0.24555257446554002
1642.416571 0.24589435548644
1680.705957 0.243860758412085
1715.586574 0.24459558760702005
1750.574042 0.24435634089239
1785.91408 0.24146829126578595
1820.745641 0.24078472922398597
1855.555384 0.240460037254131
1894.873418 0.239964454773826
1935.159885 0.23931507083411696
1976.830505 0.23946887229352198
2022.230959 0.23914418032366702
2063.145271 0.23914418032366702
2103.920641 0.23900746791530703
2144.91713 0.23805048105678706
2186.690617 0.24350188834014097
2225.797192 0.23678589127945704
2259.936066 0.23514534237913798
2294.184 0.23398328690807801
2330.190836 0.23288958764119805
2366.525287 0.23266742997761303
2401.737495 0.23249653946716298
2436.692756 0.231949689833724
2470.629177 0.231607908812824
2506.109094 0.23249653946716298
2540.986492 0.231676265017004
2575.438038 0.232086402242084
2610.374919 0.23206931319103896
2646.394287 0.23150537450655395
2681.947714 0.23075345626057397
2716.454289 0.230565476699079
2751.687422 0.231180682536699
2785.90842 0.231334483996104
2820.13325 0.23065092195430403
2850.074308 0.231112326332519
2878.582019 0.230497120494899
2907.110294 0.229591400789514
2934.996214 0.23102688107729397
2963.035259 0.23022369567817902
2993.323815 0.22892492779875895
3025.081753 0.229300886921749
3056.020669 0.22878821539039895
3087.442339 0.22851479057367896
3119.976315 0.22856605772681404
3154.503062 0.22851479057367896
3187.415548 0.22795085188919495
3220.079478 0.22685715262231498
3251.219168 0.22877112633935404
3278.466326 0.2270793102859
3305.650732 0.22642992634618997
3332.657099 0.226583727805595
3359.599965 0.22690841977544995
3386.853703 0.22646410444828002
3414.314471 0.22670335116290996
3441.158907 0.22666917306082002
3468.429528 0.226720440213955
3497.083693 0.22716475554112503
3527.019052 0.22619067963156003
3554.995428 0.22598561101902004
3584.110717 0.226515371601415
3613.923608 0.22523369277303995
3641.70692 0.22526787087513
3669.957389 0.22519951467095
3696.549743 0.22576345335543502
3722.588462 0.22612232342738003
3748.567885 0.22496026795631996
3774.676483 0.22579763145752496
3800.478426 0.22480646649691505
3826.667745 0.22502862416049996
3852.547244 0.224909000803185
3880.296617 0.22485773365005002
3906.646467 0.22453304168019494
3933.364849 0.22441341832288098
3961.964537 0.223661500076901
3990.460426 0.22516533656885995
4018.617607 0.22272160226942594
4046.537459 0.22313173949450604
4075.421796 0.22222601978912104
4104.505272 0.22251653365688595
4134.286682 0.22287540372883097
4161.748738 0.22220893073807602
4188.968169 0.222619067963156
4215.948915 0.22273869132047097
4245.068983 0.222123485482851
4271.179999 0.22224310884016596
4296.823104 0.22231146504434596
4322.673543 0.222482355554796
4347.655836 0.222260197891211
4372.1669 0.22200386212553602
4396.804274 0.22183297161508597
4422.07363 0.22200386212553602
4447.739985 0.221644992053591
4472.569995 0.221781704461951
4497.634578 0.22244817745270595
4523.051413 0.22125194387955605
4548.66633 0.22120067672642096
4574.343177 0.22166208110463603
4601.849552 0.22075636139925103
4626.032494 0.22075636139925103
4650.704554 0.22104687526701605
4675.909046 0.22079053950134198
4699.675091 0.22082471760343103
4723.243761 0.219970265051182
4746.624181 0.22032913512312702
4769.681778 0.22041458037835204
4792.98784 0.220038621255362
4815.83998 0.22014115556163205
4839.530372 0.22002153220431697
4862.724249 0.219901908847002
4886.916444 0.21974810738759698
4912.764534 0.21974810738759698
4938.173836 0.219132901549977
4962.420505 0.21903036724370695
4988.739878 0.21942341541774202
5015.910757 0.21979937454073195
5042.077591 0.21903036724370695
5068.638824 0.21901327819266203
5094.957237 0.21882529863116695
5119.803324 0.21884238768221198
5144.123794 0.21891074388639198
5168.385165 0.21918416870311197
5192.631034 0.21896201103952695
5216.888391 0.21867149717176204
5240.953549 0.218791120529077
5264.930342 0.218722764324897
5288.287598 0.21860314096758204
5311.343212 0.21848351761026696
