time train-error
123.423944 0.508843583915785
269.152628 0.39836286890988903
388.019117 0.44561409504930205
538.074471 0.383495394500743
673.868101 0.35774219457593504
811.880903 0.36317651280824403
955.752203 0.36158723106105894
1093.713429 0.32737495086897805
1244.626829 0.35432438436693603
1388.167945 0.33328776253054704
1526.795727 0.35191482816959196
1674.051673 0.33935437565152005
1804.959648 0.35001794350359705
1952.687691 0.33426183844011104
2078.776985 0.341695575644684
2202.90121 0.317531657467061
2335.416186 0.33538971580908095
2458.495383 0.321342515850095
2580.947664 0.333270673479502
2712.429632 0.32245330416802
2825.875255 0.329647794657963
2957.276389 0.315429704188526
3070.716912 0.327409128971068
