time train-error
0.684297 0.46060119281576295
1.496678 0.43601004836201396
2.49635 0.41646017396654
3.799 0.378915528820685
5.189509 0.357092810636225
6.851507 0.33938855375361
8.573896 0.33238204282516204
10.530362 0.32026590563426005
12.96612 0.31859117863185105
15.425963 0.304902848744809
17.867742 0.30263000495582504
20.667095 0.287352393321599
23.631648 0.29420510279064205
26.870326 0.27993574516807096
30.187892 0.274176734965907
34.112352 0.27140830869661803
38.052597 0.271237418186168
42.114247 0.269374711622264
45.632914 0.269237999213904
48.519083 0.271254507237213
51.838146 0.266298682434164
55.512973 0.26508535980996994
59.135432 0.26517080506519497
62.890384 0.26416255105354003
67.289614 0.261582104345746
71.58712 0.261411213835296
76.065756 0.260180802160056
79.586093 0.260676384640361
84.224004 0.261154878069621
89.16319 0.258147205085702
94.275718 0.258215561289882
99.417313 0.25818138318779205
104.323298 0.25777124596271195
108.5564 0.25701932771673197
112.330691 0.255361689765367
116.146041 0.25464394962147796
119.894432 0.25525915545909705
123.966877 0.254455970059983
127.971191 0.25443888100893797
132.126611 0.253123024078473
136.271994 0.253892031375498
139.815791 0.25464394962147796
143.802022 0.25127740656561304
147.521798 0.248321000734829
151.351785 0.24808175402019905
155.052498 0.24850898029632396
158.798193 0.24835517883691904
162.325494 0.24859442555154898
165.399641 0.249448878103799
168.960193 0.24907291898080897
172.14659 0.24849189124527904
175.766424 0.24792795256079403
179.304869 0.247842507305569
182.973136 0.24736401387630902
186.399267 0.24751781533571404
190.030384 0.24775706205034398
193.860281 0.24632158176256502
197.633428 0.24753490438675896
201.494872 0.24659500657928501
205.081975 0.24664627373241998
209.010609 0.24596271169062
212.67397 0.24575764307808
215.833023 0.245603841618675
219.239905 0.24531332775090997
222.629745 0.24510825913836998
226.046472 0.24582599928226
229.333697 0.24580891023121498
232.496704 0.24536459490404505
235.899694 0.24515952629150495
238.95242 0.24500572483210004
242.564517 0.245330416801955
246.205232 0.24534750585300003
249.65209 0.24599688979270995
253.312868 0.243860758412085
256.952001 0.24411709417775995
260.237446 0.24432216279029995
263.451681 0.24387784746313002
266.381033 0.243177196370286
269.71198 0.243040483961926
272.984379 0.24278414819625105
276.399266 0.24256199053266603
279.656128 0.242681613889981
282.529897 0.24237401097117095
285.348938 0.241570825572056
288.220764 0.24222020951176604
290.986076 0.24211767520549599
293.442423 0.24230565476699095
296.388066 0.24244236717535095
299.174913 0.24175880513355097
302.220721 0.24211767520549599
305.298066 0.242203120460721
308.478956 0.24225438761385598
311.705418 0.24182716133773097
314.837036 0.24141702411265098
317.705221 0.241639181776236
320.992022 0.241707537980416
323.898745 0.24124613360220104
326.371165 0.24146829126578595
329.098288 0.24218603140967598
331.729379 0.24158791462310103
334.520679 0.24105815404070596
337.354514 0.24133157885742595
340.392248 0.241844250388776
343.186528 0.24139993506160595
346.008795 0.241365756959516
349.38166 0.24126322265324596
352.273598 0.24181007228668605
355.218705 0.24102397593861602
358.136992 0.24121195550011099
360.593444 0.241297400755336
363.02045 0.24104106498966105
365.715909 0.24078472922398597
368.584583 0.24182716133773097
371.476288 0.24063092776458095
374.154401 0.24068219491771603
376.731787 0.24092144163234597
379.527945 0.24040877010099604
382.319452 0.24022079053950096
384.96751 0.240733462070851
387.758803 0.24134866790847098
390.769624 0.24044294820308598
392.922744 0.240169523386366
395.56514 0.240306235794726
398.027469 0.24020370148845605
400.56733 0.24042585915204095
403.214785 0.24025496864159102
406.043407 0.24034041389681604
408.836807 0.24034041389681604
411.546722 0.23999863287591605
414.366647 0.23999863287591605
416.82499 0.23994736572278097
419.156239 0.23960558470188198
421.56802 0.23965685185501695
424.047598 0.24057966061144598
426.500947 0.239964454773826
429.029207 0.23970811900815103
431.46899 0.239691029957106
433.896949 0.239759386161286
436.416656 0.23984483141651103
438.637641 0.239554317548747
441.097325 0.23974229711024098
443.7733 0.23936633798725204
446.469232 0.23965685185501695
449.005621 0.23893911171112703
451.40185 0.239332159885162
453.688433 0.23914418032366702
456.08783 0.23921253652784702
458.353383 0.23909291317053205
460.272295 0.238990378864262
462.550786 0.23888784455799195
464.80472 0.23928089273202702
467.405973 0.238785310251722
469.923299 0.238853666455902
472.46891 0.23887075550694703
475.06171 0.23873404309858703
477.467694 0.23876822120067698
479.609671 0.23844352923082202
481.906926 0.238084659158877
484.30227 0.238358083975597
486.572386 0.23834099492455196
488.852523 0.238511885435002
490.914928 0.238426440179777
492.92188 0.238221371567237
494.994191 0.23859733069022704
497.116659 0.23813592631201197
499.708466 0.23748654237230205
502.161088 0.23772578908693198
504.755667 0.23805048105678706
507.280139 0.23825554966932705
509.190371 0.23834099492455196
511.272973 0.237811234342157
513.528238 0.237879590546337
515.74931 0.237879590546337
518.06888 0.23823846061828202
520.390378 0.23803339200574203
522.108325 0.23806757010783197
523.935745 0.23798212485260695
525.744913 0.23798212485260695
527.509453 0.238221371567237
529.814848 0.23791376864842695
531.71601 0.23775996718902204
533.732796 0.23803339200574203
535.92719 0.23784541244424695
537.967259 0.23770870003588696
539.89043 0.23746945332125702
541.634458 0.23736691901498697
543.48379 0.23743527521916696
545.641858 0.237811234342157
547.569067 0.23772578908693198
549.489841 0.23740109711707702
551.201283 0.23762325478066204
552.96276 0.23743527521916696
554.995258 0.237452364270212
556.88241 0.237452364270212
559.171496 0.237110583249312
561.23075 0.23733274091289702
563.338028 0.23736691901498697
565.647344 0.23714476135140194
567.918529 0.23726438470871702
569.992776 0.23740109711707702
572.023753 0.237178939453492
574.071698 0.237178939453492
576.008572 0.23687133653468195
578.035062 0.23673462412632196
579.946053 0.23673462412632196
581.629095 0.23678589127945704
583.391918 0.236546644564827
585.283806 0.23656373361587202
587.211297 0.23680298033050196
588.976076 0.236837158432592
590.775547 0.236837158432592
592.861288 0.235999794931387
595.095347 0.236204863543927
597.240418 0.23635866500333202
599.055293 0.23663208982005202
600.880629 0.23671753507527704
602.775769 0.236204863543927
604.549523 0.23611941828870198
606.471994 0.23598270588034198
608.423266 0.23651246646273705
610.245494 0.236273219748107
612.198076 0.236068151135567
614.162993 0.23632448690124197
616.253613 0.23622195259497203
618.432245 0.236068151135567
620.718566 0.23598270588034198
622.874545 0.23625613069706197
625.16392 0.235709281063623
627.326501 0.23588017157407204
629.283317 0.23591434967616298
631.290887 0.235931438727207
633.282445 0.235863082523027
635.228676 0.235777637267803
637.145844 0.235999794931387
638.95486 0.23582890442093796
640.775247 0.235863082523027
642.306409 0.23589726062511795
643.749171 0.23555547960421797
645.676617 0.235863082523027
647.552532 0.23553839055317305
649.273293 0.23594852777825204
651.352343 0.23589726062511795
653.461803 0.23591434967616298
655.583769 0.23576054821675796
657.586431 0.23574345916571204
659.429408 0.235230787634363
661.499362 0.23576054821675796
663.601309 0.235435856246903
665.562911 0.235504212451083
667.501006 0.23562383580839796
669.415778 0.23598270588034198
671.301489 0.235504212451083
673.24471 0.235640924859443
674.955519 0.23552130150212802
677.015512 0.235572568655263
678.96616 0.23617068544183695
680.94246 0.23535041099167797
683.070312 0.23552130150212802
685.210698 0.23547003434899305
687.052449 0.235367500042723
688.887565 0.235094075226003
690.623162 0.23541876719585797
692.612479 0.235504212451083
694.484762 0.23511116427704803
696.297741 0.23531623288958803
698.146124 0.23531623288958803
699.90931 0.23558965770630802
701.385504 0.23538458909376803
703.171848 0.23514534237913798
705.035486 0.23565801391048802
706.683468 0.23540167814481305
708.626596 0.23519660953227295
710.396685 0.23533332194063294
712.36264 0.23528205478749797
714.222946 0.23528205478749797
716.140146 0.23535041099167797
718.146403 0.23526496573645295
719.863882 0.23485482851137296
721.369015 0.23511116427704803
722.971225 0.23505989712391295
724.532577 0.23538458909376803
726.123403 0.235094075226003
727.665112 0.23483773946032804
729.168828 0.23499154091973296
730.802945 0.234871917562418
732.302768 0.23483773946032804
733.794538 0.234735205154058
735.354827 0.23485482851137296
736.995509 0.23488900661346301
738.881244 0.23494027376659798
740.593386 0.23499154091973296
742.389023 0.23464975989883297
744.18454 0.23475229420510302
746.005702 0.23476938325614805
747.621511 0.23494027376659798
749.22995 0.23413708836748304
750.78117 0.23483773946032804
752.313765 0.23461558179674302
753.921506 0.23430797887793298
755.577125 0.23451304749047297
757.131868 0.23442760223524794
758.810991 0.234461780337338
760.459072 0.234530136541518
762.066744 0.23471811610301296
763.745934 0.23410291026539298
765.309146 0.23458140369465297
766.847417 0.23492318471555296
768.524786 0.23429088982688795
770.229654 0.23447886938838303
771.963874 0.23471811610301296
773.643115 0.23485482851137296
775.489526 0.23531623288958803
777.068633 0.234530136541518
779.023368 0.234598492745698
780.709975 0.23463267084778805
782.347476 0.23442760223524794
784.079946 0.23454722559256302
785.724446 0.234803561358238
787.380482 0.23471811610301296
789.123305 0.234461780337338
790.669248 0.23483773946032804
792.156544 0.23441051318420303
793.863879 0.23444469128629297
795.553985 0.23429088982688795
797.113524 0.23441051318420303
798.898483 0.23430797887793298
800.375073 0.233966197857033
802.242028 0.23458140369465297
804.145219 0.23422253362270795
805.96751 0.234256711724798
807.639652 0.234188355520618
809.213063 0.23415417741852795
810.757675 0.23483773946032804
812.417565 0.23437633508211297
814.172476 0.234325067928978
815.755369 0.23413708836748304
817.372077 0.23423962267375298
819.043401 0.23442760223524794
820.443379 0.23430797887793298
821.932216 0.23430797887793298
823.640311 0.234256711724798
825.340152 0.23423962267375298
827.05989 0.23410291026539298
828.745338 0.23400037595912304
830.499512 0.23403455406121298
832.299946 0.23429088982688795
834.145028 0.23408582121434796
835.771355 0.23374404019344797
837.267149 0.233966197857033
838.887399 0.23391493070389802
840.67258 0.23386366355076305
842.35857 0.233761129244493
843.912241 0.23403455406121298
845.621789 0.23420544457166304
847.209974 0.23423962267375298
848.681517 0.233897841652853
850.274702 0.23415417741852795
851.839523 0.233897841652853
853.539758 0.23379530734658305
855.152238 0.23398328690807801
856.69244 0.23410291026539298
858.209401 0.23420544457166304
859.829126 0.23381239639762796
861.352913 0.23417126646957298
862.905548 0.233829485448673
864.519142 0.23422253362270795
866.078076 0.234119999316438
867.589095 0.23406873216330304
869.192027 0.23384657449971802
870.781107 0.23447886938838303
872.484585 0.233897841652853
874.258773 0.23413708836748304
876.140422 0.23398328690807801
877.670065 0.233829485448673
879.240811 0.23388075260180796
880.989474 0.233624416836133
882.567276 0.23394910880598796
884.205017 0.23384657449971802
885.957993 0.233829485448673
887.693961 0.23393201975494304
889.369128 0.23393201975494304
891.060213 0.233692773040313
892.789459 0.23410291026539298
894.514954 0.23391493070389802
896.099264 0.23427380077584303
897.676708 0.233897841652853
899.181404 0.23391493070389802
900.707293 0.233897841652853
902.248571 0.23377821829553802
903.957788 0.233829485448673
905.462857 0.23386366355076305
906.749606 0.233692773040313
908.39592 0.23400037595912304
909.845763 0.23386366355076305
911.408116 0.23394910880598796
912.934768 0.23381239639762796
914.604441 0.23429088982688795
916.112436 0.23410291026539298
917.570389 0.23386366355076305
919.376105 0.23398328690807801
921.164166 0.233966197857033
922.703549 0.23384657449971802
924.463595 0.23379530734658305
926.346318 0.23372695114240305
928.263276 0.23381239639762796
929.985735 0.23377821829553802
931.769928 0.23370986209135802
933.53764 0.23377821829553802
935.293974 0.233829485448673
936.897669 0.23370986209135802
938.624782 0.233966197857033
940.358001 0.23370986209135802
942.026426 0.23398328690807801
943.791292 0.23374404019344797
945.508475 0.23388075260180796
947.254268 0.23403455406121298
948.905867 0.23381239639762796
950.572712 0.233761129244493
952.087634 0.23401746501016796
953.828398 0.233829485448673
955.433336 0.23403455406121298
957.061523 0.23377821829553802
958.794661 0.23384657449971802
960.287134 0.23429088982688795
961.929071 0.23398328690807801
963.62286 0.233829485448673
965.25287 0.23374404019344797
966.595892 0.23364150588717802
968.254272 0.23393201975494304
969.850192 0.23398328690807801
971.465922 0.23379530734658305
973.068097 0.23357314968299803
974.646229 0.23401746501016796
976.220235 0.23398328690807801
977.731509 0.23377821829553802
979.369252 0.23372695114240305
980.990758 0.23388075260180796
982.532473 0.23388075260180796
984.097325 0.23353897158090797
985.763527 0.23343643727463803
987.405234 0.23386366355076305
989.051184 0.23370986209135802
990.788654 0.23357314968299803
992.370819 0.23357314968299803
993.975729 0.23381239639762796
995.379754 0.23367568398926797
996.987567 0.23364150588717802
998.560672 0.23347061537672797
1000.142011 0.23343643727463803
1001.714812 0.23336808107045803
1003.344107 0.23347061537672797
1004.832372 0.23367568398926797
1006.326786 0.23377821829553802
1008.008513 0.23357314968299803
1009.663818 0.233897841652853
1011.239018 0.23350479347881803
1012.949995 0.233487704427773
1014.664341 0.23350479347881803
1016.411268 0.233761129244493
1018.221671 0.23352188252986295
1019.928198 0.23386366355076305
1021.705103 0.23401746501016796
1023.405145 0.23364150588717802
1025.147051 0.233761129244493
1026.888181 0.23370986209135802
1028.623804 0.23365859493822305
1030.355192 0.23353897158090797
1032.037444 0.23379530734658305
1033.765939 0.23367568398926797
1035.478315 0.23360732778508797
1037.186532 0.23370986209135802
1038.984744 0.23365859493822305
1040.797415 0.233556060631953
1042.61974 0.23336808107045803
1044.361706 0.23386366355076305
1046.161132 0.23340225917254798
1047.987304 0.23365859493822305
1049.759803 0.23343643727463803
1051.230681 0.23353897158090797
1053.104049 0.23347061537672797
1055.019019 0.233487704427773
1056.769628 0.23352188252986295
1058.565214 0.23345352632568295
1060.352234 0.23357314968299803
1062.089775 0.23352188252986295
1063.816879 0.23345352632568295
1065.638837 0.23347061537672797
1067.438168 0.233624416836133
1069.106688 0.23345352632568295
1070.894237 0.233145923406873
1072.677884 0.23340225917254798
1074.456207 0.23353897158090797
1076.195635 0.23345352632568295
1077.963067 0.233419348223593
1079.700395 0.23370986209135802
1081.432126 0.23379530734658305
1083.076825 0.23338517012150295
1084.80516 0.23333390296836798
1086.6061 0.23336808107045803
1088.286801 0.23352188252986295
1089.951326 0.23347061537672797
1091.51681 0.23340225917254798
1093.138326 0.23338517012150295
1094.810772 0.233556060631953
1096.325397 0.23324845771314295
1097.680796 0.23340225917254798
1099.22649 0.23329972486627804
1101.175113 0.233282635815233
1102.814244 0.23323136866209804
1104.494876 0.23338517012150295
1106.160768 0.233282635815233
1107.893414 0.23340225917254798
1109.510776 0.23323136866209804
1111.220314 0.23324845771314295
1112.772558 0.233214279611053
1114.411653 0.233214279611053
1116.056598 0.233214279611053
1117.653692 0.23318010150896296
1119.339109 0.233350992019413
1120.947648 0.23326554676418798
1122.583373 0.233145923406873
1124.176697 0.23319719056000798
1125.645318 0.23309465625373804
1127.352877 0.23304338910060296
1128.898294 0.23323136866209804
1130.442278 0.23319719056000798
1132.199384 0.23323136866209804
1133.921107 0.233060478151648
1135.489539 0.23316301245791804
1137.218294 0.23333390296836798
1139.043183 0.23326554676418798
1140.790195 0.23336808107045803
1142.55573 0.23312883435582799
1144.221321 0.233145923406873
1145.954069 0.23319719056000798
1147.701368 0.23311174530478296
1149.349933 0.23312883435582799
1151.09498 0.23347061537672797
1153.000794 0.23331681391732295
1154.71543 0.233487704427773
1156.585715 0.23329972486627804
1158.333133 0.233282635815233
1159.994138 0.23331681391732295
1161.730054 0.23323136866209804
1163.417098 0.233350992019413
1165.119321 0.233419348223593
1166.969251 0.233214279611053
1168.80211 0.23323136866209804
1170.540748 0.23316301245791804
1172.24666 0.233214279611053
1174.013309 0.233145923406873
1175.783846 0.23331681391732295
1177.553078 0.23340225917254798
1179.307416 0.23312883435582799
1181.048283 0.23309465625373804
1182.875235 0.233282635815233
1184.624972 0.233145923406873
1186.40297 0.23326554676418798
1188.195778 0.23336808107045803
1189.972599 0.23309465625373804
1191.860596 0.23302630004955804
1193.514761 0.233060478151648
1195.342584 0.23319719056000798
1197.047605 0.23316301245791804
1198.695113 0.23316301245791804
1200.492197 0.233350992019413
1202.268825 0.23331681391732295
1204.029224 0.23312883435582799
1205.757661 0.23323136866209804
1207.533939 0.23331681391732295
1209.330274 0.23319719056000798
1211.096309 0.23331681391732295
1212.893931 0.23326554676418798
1214.557919 0.23329972486627804
1216.293355 0.23329972486627804
1218.08014 0.23331681391732295
1219.882927 0.23323136866209804
1221.61595 0.23318010150896296
1223.269288 0.23318010150896296
1224.878286 0.23319719056000798
1226.719675 0.23319719056000798
1228.387521 0.23295794384537805
1230.132019 0.233282635815233
1231.848921 0.23312883435582799
1233.628653 0.23319719056000798
1235.26514 0.233214279611053
1236.759407 0.233214279611053
1238.389715 0.23319719056000798
1240.023682 0.23318010150896296
1241.663536 0.233214279611053
1243.243225 0.23309465625373804
1244.824849 0.23329972486627804
1246.379671 0.23323136866209804
1247.974793 0.23324845771314295
1249.442654 0.23323136866209804
1251.052586 0.233145923406873
1252.583502 0.23287249859015302
1254.256575 0.23324845771314295
1255.795938 0.23319719056000798
1257.302044 0.23290667669224296
1258.851328 0.23304338910060296
1260.335686 0.23297503289642296
1261.974864 0.23316301245791804
1263.567538 0.23316301245791804
1265.117346 0.23300921099851302
1266.693894 0.23295794384537805
1268.242094 0.23311174530478296
1269.974096 0.23311174530478296
1271.632363 0.23304338910060296
1273.224782 0.233282635815233
1274.7569 0.23295794384537805
1276.33097 0.233060478151648
1277.964112 0.23295794384537805
1279.67165 0.23302630004955804
1281.298651 0.23311174530478296
1282.719753 0.23297503289642296
1284.282845 0.23297503289642296
1285.838686 0.23294085479433302
1287.156742 0.23323136866209804
1288.698031 0.23316301245791804
1290.231733 0.23297503289642296
1291.823991 0.23290667669224296
1293.463974 0.23287249859015302
1294.992623 0.23290667669224296
1296.548514 0.23295794384537805
1298.088353 0.23316301245791804
1299.675114 0.23300921099851302
1301.244656 0.23312883435582799
1302.693389 0.23294085479433302
1304.269855 0.23302630004955804
1305.84527 0.23307756720269301
1307.393599 0.233145923406873
1308.978535 0.23324845771314295
1310.433174 0.23302630004955804
1312.07614 0.23323136866209804
1313.666088 0.23318010150896296
1315.081085 0.23307756720269301
1316.545931 0.23316301245791804
1317.988287 0.23312883435582799
1319.591492 0.23312883435582799
1321.156327 0.23319719056000798
1322.72551 0.23316301245791804
1324.225952 0.232992121947468
1325.696273 0.23294085479433302
1327.300743 0.232923765743288
1328.839447 0.23323136866209804
1330.370936 0.23324845771314295
1331.974893 0.23318010150896296
1333.516207 0.23323136866209804
1335.070009 0.23323136866209804
1336.672552 0.233145923406873
1338.145388 0.233145923406873
1339.527156 0.233145923406873
1341.095379 0.233282635815233
1342.760871 0.23331681391732295
1344.359184 0.23316301245791804
1345.964887 0.23318010150896296
1347.326826 0.233145923406873
1348.701573 0.23319719056000798
1350.230367 0.23326554676418798
1351.777732 0.233282635815233
1353.290152 0.233350992019413
1354.768312 0.23319719056000798
1356.290113 0.23307756720269301
1357.840777 0.23302630004955804
1359.385138 0.23311174530478296
1360.869837 0.23326554676418798
1362.392217 0.233060478151648
1363.937009 0.23283832048806297
1365.485055 0.23297503289642296
1366.998374 0.23311174530478296
1368.493204 0.23307756720269301
1370.009786 0.23326554676418798
1371.607198 0.23340225917254798
1373.134963 0.23323136866209804
1374.65792 0.23304338910060296
1376.245357 0.23312883435582799
1377.859449 0.233145923406873
1379.327327 0.23312883435582799
1380.621175 0.233060478151648
1382.07938 0.232855409539108
1383.535336 0.23316301245791804
1385.042095 0.23324845771314295
1386.553337 0.233145923406873
1388.095505 0.233145923406873
1389.792744 0.23316301245791804
1391.49803 0.23309465625373804
1393.229095 0.23304338910060296
1394.92564 0.23311174530478296
1396.533999 0.23329972486627804
1398.140806 0.23318010150896296
1399.771773 0.23326554676418798
1401.424399 0.23326554676418798
1403.091103 0.23323136866209804
1404.767886 0.23311174530478296
1406.493686 0.23333390296836798
1408.126688 0.233145923406873
1409.747116 0.23309465625373804
1411.351079 0.23309465625373804
1412.791748 0.23312883435582799
1414.251942 0.23304338910060296
1415.545526 0.23319719056000798
1417.063757 0.23318010150896296
1418.493411 0.23319719056000798
1419.913851 0.23326554676418798
1421.446146 0.23324845771314295
1423.020615 0.23309465625373804
1424.572561 0.23309465625373804
1426.126644 0.23329972486627804
1427.613206 0.23326554676418798
1429.213092 0.23323136866209804
1430.828578 0.23312883435582799
1432.454787 0.23316301245791804
1434.03993 0.23324845771314295
1435.635797 0.23307756720269301
1437.232903 0.23307756720269301
1438.754198 0.23312883435582799
1440.280317 0.23311174530478296
1441.849869 0.232992121947468
1443.357605 0.23323136866209804
1445.035687 0.23326554676418798
1446.663062 0.23297503289642296
1448.084788 0.233060478151648
1449.535953 0.23316301245791804
1451.103416 0.23316301245791804
1452.692515 0.23307756720269301
1454.326684 0.23323136866209804
1455.88521 0.23324845771314295
1457.40207 0.233214279611053
1458.904854 0.23316301245791804
1460.401762 0.23309465625373804
1461.952572 0.23309465625373804
1463.497411 0.23318010150896296
1465.076141 0.23329972486627804
1466.577382 0.23316301245791804
1468.094348 0.23316301245791804
1469.626769 0.23319719056000798
1471.086624 0.23316301245791804
1472.640173 0.23309465625373804
1474.116148 0.23319719056000798
1475.287259 0.23318010150896296
1476.812347 0.23338517012150295
1478.368741 0.233282635815233
1479.895103 0.23319719056000798
1481.198924 0.233145923406873
1482.661274 0.23319719056000798
1484.218949 0.233145923406873
1485.713741 0.23338517012150295
1487.262463 0.23319719056000798
1488.812334 0.23309465625373804
1490.345292 0.23318010150896296
1491.787896 0.233145923406873
1493.368038 0.23316301245791804
1494.971395 0.23312883435582799
1496.529554 0.23312883435582799
1498.031653 0.23331681391732295
1499.585622 0.23340225917254798
1501.110515 0.23324845771314295
1502.603976 0.23318010150896296
1504.070939 0.23326554676418798
1505.601184 0.23338517012150295
1507.088072 0.23324845771314295
1508.590285 0.23333390296836798
1510.104178 0.23324845771314295
1511.571577 0.23324845771314295
1512.921754 0.23324845771314295
1514.353303 0.23326554676418798
1515.785058 0.23324845771314295
1517.324267 0.233214279611053
1518.859053 0.23316301245791804
1520.367023 0.23319719056000798
1521.851115 0.233282635815233
1523.314481 0.23318010150896296
1524.847148 0.23318010150896296
1526.372306 0.23312883435582799
1527.8865 0.233214279611053
1529.545211 0.23323136866209804
1531.046496 0.23318010150896296
1532.594311 0.23316301245791804
1534.113646 0.23316301245791804
1535.591576 0.23309465625373804
1537.058137 0.23309465625373804
1538.623677 0.23302630004955804
1540.151508 0.23307756720269301
1541.636533 0.23311174530478296
1543.132728 0.23312883435582799
1544.457652 0.233145923406873
1545.945023 0.23309465625373804
1547.588986 0.233145923406873
1549.061381 0.23307756720269301
1550.558122 0.23302630004955804
1552.017895 0.23318010150896296
1553.564323 0.23300921099851302
1555.143769 0.23295794384537805
1557.496991 0.23295794384537805
1559.122924 0.233060478151648
1560.622073 0.23312883435582799
1562.086635 0.23307756720269301
1563.539181 0.23297503289642296
1564.994674 0.23312883435582799
1566.507235 0.23304338910060296
1567.986038 0.23297503289642296
1569.480316 0.23297503289642296
1571.000302 0.23307756720269301
1572.426176 0.23297503289642296
1573.934341 0.23290667669224296
1575.33813 0.23297503289642296
1576.764719 0.23309465625373804
1578.182138 0.23302630004955804
1579.453315 0.23295794384537805
1580.918499 0.23295794384537805
1582.485837 0.23302630004955804
1584.124266 0.23302630004955804
1585.587348 0.23297503289642296
1587.114287 0.23311174530478296
1588.606469 0.23302630004955804
1590.140222 0.23302630004955804
1591.688718 0.23304338910060296
1593.190733 0.23297503289642296
1594.661133 0.23307756720269301
1596.044542 0.23304338910060296
1597.58491 0.23297503289642296
1599.151741 0.23307756720269301
1600.652616 0.23295794384537805
1602.194985 0.23290667669224296
1603.542874 0.23309465625373804
1605.004327 0.23300921099851302
1606.531769 0.23304338910060296
1608.022683 0.23309465625373804
1609.586175 0.23304338910060296
1611.292977 0.232992121947468
1612.735057 0.232992121947468
1614.248724 0.23294085479433302
1615.777055 0.23304338910060296
1617.3661 0.23304338910060296
1618.755195 0.23304338910060296
1620.249201 0.23309465625373804
1621.731893 0.23290667669224296
1623.26608 0.23311174530478296
1624.848104 0.232992121947468
1626.418735 0.23297503289642296
1627.988231 0.23304338910060296
1629.483655 0.232992121947468
1630.964523 0.23302630004955804
1632.443742 0.23294085479433302
1633.915181 0.23295794384537805
1635.594158 0.23297503289642296
1637.229012 0.23280414238597302
1638.783969 0.232923765743288
1640.422861 0.23294085479433302
1642.035845 0.232992121947468
1643.64645 0.232992121947468
1645.190902 0.232992121947468
1646.739022 0.232992121947468
1648.431727 0.23294085479433302
1650.060307 0.23307756720269301
1651.662016 0.23297503289642296
1653.249122 0.232992121947468
1654.830919 0.23294085479433302
1656.446166 0.23297503289642296
1657.990595 0.23297503289642296
1659.464337 0.23294085479433302
1661.067349 0.232923765743288
1662.523193 0.23300921099851302
1663.949837 0.23290667669224296
1665.527457 0.23300921099851302
1666.996178 0.23316301245791804
1668.500773 0.233214279611053
1670.030696 0.23300921099851302
1671.569419 0.233060478151648
1673.135671 0.23302630004955804
1674.646216 0.23318010150896296
1676.21688 0.23311174530478296
1677.863447 0.23312883435582799
1679.42573 0.23316301245791804
1680.982815 0.23311174530478296
1682.510265 0.23316301245791804
1684.054797 0.23326554676418798
1685.661784 0.23312883435582799
1687.270559 0.23309465625373804
1688.827506 0.23316301245791804
1690.329315 0.23304338910060296
1691.840941 0.233145923406873
1693.328354 0.233145923406873
1694.809131 0.23312883435582799
1696.391716 0.23316301245791804
1697.933141 0.23316301245791804
1699.467048 0.23318010150896296
1701.001492 0.23307756720269301
1702.569868 0.233145923406873
1704.099637 0.23316301245791804
1705.594473 0.23319719056000798
1707.152309 0.233060478151648
1708.77244 0.23311174530478296
1710.323274 0.23307756720269301
1712.007493 0.23312883435582799
1713.614687 0.23319719056000798
1715.223625 0.23319719056000798
1716.688594 0.23318010150896296
1718.328123 0.23326554676418798
1719.964102 0.23324845771314295
1721.702101 0.23316301245791804
1723.295445 0.23307756720269301
1724.624009 0.233145923406873
1726.148891 0.23318010150896296
1727.631855 0.23324845771314295
1729.212858 0.23319719056000798
1730.819393 0.233214279611053
1732.326878 0.23309465625373804
1733.82147 0.23329972486627804
1735.389613 0.233282635815233
1736.909054 0.23326554676418798
1738.493306 0.23309465625373804
1740.045522 0.23329972486627804
1741.658942 0.233350992019413
1743.173701 0.233282635815233
1744.664727 0.23326554676418798
1746.072457 0.23329972486627804
1747.427406 0.23329972486627804
1748.990603 0.23331681391732295
1750.519976 0.23312883435582799
1752.034121 0.23312883435582799
1753.402777 0.23324845771314295
1754.870619 0.23318010150896296
1756.491134 0.233214279611053
1757.924154 0.233282635815233
1759.432388 0.23329972486627804
1760.89126 0.23319719056000798
1762.463061 0.23326554676418798
1764.044514 0.23307756720269301
1765.687801 0.23323136866209804
1767.261561 0.23329972486627804
1768.795465 0.233350992019413
1770.300706 0.23319719056000798
1771.790603 0.23323136866209804
1773.347539 0.23319719056000798
1774.844232 0.23329972486627804
1776.157005 0.233214279611053
1777.696831 0.233214279611053
1779.102641 0.23319719056000798
1780.683714 0.23318010150896296
1782.266086 0.233145923406873
1783.756537 0.23318010150896296
1785.359682 0.233282635815233
1786.923845 0.23319719056000798
1788.367308 0.23326554676418798
1789.880572 0.233214279611053
1791.394461 0.23324845771314295
1792.902591 0.23323136866209804
1794.398242 0.23307756720269301
1795.939896 0.23319719056000798
1797.468587 0.23304338910060296
1798.965018 0.23318010150896296
1800.501972 0.23312883435582799
1802.055351 0.23318010150896296
1803.643845 0.23326554676418798
1805.210758 0.23323136866209804
1806.600973 0.23326554676418798
1808.114041 0.233282635815233
1809.703318 0.23311174530478296
1811.288098 0.23323136866209804
1812.767021 0.23323136866209804
1814.265433 0.23323136866209804
1815.684021 0.23318010150896296
1817.171567 0.23323136866209804
1818.727202 0.23307756720269301
1820.288936 0.23311174530478296
1821.813704 0.23326554676418798
1823.405239 0.23309465625373804
1824.956343 0.23312883435582799
1826.518419 0.23318010150896296
1828.023447 0.23324845771314295
1829.740947 0.233145923406873
1831.286797 0.23316301245791804
1832.690768 0.23312883435582799
1834.180488 0.23307756720269301
1835.761786 0.23304338910060296
1837.2654 0.233214279611053
1838.824168 0.23307756720269301
1840.364749 0.233060478151648
1841.897782 0.23311174530478296
1843.523592 0.23318010150896296
1845.074401 0.23304338910060296
1846.563218 0.23311174530478296
1848.047195 0.23316301245791804
1849.607179 0.23311174530478296
1851.107784 0.23309465625373804
1852.551706 0.233060478151648
1854.044919 0.23311174530478296
1855.612479 0.23302630004955804
1857.13951 0.23316301245791804
1858.541584 0.23302630004955804
1860.030945 0.233145923406873
1861.538001 0.23312883435582799
1863.046484 0.233145923406873
1864.569014 0.23307756720269301
1866.148864 0.233060478151648
1867.724616 0.233145923406873
1869.328686 0.233060478151648
1870.861081 0.23307756720269301
