time train-error
1.01175 0.45453457969478905
2.09109 0.411658150622896
3.222989 0.39843122511406903
4.562966 0.36960199600116195
6.171752 0.343216501187689
7.939114 0.345403899721448
9.825028 0.32662303262299797
12.617826 0.31845446622349105
15.044255 0.302800895466275
17.687679 0.31252456551087704
20.50941 0.288326469231164
23.260762 0.284703590409625
26.817705 0.28256745902900005
30.067844 0.28225985611019
33.215136 0.277526188970726
36.668394 0.27429635832322197
40.19505 0.27427926927217705
43.915171 0.270963993369448
48.026969 0.26920382111181396
52.327383 0.26746073790522396
57.051992 0.267084778782234
62.820045 0.26426508535980997
67.605667 0.26351316711383
72.421962 0.26255618025531
78.81403 0.25973648683288597
84.850404 0.259548507271391
90.928667 0.258557342310782
97.116697 0.25813011603465696
103.695753 0.25602816275612195
111.054981 0.25664336859374204
118.928926 0.254866107285062
127.208299 0.254165456192218
135.827537 0.252302749628313
144.652882 0.25086726934053305
153.723626 0.25088435839157897
162.390094 0.250405864962319
171.010355 0.24746654818257896
179.941043 0.25086726934053305
189.124062 0.25122613941247796
198.209811 0.24433925184134497
207.262004 0.24375822410581505
216.804876 0.24239110002221598
226.652791 0.242134764256541
236.660224 0.24145120221474103
246.607134 0.241912606592956
257.291005 0.24131448980638104
268.813575 0.24037459199890598
280.342475 0.240169523386366
291.883449 0.24035750294786096
303.001885 0.239332159885162
314.314006 0.239827742365466
326.160661 0.24011825623323102
338.157719 0.23938342703829696
349.90152 0.23924671462993696
362.263343 0.23936633798725204
374.692363 0.23902455696635205
387.130534 0.24167335987832606
399.870972 0.24034041389681604
412.669352 0.23635866500333202
425.294721 0.235794726318848
438.521765 0.23569219201257796
452.091279 0.23565801391048802
466.633034 0.235504212451083
481.337623 0.23552130150212802
495.268713 0.235435856246903
509.789414 0.235931438727207
524.035133 0.23273578618179303
538.688107 0.23420544457166304
553.271441 0.23235982705880298
567.616625 0.23200095698685896
583.319561 0.231249038740879
598.56798 0.23114650443460905
615.09938 0.23123194968983396
631.450047 0.231180682536699
659.672552 0.23094143582206905
681.894606 0.231539552608644
699.168195 0.23018951757608896
716.910825 0.22998444896354897
733.544863 0.23024078472922405
751.093218 0.22988191465727903
768.659227 0.22998444896354897
786.455799 0.23010407232086405
803.632831 0.22989900370832395
820.471401 0.22877112633935404
838.135742 0.22906164020711905
856.089635 0.22873694823726398
875.077262 0.22866859203308398
893.715992 0.228890749696669
913.463077 0.228890749696669
932.101897 0.22789958473605998
952.218021 0.22841225626740902
971.312994 0.22800211904233003
991.778911 0.228326811012184
1012.926803 0.22800211904233003
1035.252524 0.22769451612351999
1055.600675 0.22726728984739497
1076.539955 0.22689133072440504
1096.733095 0.22718184459216995
1118.42641 0.226378659193055
1141.164199 0.22670335116290996
1164.131149 0.22673752926500002
1185.663372 0.22629321393782997
1207.465576 0.22642992634618997
1228.654402 0.22668626211186504
1249.120445 0.22607105627424495
1268.775088 0.224840644599005
1289.080781 0.22554129569185
1309.379026 0.22549002853871503
1329.622024 0.223593143872721
1350.175556 0.224977357007365
1370.814014 0.22444759642497003
1391.981189 0.22439632927183595
1412.706945 0.22398619204675596
1433.455813 0.223165917596596
1454.028713 0.222755780371516
1475.032104 0.22378112343421597
1496.503125 0.223319719056001
1517.306137 0.22326845190286604
1541.239035 0.22326845190286604
1564.729661 0.22273869132047097
1587.220872 0.222550711758976
1610.534511 0.22355896577063095
1632.505269 0.22330263000495598
1656.750121 0.22217475263598596
1679.644301 0.22306338329032604
1703.153932 0.22243108840166104
1726.67363 0.222619067963156
1749.747281 0.22260197891211098
1772.494445 0.22270451321838103
1794.690185 0.22249944460584103
1817.115516 0.223183006647641
1839.320229 0.22161081395150095
1860.658013 0.22196968402344597
1883.429371 0.22159372490045603
1906.172682 0.22152536869627604
1928.777938 0.22138865628791604
1953.488151 0.221439923441051
1978.90105 0.22142283439000598
2003.542466 0.22092725190970097
2028.046659 0.22026077891894702
2053.521111 0.21979937454073195
2080.927919 0.22072218329716198
2105.685521 0.22027786796999205
2130.945932 0.22063673804193695
2155.888451 0.219765196438642
2181.261784 0.219696840234462
2208.642722 0.21971392928550704
2234.730745 0.21971392928550704
2261.061163 0.21930379206042705
2287.964269 0.22008988840849697
2311.035428 0.22043166942939696
2334.345738 0.219201257754157
2358.315392 0.21966266213237196
2381.024607 0.21930379206042705
2406.091201 0.21930379206042705
2431.615558 0.21942341541774202
2455.055631 0.22002153220431697
2478.255928 0.21966266213237196
2501.739038 0.219132901549977
2524.666514 0.21903036724370695
2548.001285 0.218859476733257
2571.722977 0.21827844899772697
2596.608751 0.21870567527385198
2621.157193 0.21873985337594204
2645.653189 0.21851769571235702
2669.692061 0.21868858622280696
2695.101399 0.21778286651742196
2720.579357 0.21865440812071701
2746.588243 0.21832971615086205
2772.438644 0.218227181844592
2797.398513 0.21812464753832195
2823.428556 0.218295538048772
2849.637805 0.21841516140608697
2873.693482 0.21846642855922205
2898.779829 0.21897910009057198
2921.75953 0.21783413367055704
2944.033526 0.21790248987473704
2966.162859 0.217885400823692
2988.517747 0.21793666797682698
3011.236804 0.21805629133414195
3033.146739 0.21779995556846699
3054.827739 0.21727019498607203
3078.137363 0.21679170155681304
3102.5637 0.21740690739443203
3126.324157 0.217321462139207
3149.260627 0.21730437308816197
3173.081451 0.21715057162875795
3198.297807 0.21742399644547705
3223.492666 0.217116393526667
3249.724292 0.21730437308816197
3274.575422 0.21709930447562198
3299.380466 0.21689423586308298
3323.051373 0.21708221542457795
3346.507349 0.21706512637353204
3368.026948 0.21684296870994801
3389.566563 0.21636447528068803
3410.853779 0.216825879658903
3431.8915 0.21663790009740802
3452.696454 0.21694550301621796
3474.883895 0.21674043440367796
3496.399636 0.216689167250543
3517.615321 0.21665498914845305
3538.526974 0.216825879658903
3559.555712 0.21703094827144298
3581.84491 0.21631320812755295
3605.090849 0.21617649571919295
3628.315977 0.215851803749338
3650.518218 0.215236597911718
3673.285653 0.21549293367739297
3696.664088 0.21533913221798795
3719.257399 0.215578378932618
3742.029492 0.21552711177948303
3765.092219 0.215373310320078
3786.865167 0.21554420083052805
3808.545755 0.21549293367739297
3829.579493 0.215578378932618
3850.47233 0.215373310320078
3871.733123 0.214604303023053
3893.083296 0.21528786506485298
3914.436639 0.21521950886067298
3934.896742 0.21539039937112303
3956.121096 0.21506570740126796
3978.998791 0.21504861835022304
4000.915263 0.214946084043953
4022.484117 0.21470683732932305
4044.066344 0.21482646068663802
4066.334508 0.21515115265649298
4089.091211 0.214467590614693
4112.294534 0.21436505630842295
4135.27247 0.21431378915528798
4158.630851 0.21443341251260295
4183.070669 0.21443341251260295
4207.384608 0.21438214535946798
4232.183304 0.21424543295110798
4255.695702 0.21405745338961302
4277.951775 0.21392074098125302
4300.475936 0.21441632346155803
4322.996737 0.21415998769588296
4347.229993 0.21436505630842295
4370.014173 0.21421125484901804
4391.597002 0.214262522002153
4413.646626 0.21400618623647805
4434.990681 0.21393783003229805
4455.966562 0.21405745338961302
4476.957147 0.21392074098125302
4498.329668 0.21402327528752296
4520.109528 0.213630227113488
4542.501848 0.214108720542748
4564.636017 0.21400618623647805
4586.348383 0.21393783003229805
4608.128629 0.21388656287916297
4629.924279 0.21378402857289303
4652.953075 0.213972008134388
4675.341032 0.21409163149170296
4699.126804 0.21347642565408298
4721.614189 0.21325426799049896
4742.830228 0.21291248696959897
4764.148171 0.21340806944990298
4785.699451 0.21345933660303795
4806.874714 0.21340806944990298
4828.378971 0.21310046653109305
4849.361452 0.21316882273527304
4869.86471 0.21303211032691305
4890.301841 0.21308337748004902
4911.134689 0.21308337748004902
4931.562846 0.21289539791855405
4953.218077 0.21323717893945304
4973.952811 0.21315173368422802
4996.093648 0.213134644633184
5018.883889 0.21289539791855405
5042.378689 0.21277577456123897
5064.168843 0.21255361689765395
5087.482592 0.21255361689765395
5111.535325 0.212724507408104
5135.750395 0.21280995266332903
5159.758188 0.21263906215287898
5183.775083 0.212929576020644
5207.39014 0.21262197310183395
5229.841857 0.21374985047080297
5251.868014 0.21269032930601395
5273.413897 0.212451082591384
5295.238539 0.21270741835705897
5317.355429 0.21248526069347395
5339.096285 0.21255361689765395
5360.725632 0.21241690448929396
5382.439529 0.21226310302988904
5403.930398 0.212297281131979
5424.504601 0.212228924927799
5445.423103 0.21262197310183395
5462.705344 0.21221183587675396
5479.4112 0.21231437018302401
5498.006301 0.21231437018302401
5515.605719 0.21231437018302401
5533.581186 0.21250234974451898
5551.966805 0.21214347967257396
5570.117401 0.21217765777466402
5587.812038 0.21193841106003397
5606.017095 0.212160568723619
5624.097204 0.212023856315259
5641.720215 0.212092212519439
5659.288936 0.21198967821316905
5675.732744 0.212228924927799
5691.46734 0.21176752054958403
5709.039704 0.21228019208093396
5726.292695 0.21156245193704404
5743.328205 0.21163080814122404
5760.639049 0.21193841106003397
5777.576887 0.21183587675376403
5794.228519 0.21183587675376403
5810.52772 0.21164789719226895
5826.306318 0.21269032930601395
5841.726384 0.21169916434540403
5857.628672 0.21134029427345902
5873.641463 0.21152827383495398
5889.458147 0.21089597894628898
5905.48603 0.211049780405694
5923.046351 0.211049780405694
5940.704883 0.21128902712032405
5958.348082 0.21106686945673903
5975.913464 0.21101560230360406
5994.092765 0.21106686945673903
6012.481993 0.210981424201514
6033.184256 0.211049780405694
6052.516794 0.21110104755882897
6072.893554 0.21096433515046897
6093.041469 0.210707999384794
6111.767718 0.21093015704837903
6130.845808 0.21065673223165904
6149.158971 0.21074217748688395
6167.48613 0.21081053369106395
6185.588684 0.211254849018234
6203.213003 0.21096433515046897
6220.676518 0.21089597894628898
6238.886108 0.21052001982329904
6256.703805 0.21096433515046897
6274.048604 0.21093015704837903
6289.639243 0.21067382128270395
6305.076144 0.20988772493463403
6320.376526 0.21043457456807402
6337.404232 0.20995608113881403
6355.001414 0.21151118478390896
6372.222446 0.21022950595553402
6390.345915 0.21016114975135403
6408.37984 0.21017823880239905
6425.972227 0.210075704496129
6443.251725 0.21002443734299403
6459.783682 0.210349129312849
6476.95509 0.20997317018985895
6493.362077 0.21016114975135403
6510.063286 0.21038330741493905
6527.187333 0.21052001982329904
6543.69495 0.210280773108669
6559.178729 0.210280773108669
6574.834398 0.21016114975135403
6590.152134 0.20995608113881403
6605.086964 0.20999025924090398
6621.080236 0.21002443734299403
6636.838482 0.20981936873045404
6653.917454 0.20963138916895896
6670.466098 0.20988772493463403
6685.406234 0.20946049865850902
6701.90497 0.21017823880239905
6718.027439 0.20999025924090398
6734.541786 0.20935796435223997
6750.065953 0.20975101252627404
6765.184246 0.20969974537313896
6780.763541 0.20978519062836398
6797.266383 0.20961430011791404
6814.363098 0.20981936873045404
6830.912445 0.21022950595553402
6847.243991 0.21002443734299403
6863.934353 0.209665567271049
6879.845844 0.20971683442418398
6896.550855 0.20956303296477996
6912.54962 0.20959721106686902
6928.746919 0.20918707384179003
6946.416353 0.20978519062836398
6965.522699 0.21065673223165904
6982.199926 0.209802279679409
6999.005097 0.20959721106686902
7015.62364 0.209238340994925
7033.633294 0.209306697199105
7050.828602 0.20925543004597003
7067.8417 0.20906745048447495
7085.062527 0.208964916178205
7102.334234 0.20899909428029495
7118.971664 0.209033272382385
7135.963741 0.20927251909701405
7152.699835 0.20906745048447495
7170.007938 0.20908453953551998
7184.019287 0.20908453953551998
7199.255966 0.20899909428029495
7215.677361 0.20886238187193495
7232.61432 0.20877693661671004
7249.517097 0.20932378625015002
7267.39159 0.20841806654476502
7286.08918 0.20887947092297998
7302.534812 0.20886238187193495
7320.290038 0.208828203769845
7337.1329 0.20918707384179003
7355.065414 0.20918707384179003
7370.665234 0.20869149136148502
7386.709454 0.20869149136148502
7401.005826 0.20894782712715998
7415.41398 0.20877693661671004
7430.15479 0.208896559974025
7444.281259 0.20881111471879998
7458.873672 0.20879402566775496
7473.866131 0.20884529282089004
7488.775447 0.20869149136148502
7503.390084 0.209169984790745
7517.643501 0.20884529282089004
7532.025337 0.20925543004597003
7546.352875 0.20860604610626
7561.51494 0.20899909428029495
7577.546298 0.20872566946357496
7592.334112 0.20872566946357496
7608.055973 0.20831553223849497
7623.144484 0.20865731325939496
7639.797444 0.20857186800417005
7655.682937 0.20828135413640503
7671.111341 0.20850351179999005
7686.8649 0.20872566946357496
7702.706568 0.20795666216654995
7717.75275 0.20809337457490995
7733.813287 0.20802501837072995
7749.816894 0.20816173077908995
7766.198125 0.20802501837072995
7781.985719 0.20799084026864
7798.350698 0.20831553223849497
7813.521602 0.20831553223849497
7829.261672 0.20829844318745006
7844.750413 0.20802501837072995
7860.990126 0.20814464172804503
7878.00425 0.20816173077908995
7894.717148 0.20819590888118
7910.666036 0.20795666216654995
7927.441844 0.20821299793222503
7944.26811 0.20852060085103497
7960.171264 0.20821299793222503
7976.782924 0.20797375121759498
7992.447423 0.207837038809235
8008.134922 0.20805919647282
8023.676722 0.20787121691132504
8038.908418 0.20819590888118
8055.404272 0.20737563443102003
8070.419521 0.207837038809235
8085.446222 0.20773450450296504
8100.309577 0.20744399063520003
8115.927973 0.20778577165610002
8131.401648 0.20746107968624505
8147.053502 0.20754652494146997
8162.689029 0.20734145632892997
8179.788965 0.20747816873728997
8196.055875 0.20751234683938002
8211.576781 0.20747816873728997
8227.190559 0.20766614829878505
8242.025668 0.20744399063520003
8256.92331 0.207426901584155
8270.460194 0.20746107968624505
8284.266371 0.20751234683938002
8297.871993 0.207358545379975
8311.707107 0.20787121691132504
8324.924093 0.20768323734982996
8338.453693 0.207563613992515
8353.191842 0.20713638771638998
8366.817951 0.207290189175795
8380.411209 0.20703385341012004
8394.115754 0.20720474392056998
8407.905811 0.20717056581848003
8421.244747 0.20727310012474998
8435.223374 0.20781994975818996
8449.744977 0.20699967530802998
8466.74165 0.20693131910385
8484.092645 0.20740981253310997
8499.385528 0.206948408154895
8515.379419 0.20706803151220998
8530.870904 0.20699967530802998
8547.586035 0.20705094246116496
8562.486588 0.207221832971615
8577.127359 0.20718765486952495
8591.928843 0.20744399063520003
8606.831693 0.207495257788335
8621.525687 0.207221832971615
8635.681147 0.20703385341012004
8649.613398 0.207016764359075
8663.370559 0.20691423005280496
8677.31224 0.20713638771638998
8692.09725 0.20705094246116496
8706.954272 0.20688005195071502
8722.364881 0.20670916144026497
8736.68417 0.20684587384862496
8751.467031 0.20677751764444496
8767.928413 0.20676042859340005
8784.750902 0.20650409282772497
8800.1509 0.20650409282772497
8815.730875 0.20682878479758005
8831.90568 0.20667498333817502
8847.125209 0.20653827092981503
8864.156374 0.20664080523608497
8880.511325 0.206948408154895
8896.618074 0.20646991472563503
8912.710111 0.20636738041936498
8927.243708 0.20681169574653502
8941.792848 0.20669207238922005
8956.235365 0.20650409282772497
8971.559939 0.20648700377667994
8986.688405 0.20641864757249995
9002.683969 0.20645282567459
9019.450286 0.20643573662354497
9035.591625 0.20650409282772497
9048.607259 0.20665789428713
9062.628006 0.20621357895995995
9077.588943 0.20638446947041
9091.071659 0.20631611326623
9105.833145 0.20633320231727503
9119.681735 0.20621357895995995
9133.541565 0.20631611326623
9146.846635 0.20623066801100498
9159.929403 0.20629902421518498
9173.122277 0.20655535998086005
9186.67299 0.20624775706205
9200.233945 0.20633320231727503
9214.425502 0.20626484611309504
9228.913064 0.20626484611309504
9243.587996 0.20635029136831995
9259.219543 0.20619648990891504
9275.484838 0.20609395560264498
9288.951136 0.20624775706205
9303.413051 0.20571799647965505
9317.429453 0.205683818377565
9331.698957 0.20594015414323996
9346.559879 0.205888886990105
9362.263424 0.20597433224533002
9377.442496 0.20590597604115002
9391.828315 0.20604268844951001
9406.972899 0.20599142129637504
9421.786048 0.205478749765026
9437.288909 0.20551292786711595
9452.161685 0.20566672932652097
9467.446093 0.20573508553070097
9482.819013 0.20571799647965505
9497.486552 0.20566672932652097
9510.566846 0.20583761983697002
9523.542026 0.20587179793905996
9537.092115 0.20590597604115002
9551.50767 0.20583761983697002
9565.817238 0.20549583881607103
9579.878332 0.20578635268383505
9594.792444 0.205478749765026
9608.683301 0.20559837312234097
9623.195293 0.205752174581745
9637.864472 0.20587179793905996
9654.510486 0.20546166071398098
9672.242914 0.20530785925457595
9690.126097 0.205410393560846
9707.958839 0.20539330450980098
9726.368327 0.20559837312234097
9741.526376 0.205410393560846
9757.243521 0.205410393560846
9772.827834 0.20523950305039595
9786.841938 0.20539330450980098
9800.684053 0.20522241399935104
9814.649186 0.20530785925457595
9829.116791 0.20500025633576602
9842.699868 0.20530785925457595
9855.30227 0.20503443443785596
9868.591409 0.205205324948306
9880.979992 0.20530785925457595
9894.90392 0.20522241399935104
9909.133649 0.20510279064203596
9923.86642 0.20522241399935104
9940.248756 0.20508570159099104
9954.480934 0.20494898918263105
9966.48021 0.20508570159099104
9980.305353 0.20510279064203596
9993.736974 0.205410393560846
10007.032579 0.205273681152486
10018.862679 0.20503443443785596
10031.724511 0.20535912640771103
10044.765625 0.20503443443785596
10057.233149 0.20501734538681105
10070.915907 0.20496607823367596
10084.842083 0.20482936582531597
10099.361291 0.20486354392740602
10114.066736 0.20481227677427105
10129.274726 0.205205324948306
10144.419785 0.20517114684621596
10159.837607 0.20462429721277597
10173.868841 0.20459011911068603
10187.387162 0.20469265341695597
10201.157253 0.20459011911068603
10216.359765 0.20445340670232603
10230.925641 0.204709742468001
10243.924325 0.20482936582531597
10257.18105 0.20472683151904603
10270.480493 0.204573030059641
10284.414279 0.20459011911068603
10296.989561 0.204436317651281
10310.58615 0.20445340670232603
10324.974246 0.20462429721277597
10339.207251 0.20472683151904603
10353.822812 0.204504673855461
10369.124771 0.20397491327306605
10382.889528 0.204709742468001
10396.786681 0.20448758480441598
10410.704576 0.20431669429396604
10424.022414 0.20424833808978604
10436.922503 0.20440213954919095
10451.269298 0.204709742468001
10465.954562 0.20423124903874101
10481.160748 0.204436317651281
10497.475789 0.204504673855461
10512.615958 0.204214159987696
10529.536384 0.20438505049814604
10545.874108 0.20419707093665096
10563.236735 0.20417998188560604
10580.130582 0.20397491327306605
10594.76243 0.20399200232411097
10608.61562 0.20433378334501096
10622.154774 0.204299605242921
10634.12434 0.20382111181366103
10646.566996 0.20395782422202102
10658.234755 0.203940735170976
10670.428967 0.20388946801784102
10682.644354 0.204077447579336
10694.516325 0.20433378334501096
10706.684738 0.20438505049814604
10719.859404 0.20395782422202102
10734.338151 0.20406035852829096
10748.463543 0.203872378966796
10762.115264 0.20368439940530103
10775.828063 0.20383820086470605
10789.147567 0.20370148845634595
10800.899834 0.203940735170976
10813.945321 0.20388946801784102
10826.371181 0.20376984466052595
10839.839805 0.20368439940530103
10853.151656 0.203667310354256
10866.488902 0.20354768699694104
10878.985165 0.20365022130321098
10893.853689 0.20365022130321098
10908.422475 0.20363313225216595
10922.910826 0.20327426218022104
10935.686865 0.20388946801784102
10948.419416 0.20382111181366103
10961.286573 0.20382111181366103
10975.335823 0.20361604320112103
10988.296996 0.20351350889485098
11001.340146 0.20349641984380595
11014.511397 0.20342806363962596
11025.520484 0.20342806363962596
11040.185897 0.20376984466052595
11056.15992 0.20349641984380595
11070.098332 0.20337679648649098
11083.3288 0.20354768699694104
11096.726484 0.20342806363962596
11109.599919 0.20334261838440104
11121.361331 0.20329135123126596
11133.861906 0.20312046072081602
11145.700184 0.20375275560948103
11157.513103 0.20293248115932105
11169.837213 0.20264196729155604
11184.476735 0.20335970743544596
11199.544732 0.20320590597604105
11215.102242 0.20294957021036597
11227.749381 0.20300083736350105
11240.509603 0.20301792641454597
11252.77951 0.20327426218022104
11267.541204 0.203308440282311
11282.079341 0.20349641984380595
11296.539005 0.20320590597604105
11311.933559 0.202966659261411
11328.699793 0.20305210451663602
11344.440535 0.20298374831245602
11360.943337 0.20291539210827603
11376.075129 0.20293248115932105
11390.608197 0.20315463882290596
11404.747897 0.20334261838440104
11417.647848 0.20291539210827603
11430.559149 0.20274450159782598
11441.853085 0.20305210451663602
11454.119192 0.202829946853051
11467.349467 0.20265905634260095
11480.400954 0.202693234444691
11493.382953 0.20271032349573603
11505.010441 0.20284703590409603
11516.358824 0.20277867969991603
11528.002401 0.20300083736350105
11539.782184 0.20305210451663602
11551.591134 0.20247107678110599
11563.36375 0.202761590648871
11573.40946 0.202829946853051
11583.563339 0.20284703590409603
11594.807493 0.20286412495514095
11604.426846 0.20301792641454597
11613.906091 0.20247107678110599
11623.411569 0.202761590648871
11633.01649 0.20253943298528598
11642.349083 0.20245398773006096
11651.863639 0.20250525488319604
11661.398381 0.20253943298528598
11670.844562 0.202488165832151
11681.019762 0.20228309721961102
11691.429768 0.202624878240511
11702.308926 0.202402720576926
11711.41183 0.20257361108737604
11720.723474 0.20238563152588096
11729.953078 0.20236854247483604
11739.27436 0.20228309721961102
11748.480616 0.202334364372746
11757.889026 0.20264196729155604
11768.372585 0.20247107678110599
11778.49723 0.20238563152588096
11788.533027 0.20238563152588096
11797.752803 0.202334364372746
11806.996267 0.20231727532170096
11816.061006 0.202334364372746
11825.434221 0.20264196729155604
11834.531628 0.20318881692499602
11843.773133 0.202488165832151
11853.335454 0.20216347386229605
11863.403603 0.20228309721961102
11872.719592 0.20236854247483604
11882.229579 0.20190713809662197
11890.900984 0.20202676145393605
11899.671516 0.20200967240289103
11908.634734 0.20216347386229605
11918.060224 0.202197651964386
11928.14062 0.20236854247483604
11938.37934 0.20214638481125102
11948.027872 0.20194131619871103
11957.130003 0.20211220670916097
11966.23924 0.202129295760206
11975.568145 0.202129295760206
11984.71653 0.20207802860707103
11994.101512 0.20195840524975694
12004.208109 0.201582446126767
12016.290022 0.20151408992258701
12026.609135 0.20190713809662197
12037.185664 0.201787514739307
12047.404114 0.20166789138199204
12059.167757 0.20180460379035103
12070.030311 0.20180460379035103
12080.901512 0.20202676145393605
12092.320287 0.20221474101543102
12102.809942 0.20223183006647605
12112.32322 0.201992583351846
12121.843014 0.20173624758617204
12131.07194 0.201855870943487
12140.378387 0.20187295999453103
12149.380427 0.20182169284139695
12158.990038 0.20187295999453103
12169.342039 0.20207802860707103
12178.502801 0.20163371327990198
12187.564458 0.20132611036109205
12196.546193 0.20173624758617204
12205.423854 0.20163371327990198
12214.011017 0.20159953517781204
12223.168158 0.20154826802467696
12232.262914 0.201719158535127
12241.01295 0.201291932259002
12249.396862 0.20175333663721695
12258.101896 0.20168498043303695
12266.848221 0.20118939795273205
12275.627683 0.20139446656527205
12285.447918 0.20159953517781204
12295.678802 0.201582446126767
12304.313675 0.20144573371840702
12312.671203 0.201428644667362
12321.129056 0.20147991182049696
12329.783922 0.20200967240289103
12339.197743 0.201719158535127
12348.615769 0.20200967240289103
12356.920688 0.20194131619871103
12366.019996 0.201650802330947
12375.30343 0.20137737751422702
12384.827238 0.20124066510586702
12394.576453 0.201360288463182
12404.351214 0.20124066510586702
12413.970847 0.20132611036109205
12423.473938 0.20130902131004702
12432.768631 0.20086470598287698
12442.463638 0.20134319941213696
12452.647554 0.20106977459541697
12461.432426 0.201155219850642
12470.380737 0.20113813079959697
12479.127453 0.201223576054822
12488.135785 0.200881795033922
12497.680773 0.20076217167660704
12507.239598 0.20105268554437195
12517.476081 0.200881795033922
12526.560772 0.200881795033922
12535.851251 0.200881795033922
12545.44742 0.20093306218705698
12555.299935 0.20089888408496703
12564.470185 0.20117230890168702
12573.602152 0.20098432934019195
12583.168839 0.20050583591093196
12593.026288 0.200881795033922
12602.225188 0.20071090452347196
12611.292206 0.20083052788078704
12620.571625 0.201018507442282
12630.687212 0.200950151238102
12639.588213 0.200676726421382
12648.734444 0.20091597313601195
12657.685389 0.20084761693183195
12667.557233 0.20096724028914703
12676.284687 0.20079634977869698
12684.955654 0.20103559649332703
12693.872281 0.20093306218705698
12703.180666 0.20091597313601195
12711.573905 0.20076217167660704
12721.18567 0.201086863646462
12730.231259 0.20054001401302202
12740.769722 0.20042039065570705
12750.222315 0.200813438829742
12759.529497 0.20055710306406704
12768.942969 0.20060837021720201
12777.741094 0.200676726421382
