iter objective
1 16463.3920053427
2 12868.5792311583
3 11150.7921582899
4 9984.43477862816
5 9308.52073786155
6 8867.92083577054
7 8533.3848497028
8 8314.06674022799
9 8155.40530042218
10 8038.92602740449
11 7949.08133991674
12 7879.80314753898
13 7826.54200796727
14 7782.06798142875
15 7747.53494592089
16 7717.5295924877
17 7692.26135428945
18 7671.46106084474
19 7653.94051303938
20 7638.86578630806
21 7626.43360740166
22 7615.29711349598
23 7605.66266181583
24 7597.26804745086
25 7589.83736374408
26 7583.30982614031
27 7577.5075819521
28 7572.33997767967
29 7567.76267141422
30 7563.75922929277
31 7560.0281462366
32 7556.69715702408
33 7553.64446483913
34 7550.9738023969
35 7548.54836694861
36 7546.33202350668
37 7544.33339735106
38 7542.44948713677
39 7540.7084037484
40 7539.06898444233
41 7537.56028209544
42 7536.20866968039
43 7534.94030871775
44 7533.7764220796
45 7532.6906120604
46 7531.72062983668
47 7530.78791296501
48 7529.94756065248
49 7529.14025844989
50 7528.38877608189
51 7527.69836923326
52 7526.91362015403
53 7526.20598354559
54 7525.56414828964
