iter objective
1 116614.469216556
2 58128.9159381348
3 45929.9084621116
4 42116.400670551
5 40745.2502620764
6 39302.0984401947
7 37342.93559255
8 35913.9232264838
9 33238.1981834801
10 30628.4312181104
11 29975.7004723075
12 28059.2268777399
13 27469.2853116098
14 25972.5072379295
15 25541.6482782116
16 24605.9622053499
17 24401.7541850248
18 24009.843086025
19 23686.6777898603
20 22550.6325773393
21 22268.4367019276
22 21842.4506102644
23 21058.5681115249
24 20511.6066428248
25 20362.7412989163
26 20187.4006495858
27 19611.9648833111
28 19245.5287284453
29 19195.4529584598
30 19075.8518376167
31 18289.3871159065
32 18094.9400627853
33 18064.248328805
34 18024.6995630072
35 16382.9337739521
36 16103.7651186754
37 15998.7801873868
38 15621.724627243
39 15450.1370703751
40 15396.5535061745
41 15385.2601748157
42 15319.3785661937
43 14883.0796407842
44 14637.6978190499
45 14571.7073298634
46 14488.9111181426
47 14479.3576015807
48 14307.7833298646
49 14294.6405960718
50 14280.1761995911
51 14144.2963535566
52 13888.5471207964
53 13788.9438626714
54 13671.1348935899
55 13531.2000090709
56 13504.161443275
57 13485.7342388187
58 13473.9801659654
59 13392.9780049621
60 13288.7295841767
61 13174.8972404799
62 13121.3620893278
63 13103.693340105
64 13093.3760343338
65 13057.8619192792
66 12957.3381764816
67 12836.9739862341
68 12717.7546054634
69 12616.1472345208
70 12547.2723061395
71 12525.0247293084
72 12513.0035241144
73 12508.4889415704
74 12394.3088060788
75 12373.6392623605
76 12134.9364266378
77 12076.9361310272
78 11932.9600100593
79 11921.8598610244
80 11903.617203425
81 11899.8070583872
82 11885.0168037303
83 11851.6399621575
84 11830.9678037531
85 11819.117272978
86 11803.0602935165
87 11740.8454005502
88 11715.5647297579
89 11712.9338681015
90 11695.5951694013
91 11544.8885539699
92 11509.6835177163
93 11441.9337689423
94 11329.3127052618
95 11181.5381079365
96 11174.210024639
97 11170.3915928014
98 11147.449447186
99 11103.8224055299
100 11033.4023205993
101 11002.7228345699
102 10954.8987665514
103 10942.8852142767
104 10935.8476195541
105 10933.2517390357
106 10912.4005254858
107 10705.4109179814
108 10661.0932314414
109 10548.5806745909
110 10490.9185318716
111 10466.0461999755
112 10458.2731664655
113 10454.5103617662
114 10451.5287763068
115 10437.4373995646
116 10426.4059483366
117 10389.2105091916
118 10373.1647324626
119 10352.3302802449
120 10339.449545059
121 10335.128609391
122 10332.9532688125
123 10324.8984452517
124 10194.7191666695
125 10167.462769811
126 10112.1792722676
127 9803.48139815415
128 9778.89911006257
129 9772.94849852535
130 9767.69637335543
131 9762.40831502599
132 9746.97755330946
133 9743.00351280731
134 9731.79741919011
135 9721.74514700702
136 9719.30120045974
137 9715.97963529446
138 9703.34462417183
139 9692.75781242067
140 9678.6002419397
141 9671.10664404495
142 9657.24200524845
143 9651.82473931683
144 9650.29733854939
145 9647.7123298789
146 9628.66429731357
147 9593.01636910727
148 9551.59992407118
149 9524.19143497021
150 9494.36546094093
151 9442.54543727562
152 9386.26790986007
153 9381.13371554632
154 9369.27591729455
155 9361.70164606548
156 9360.81623520957
157 9351.44529593575
158 9345.00348338989
159 9342.85890850898
160 9341.36701976333
161 9337.62975428047
162 9336.04689690042
163 9314.59056780777
164 9311.47961905018
165 9308.37108285719
166 9298.9569255337
167 9298.23043284113
