iter objective
1 68642.7896425434
2 52350.0999007578
3 44440.0735815578
4 39373.5207693647
5 36701.2188534436
6 34308.7823357537
7 30098.932113324
8 28521.1477057407
9 27341.227267613
10 26186.7937120607
11 25779.2333324075
12 23499.9684604714
13 22214.3245592279
14 21812.1062079456
15 20876.2966176213
16 20735.8793980917
17 20429.7748293077
18 20321.4943083195
19 19478.4432681976
20 19299.9799314228
21 18943.9743459607
22 16968.9133033853
23 16783.184627206
24 16722.7751683168
25 16629.8239350836
26 16160.8571518631
27 16007.9168790066
28 15813.9774054907
29 15225.6689613086
30 15016.1377005714
31 14930.8927439886
32 14897.9550518936
33 14631.4052457427
34 14530.013160125
35 14451.9465411709
36 14258.9008085351
37 14231.2240927477
38 14180.1129574551
39 14160.7617011153
40 13905.1605290902
41 13580.6720741898
42 13347.9033929983
43 13091.5286306116
44 12930.8386969372
45 12918.2246464338
46 12889.2840001742
47 12876.1553458454
48 12824.4815271008
49 12540.6049625167
50 12389.2293369072
51 12270.8061009887
52 12119.9769361864
53 12038.7575361033
54 11968.8917972098
55 11951.6113213749
56 11920.3249103601
57 11853.0474353878
58 11844.7182838618
59 11837.7823477029
60 11749.6908317146
61 11739.4452348787
62 11730.4028178298
63 11615.231047351
64 11513.4870985233
65 11504.6686886157
66 11456.7573385877
67 11219.0885947514
68 11147.7544051866
69 11139.024610974
70 11130.4235894195
71 11050.6533651852
72 11010.1800178594
73 10972.4075425152
74 10946.8564240747
75 10920.7083565178
76 10885.5537472086
77 10881.1626903305
78 10861.2616687626
79 10826.8191002558
80 10722.759420346
81 10661.2763513569
82 10601.9608102396
83 10576.8278029342
84 10572.6383285997
85 10569.4057960205
86 10544.4495902469
87 10476.2799718853
88 10445.197414102
89 10383.9326867958
90 10286.0997943583
91 10272.828008166
92 10259.2028839321
93 10257.3365600027
94 10246.2116255998
95 10233.6013799944
96 10172.8491948029
97 10162.6528816147
98 10153.8892801671
99 10147.6741580623
100 10145.1767645922
101 10134.3216043583
102 10113.2780696445
103 10048.8065722105
104 10038.2387842311
105 10025.8351482662
106 10015.3047528436
107 10006.8699195574
108 10004.9176478102
109 10001.5244614168
110 9912.07866304546
111 9890.19611848319
112 9815.58515192331
113 9780.18787154141
114 9750.61738764217
115 9745.48390725483
116 9743.3531062883
117 9742.04299550104
118 9732.20592564832
119 9713.34799081052
120 9698.18758773558
121 9687.26935576479
122 9678.07816586949
123 9673.91785583307
124 9672.00736030602
125 9670.36895087752
126 9660.83986214478
127 9649.34770227724
128 9639.52674845036
129 9632.76259624047
130 9628.94875340226
131 9627.44786676241
132 9622.81795603857
133 9608.36953869609
134 9605.76815320945
135 9593.46240442341
136 9593.29048007277
137 9586.80280809087
138 9584.65571944869
139 9579.67637800536
140 9568.91506051704
141 9563.09812366204
142 9551.82752618014
143 9548.95217369872
144 9544.46922406918
145 9542.32975372535
146 9540.76969070577
147 9539.61877648506
148 9529.5514434881
149 9452.04956801627
150 9252.06733004534
