time train-error
105.156562 0.688
171.058287 0.28368333333333295
237.008456 0.19703333333333295
302.991366 0.16996666666666704
368.873033 0.17006666666666703
434.688676 0.16025
500.649587 0.15888333333333304
567.143737 0.16869999999999996
633.704265 0.14458333333333295
700.197384 0.12680000000000002
767.012139 0.12416666666666698
832.958597 0.115966666666667
898.868342 0.114866666666667
965.14558 0.10768333333333302
1031.525667 0.10801666666666698
1097.848633 0.10209999999999997
1164.091094 0.101816666666667
1230.282577 0.09956666666666703
1296.416126 0.09811666666666696
1362.420779 0.09411666666666696
1428.328437 0.09421666666666695
1494.173304 0.09106666666666696
1560.052947 0.08706666666666696
1625.549543 0.08479999999999999
1691.134002 0.08351666666666702
1756.813645 0.08258333333333301
1821.926359 0.08291666666666697
1886.975688 0.08003333333333296
1951.937166 0.07808333333333295
2016.868779 0.07798333333333296
2081.817044 0.07289999999999996
2146.687046 0.07294999999999996
2211.646063 0.07246666666666701
2276.577042 0.07231666666666703
2341.375842 0.06343333333333301
2406.150115 0.0615
2470.701623 0.059599999999999986
2535.266776 0.05826666666666702
2599.715608 0.05669999999999997
2664.103364 0.056133333333333035
2728.668983 0.055950000000000055
2793.002607 0.055766666666666964
2857.164164 0.05379999999999996
2921.1481 0.05205000000000004
2984.971815 0.052100000000000035
3048.865014 0.051183333333333025
3112.496422 0.05133333333333301
3176.367311 0.05001666666666704
3239.872493 0.050000000000000044
3303.389341 0.04984999999999995
3366.552501 0.04863333333333297
3430.167914 0.047050000000000036
3492.873738 0.04701666666666704
3555.673725 0.04630000000000001
3618.209177 0.044950000000000045
3680.443546 0.04503333333333304
3742.411649 0.04479999999999995
3804.66202 0.04481666666666695
3866.233056 0.04528333333333301
3927.63246 0.04443333333333299
3988.906798 0.04286666666666705
4050.120535 0.04278333333333295
4111.282934 0.042950000000000044
4172.35209 0.04298333333333304
4233.059769 0.04271666666666696
4293.160157 0.04215000000000002
4352.601316 0.040100000000000025
4411.855827 0.03913333333333302
4470.841599 0.03893333333333304
4529.840475 0.03903333333333303
4588.697873 0.03911666666666702
4647.166299 0.03886666666666705
4705.468129 0.03886666666666705
4763.480812 0.038316666666667
4821.155783 0.03836666666666699
4878.211533 0.03613333333333302
4934.753863 0.035283333333333
4990.855468 0.03456666666666697
5046.671376 0.03485000000000005
5102.69898 0.034399999999999986
5157.943016 0.034333333333332994
5212.856562 0.03418333333333301
5267.065726 0.034283333333333
5321.309738 0.03420000000000001
5375.191881 0.03398333333333303
5428.921611 0.03406666666666702
5482.366164 0.03373333333333295
5535.425754 0.033316666666666994
5588.038278 0.03333333333333299
5640.663567 0.033216666666667005
5691.943181 0.03259999999999996
5742.321272 0.030666666666666953
5792.569785 0.03049999999999997
5842.584596 0.031566666666666965
5892.508181 0.02980000000000005
5942.261874 0.029833333333333045
5991.596878 0.029833333333333045
6040.672441 0.029616666666666958
6088.660837 0.028983333333333028
6137.950699 0.02895000000000003
6186.88999 0.028699999999999948
6235.40148 0.02833333333333299
6283.982616 0.028466666666666973
6332.091078 0.028283333333332994
6379.52806 0.028266666666666995
6425.351241 0.028066666666667017
6469.632841 0.027333333333332988
6513.754898 0.026716666666667055
6557.280582 0.025883333333333036
6600.249602 0.024983333333333024
6643.206643 0.024816666666667042
6685.949859 0.02491666666666703
6728.454024 0.02501666666666702
6770.484786 0.025000000000000022
6812.053954 0.02503333333333302
6852.960978 0.025000000000000022
6893.694545 0.024666666666666948
6934.009753 0.024116666666667008
6974.156765 0.024516666666666964
7014.025361 0.024333333333332985
7053.663742 0.024216666666666997
7093.045092 0.024216666666666997
7132.132614 0.024166666666667003
7170.476395 0.02410000000000001
7208.305149 0.024133333333333007
7245.665794 0.023983333333333023
7282.750886 0.021333333333332982
7319.61081 0.021333333333332982
7356.255819 0.02126666666666699
7392.625141 0.021216666666666995
7428.786393 0.021150000000000002
7464.489528 0.020866666666667033
7499.231681 0.020750000000000046
7533.808362 0.02080000000000004
7568.405811 0.02071666666666705
7602.943857 0.02070000000000005
7636.824583 0.02071666666666705
7670.086414 0.020449999999999968
7702.776288 0.020199999999999996
7735.283342 0.020216666666666994
7767.580809 0.02008333333333301
7799.502663 0.020283333333332987
7831.149315 0.02024999999999999
7862.583705 0.02024999999999999
7893.632035 0.020133333333333003
7924.431942 0.02006666666666701
7954.973112 0.020050000000000012
7985.05663 0.01953333333333296
8014.922826 0.019133333333333002
8044.751156 0.01961666666666695
8074.427253 0.019199999999999995
8104.015543 0.018633333333332947
8133.400551 0.018683333333333052
8162.660151 0.01859999999999995
8191.450169 0.018816666666667037
8220.054209 0.018583333333332952
8248.416741 0.01880000000000004
8276.464946 0.018549999999999955
8304.446311 0.01851666666666696
8331.956124 0.018483333333332963
8359.267598 0.018566666666666953
8386.362067 0.01824999999999999
8413.392178 0.018199999999999994
8440.174435 0.01843333333333297
8466.625807 0.01815
8492.779238 0.018266666666666986
8518.922857 0.018216666666666992
