time train-error
0.583026 0.27293333333333303
1.314284 0.24268333333333303
2.192557 0.24670000000000003
3.240178 0.18831666666666702
4.464767 0.17505000000000004
5.924579 0.16783333333333295
7.7076 0.16098333333333303
9.810461 0.13729999999999998
12.27194 0.13180000000000003
15.916466 0.12118333333333298
19.220339 0.11585000000000001
22.649727 0.11183333333333301
26.048083 0.10698333333333299
29.614581 0.09994999999999998
33.387702 0.09308333333333296
37.462904 0.09511666666666696
41.500834 0.08916666666666695
45.556012 0.08799999999999997
49.748947 0.08681666666666699
54.096193 0.08581666666666699
58.583242 0.08530000000000004
63.348358 0.08246666666666702
68.279789 0.07993333333333297
73.294813 0.07903333333333296
78.378372 0.07696666666666696
83.521564 0.07178333333333298
88.76129 0.07206666666666695
94.15451 0.07076666666666698
100.507403 0.07011666666666705
106.847572 0.06868333333333299
112.780609 0.06818333333333304
119.136691 0.06535000000000002
125.668297 0.06363333333333299
131.900106 0.06291666666666695
138.249918 0.062450000000000006
144.818623 0.06113333333333304
151.784872 0.05918333333333303
158.614592 0.055849999999999955
165.791476 0.055300000000000016
172.874738 0.05331666666666701
180.060496 0.05295000000000005
187.446323 0.0524
195.040744 0.05208333333333304
202.946337 0.05095000000000005
210.948279 0.051000000000000045
218.998476 0.04810000000000003
227.073523 0.047616666666666974
235.210579 0.046983333333333044
243.470248 0.046516666666666984
252.030213 0.04661666666666697
260.936005 0.045866666666667055
269.928942 0.04551666666666698
278.893948 0.04316666666666702
287.651356 0.04223333333333301
296.495503 0.04198333333333304
305.513211 0.04139999999999999
315.031023 0.04108333333333303
324.674118 0.04111666666666702
334.325066 0.03949999999999998
343.696222 0.03746666666666698
352.883804 0.03658333333333297
362.082034 0.035983333333333034
371.973097 0.03513333333333302
382.178057 0.034783333333333055
392.40121 0.03469999999999995
402.724421 0.03446666666666698
413.438486 0.034050000000000025
425.183054 0.033766666666666945
436.012029 0.03316666666666701
446.827259 0.032766666666667055
458.257093 0.03246666666666698
470.611969 0.03244999999999998
482.223322 0.032483333333332975
493.249043 0.032299999999999995
504.666574 0.03190000000000004
515.60667 0.03151666666666697
526.500069 0.031399999999999983
538.006464 0.03161666666666696
550.30841 0.03125
562.499869 0.03136666666666699
575.569972 0.031283333333333
588.984801 0.03068333333333295
600.854416 0.029900000000000038
613.657668 0.030583333333332963
626.285 0.029933333333333034
638.60968 0.02939999999999998
651.094519 0.02941666666666698
664.164676 0.029349999999999987
677.341803 0.029200000000000004
690.286126 0.02866666666666695
702.416697 0.02748333333333297
714.873858 0.026883333333333037
727.829604 0.02648333333333297
740.729805 0.025966666666667026
753.421609 0.02601666666666702
766.21636 0.02583333333333304
779.759636 0.025816666666667043
793.375824 0.025733333333333053
806.103361 0.025150000000000006
818.833549 0.024983333333333024
832.189389 0.024349999999999983
845.790712 0.024233333333332996
859.052721 0.024216666666666997
872.287218 0.024233333333332996
886.007182 0.024083333333333012
900.147519 0.024316666666666986
913.968138 0.024183333333333
927.705016 0.024083333333333012
941.913767 0.02400000000000002
956.535619 0.02393333333333303
970.819267 0.02393333333333303
984.942429 0.02373333333333305
998.790238 0.023433333333332973
1012.553021 0.023333333333332984
1025.985619 0.02290000000000003
1039.385076 0.022750000000000048
1053.153556 0.022866666666667035
1067.446351 0.022766666666667046
1081.552293 0.02261666666666695
1095.440631 0.02210000000000001
1109.39116 0.022383333333332978
1123.904768 0.022233333333332994
1138.087125 0.022216666666666995
1152.161076 0.022233333333332994
1166.626599 0.02208333333333301
1181.380289 0.02171666666666705
1195.289801 0.02153333333333296
1209.104644 0.02161666666666695
1223.653377 0.021416666666666972
1238.592868 0.021399999999999975
1252.981858 0.021333333333332982
1267.436618 0.021216666666666995
1282.682183 0.021299999999999986
1297.716313 0.020499999999999963
1311.371097 0.019766666666667043
