time train-error
80.242665 0.438935598509145
144.978378 0.42298691167547897
238.390188 0.39290976857068605
308.181603 0.39446996619571795
370.948314 0.39481667677905896
430.566241 0.39603016382075096
488.536009 0.39551009794574
572.172202 0.39533674265406904
633.695784 0.395163387362399
693.813196 0.394903354424894
752.925428 0.39386322267487195
811.364564 0.39377654502903703
869.397934 0.393689867383202
927.580463 0.39377654502903703
985.33125 0.394296610904048
1043.101372 0.393949900320707
1100.682502 0.39377654502903703
