time train-error
42.182855 0.843026783392563
63.425237 0.811649475600243
84.539153 0.721678079223368
105.43595 0.695501430181156
127.109969 0.600762763283349
148.672705 0.598942532720811
170.0275 0.57311259426194
191.665313 0.550489728698969
213.320219 0.527780185490162
234.705333 0.491028863656063
256.284401 0.48660830371847097
277.891988 0.46970616278061905
299.438615 0.45436421946779904
321.019837 0.449423593655196
342.288712 0.44092918436335304
363.37445 0.43087457744647695
384.375237 0.41951980584207305
405.23994 0.42532720811302804
426.301153 0.418219641154546
468.225352 0.411978850654416
489.219078 0.41041865302938396
510.264467 0.40703822484181296
531.229098 0.405651382508451
552.134477 0.402617664904221
573.148292 0.4015775331542
594.098122 0.4015775331542
615.136539 0.400364046112508
636.013701 0.40062407905001296
656.941702 0.400104013175002
678.038277 0.39880384848747497
698.931099 0.402010921383375
719.859762 0.400797434341683
761.748177 0.402877697841727
782.772809 0.40296437548756203
803.769934 0.40305105313339695
824.627573 0.40183756609170496
846.03124 0.401317500216694
867.177979 0.40114414492502404
