time train-error
26.680351 0.843720204559244
40.176178 0.7581693681199619
53.808033 0.6773858022016119
66.365148 0.733899627286123
77.775863 0.672358498743174
87.310999 0.642974776805062
95.684387 0.590534801074803
104.132138 0.573025916616105
112.453996 0.5691254225535229
119.492083 0.568518679032677
125.957119 0.5535234463031979
131.7914 0.52621998786513
136.653676 0.512004853948167
141.186066 0.49761636473953397
145.263573 0.498049752968709
149.158497 0.48470139551009805
152.929566 0.48556817196844904
156.611502 0.483574586114241
160.208601 0.48166767790586795
163.605653 0.472653202739014
166.575088 0.471353038051487
169.511075 0.46095172055127
172.384966 0.46207852994712695
175.166772 0.459131489988732
178.057057 0.458004680592875
180.928046 0.458784779405391
183.437211 0.45185056773858
185.705761 0.44959694894686697
187.94496 0.45107046892606395
190.16373 0.44647655369680195
192.243695 0.44309612550923105
194.31704 0.44222934905087996
196.371322 0.441969316113374
198.331383 0.441969316113374
200.241325 0.43728872323827706
202.035679 0.43754875617578204
203.847667 0.43425500563404695
205.60935 0.437462078529947
207.318439 0.433474906821531
208.966853 0.431394643321487
210.60885 0.432521452717344
212.237869 0.431307965675652
213.820974 0.42905434688393895
215.335231 0.43061454450897096
216.828008 0.43234809742567404
218.320273 0.42420039871717097
219.740387 0.425760596342203
221.143777 0.42532720811302804
222.55569 0.42498049752968703
223.942475 0.424893819883852
225.32001 0.42324694461298396
226.657555 0.421166681112941
227.970007 0.419953194071249
229.284393 0.42142671405044596
230.576232 0.41960648348790897
231.813292 0.4176128976337
233.024395 0.4176128976337
234.213063 0.41795960821704103
235.381724 0.41726618705036
236.514628 0.417872930571206
237.627837 0.41830631880038105
238.711064 0.412325561237757
239.784251 0.415445956487822
240.855958 0.41492589061281104
241.917871 0.414839212966976
242.974566 0.41492589061281104
244.020229 0.41258559417526197
245.065294 0.413279015341943
246.082565 0.41215220594608604
247.098206 0.41137210713357
248.091199 0.41336569298777803
249.101237 0.41223888359192196
250.080214 0.413018982404438
251.054649 0.412672271821097
252.011917 0.4111987518419
252.962905 0.41137210713357
253.924112 0.40972523186270304
254.856235 0.41033197538354904
255.767776 0.409638554216867
256.67941 0.409551876571032
257.567163 0.40946519892519695
258.449396 0.40920516598769197
259.321994 0.409551876571032
260.199965 0.409638554216867
261.063194 0.409985264800208
261.923438 0.40981190950853796
262.760793 0.40885845540435095
263.586658 0.408078356591835
264.422317 0.40764496836265895
265.24199 0.40799167894599997
266.043619 0.40547802721678095
266.861526 0.40582473780012096
267.664302 0.405911415445956
268.450726 0.40833838952934
269.220544 0.406258126029297
269.98809 0.40643148132096696
270.750463 0.40634480367513204
271.51984 0.40582473780012096
272.291304 0.40487128369593495
273.064271 0.40461125075842896
273.795359 0.405911415445956
274.525026 0.40643148132096696
275.258107 0.405304671925111
276.001163 0.40513131663344004
276.725606 0.40547802721678095
277.45069 0.40495796134177
278.17652 0.406518158966802
278.898864 0.40513131663344004
279.611512 0.405564704862616
280.308893 0.404091184883419
281.000266 0.40461125075842896
281.686699 0.404351217820924
282.378207 0.40391782959174805
283.07766 0.40365779665424295
283.776739 0.4047846060501
284.476222 0.40487128369593495
285.152899 0.405651382508451
285.82265 0.40452457311259404
286.48739 0.4047846060501
287.162901 0.40452457311259404
287.829073 0.40357111900840803
288.486357 0.403744474300078
289.147375 0.40244430961255095
289.831855 0.4015775331542
290.492655 0.4047846060501
291.129222 0.40149085550836405
291.767825 0.402877697841727
292.40071 0.402877697841727
293.029151 0.402877697841727
293.662545 0.402270954320881
294.302213 0.40296437548756203
294.941261 0.402270954320881
295.563445 0.40192424373754
296.175611 0.40279102019589197
296.783329 0.402270954320881
297.392194 0.40244430961255095
297.997951 0.40192424373754
298.608913 0.402617664904221
299.23155 0.40123082257085896
299.85402 0.401057467279189
300.459236 0.40244430961255095
301.044151 0.40296437548756203
301.622302 0.40175088844587004
302.206495 0.40244430961255095
302.795175 0.402530987258386
303.376542 0.402530987258386
303.975605 0.401057467279189
304.567678 0.40175088844587004
305.16476 0.40296437548756203
305.743252 0.402010921383375
306.321958 0.40209759902921005
306.889283 0.40218427667504597
307.450624 0.40192424373754
308.010612 0.401664210800035
308.567233 0.40365779665424295
309.149143 0.40209759902921005
309.709424 0.40305105313339695
310.258487 0.40149085550836405
310.797764 0.400797434341683
311.343701 0.40123082257085896
311.883022 0.401057467279189
312.424156 0.401057467279189
312.963833 0.399757302591662
313.53398 0.39993065788333204
314.093711 0.40062407905001296
314.617493 0.4015775331542
315.144994 0.400710756695848
315.671059 0.400797434341683
316.195492 0.4015775331542
316.722735 0.401664210800035
317.257558 0.40192424373754
317.80511 0.40192424373754
318.321396 0.40053740140417804
318.832766 0.400970789633354
319.346489 0.40062407905001296
319.854401 0.401057467279189
333.677843 0.40183756609170496
334.218009 0.40027736846667195
334.761104 0.400710756695848
335.293071 0.40027736846667195
335.828957 0.400450723758343
336.361634 0.400190690820837
336.896707 0.40001733552916696
337.450941 0.40114414492502404
337.98733 0.399757302591662
338.527995 0.400364046112508
339.060312 0.40027736846667195
339.59017 0.40027736846667195
340.121811 0.400104013175002
340.648999 0.40123082257085896
341.211337 0.40027736846667195
341.753638 0.399237236716651
342.280291 0.400104013175002
342.803652 0.399757302591662
343.323799 0.39993065788333204
343.845187 0.400190690820837
344.365903 0.400104013175002
344.882784 0.399843980237497
345.418876 0.40001733552916696
345.957314 0.39897720377914503
346.467676 0.39993065788333204
346.979781 0.39993065788333204
360.640359 0.400190690820837
361.147552 0.39889052613331
361.650741 0.399757302591662
362.155689 0.399757302591662
