time train-error
79.578104 0.843720204559244
175.194905 0.7551356505157321
253.505667 0.8251711883505239
339.06548 0.639681026263327
424.536883 0.686313599722632
493.767786 0.620091878304585
579.210483 0.68848054086851
672.806674 0.596515558637427
758.894451 0.627112767617232
836.841393 0.581780358845454
922.751463 0.617318193637861
1004.813642 0.583947299991332
1084.846412 0.601369506804195
1157.176952 0.5712923636994021
1237.412555 0.592528386929011
1309.907325 0.560024269740834
1389.829261 0.584033977637167
1462.33904 0.552136603969836
1542.506231 0.578226575366213
1615.158913 0.546589234636387
1695.489117 0.571205686053567
1768.078633 0.542428707636301
1847.887054 0.564618184970096
1920.17469 0.537401404177863
2000.123374 0.55794400624079
2072.433679 0.5342810089277981
2152.288138 0.55152986044899
2224.760484 0.531594001906908
2304.707107 0.54546242524053
2369.437842 0.5235329808442399
2449.838579 0.540261766490422
2522.656279 0.520412585594175
