time train-error
0.349033 0.848227442142671
0.610013 0.848227442142671
0.93252 0.848227442142671
1.315289 0.847447343330155
1.755755 0.791886972349831
2.257387 0.787813122995579
2.81835 0.813989772037791
3.432284 0.785819537141371
4.104905 0.757996012828292
4.85056 0.6744387622432171
5.657799 0.67599895986825
6.500008 0.652942706076103
7.38409 0.6174048712836959
8.326797 0.601369506804195
9.310368 0.621218687700442
10.314373 0.606483487908468
11.382412 0.60735026436682
12.47898 0.599289243304152
13.62919 0.579093351824564
14.819089 0.5578573285949551
16.043517 0.558984137990812
17.288126 0.556470486261593
18.562284 0.558897460344977
19.815264 0.5569038744907691
21.121993 0.5380081476987091
22.430694 0.517638900927451
23.774672 0.51087804455231
25.137938 0.503163734072983
26.53365 0.498656496489555
27.893424 0.49874317413539004
29.246541 0.49640287769784197
30.633091 0.49657623298951203
32.008511 0.49050879778105205
33.36857 0.47759382855161703
34.715634 0.472999913322354
36.058207 0.468059287509751
37.376264 0.46658576753055403
38.684877 0.463725405217994
40.026311 0.46485221461385096
41.380809 0.46424547109300496
42.726639 0.46242524053046696
44.037158 0.45956487821790803
45.332023 0.45783132530120496
46.62036 0.45540435121782097
47.895498 0.45488428534281
49.188465 0.454624252405305
50.468555 0.45349744300944805
51.753814 0.451763890092745
53.02637 0.44612984311346104
54.266758 0.442055993759209
55.512229 0.43876224321747404
56.71956 0.437808789113288
57.928775 0.437375400884112
59.128304 0.43754875617578204
60.326175 0.436855335009101
61.523266 0.435295137384069
62.709414 0.43312819623819
63.908653 0.43278148565485
65.091819 0.429141024529774
66.238919 0.43148132096732295
67.391852 0.429834445696455
68.542 0.43009447863396
69.673152 0.429141024529774
70.803138 0.427407471613071
71.907031 0.42628066221721395
72.990315 0.42437375400884103
74.058681 0.42264020109213796
75.098525 0.41951980584207305
76.135317 0.420039871717084
77.174833 0.41925977290456795
78.214747 0.41925977290456795
79.273006 0.42047325994625995
80.338036 0.417179509404525
81.405592 0.41683279882118396
82.444219 0.41856635173788703
83.441924 0.41839299644621697
84.452311 0.418132963508711
85.459816 0.418219641154546
86.461212 0.41683279882118396
87.473656 0.41310566005027305
88.501905 0.41336569298777803
89.498729 0.41163214007107596
90.480386 0.412672271821097
91.432964 0.412412238883592
92.41017 0.412065528300251
93.374612 0.412412238883592
94.339041 0.412672271821097
95.31071 0.411458784779405
96.253532 0.40833838952934
97.206385 0.408945133050186
98.143424 0.409551876571032
99.061181 0.410765363612724
99.971734 0.40981190950853796
100.875258 0.410505330675219
101.785784 0.410852041258559
102.685118 0.408945133050186
103.605873 0.405998093091792
104.523218 0.406258126029297
105.451106 0.40920516598769197
106.362653 0.406778191904308
107.274012 0.408078356591835
108.210316 0.40790500130016505
109.082063 0.40799167894599997
109.972663 0.406518158966802
110.846377 0.40885845540435095
111.725232 0.40244430961255095
112.581209 0.40643148132096696
113.458717 0.40573806015428604
114.303854 0.405911415445956
115.139105 0.405911415445956
115.987337 0.40487128369593495
116.831342 0.404697928404265
117.704002 0.40703822484181296
118.51518 0.403744474300078
119.332762 0.405304671925111
120.131442 0.40487128369593495
120.966625 0.40495796134177
121.785234 0.405044638987605
122.597831 0.40244430961255095
123.468045 0.40192424373754
124.294324 0.40183756609170496
125.113067 0.40357111900840803
125.894261 0.402530987258386
126.67 0.403484441362573
127.453346 0.40235763196671603
128.231289 0.40235763196671603
129.149858 0.40270434255005605
129.929404 0.40244430961255095
130.683697 0.400364046112508
131.466917 0.400797434341683
132.271047 0.40218427667504597
133.040762 0.40192424373754
133.811002 0.40149085550836405
134.557414 0.4015775331542
135.330724 0.401317500216694
136.060634 0.401317500216694
136.789772 0.401404177862529
137.554121 0.400450723758343
138.320582 0.40053740140417804
139.024058 0.39889052613331
139.736662 0.400364046112508
140.427683 0.399583947299991
141.136074 0.399237236716651
141.846822 0.39941059200832096
142.557339 0.40027736846667195
143.311453 0.399583947299991
144.043406 0.400104013175002
144.75714 0.400104013175002
145.49692 0.399497269654156
146.198409 0.399497269654156
146.905332 0.399583947299991
147.63016 0.399237236716651
149.15525 0.399237236716651
149.840274 0.399583947299991
150.540605 0.39837046025829903
151.263462 0.399237236716651
151.975155 0.4015775331542
152.658755 0.39906388142498095
153.349942 0.399497269654156
154.016973 0.39967062494582695
154.704471 0.399757302591662
155.373149 0.39993065788333204
156.060248 0.39897720377914503
156.739564 0.39967062494582695
157.411633 0.397937072029124
158.067782 0.399583947299991
158.741142 0.39932391436248604
159.403575 0.39897720377914503
160.082063 0.39941059200832096
160.735852 0.39854381554997
161.398664 0.39819710496662897
162.056003 0.399583947299991
162.741258 0.39880384848747497
163.373387 0.39906388142498095
164.022234 0.39819710496662897
164.692399 0.398283782612464
165.330111 0.39871717084164005
165.995722 0.39845713790413495
166.688845 0.39819710496662897
167.41072 0.399150559070816
168.056676 0.398023749674959
168.701967 0.39819710496662897
169.329155 0.39854381554997
169.95797 0.39871717084164005
170.605185 0.397937072029124
171.263896 0.39854381554997
171.916797 0.39906388142498095
172.591553 0.39906388142498095
173.24333 0.397677039091618
173.879491 0.39880384848747497
174.498423 0.397677039091618
175.126094 0.39819710496662897
175.750666 0.39811042732079405
176.373445 0.39819710496662897
177.020889 0.39811042732079405
177.668975 0.39880384848747497
178.324072 0.397677039091618
178.941964 0.397330328508278
179.600685 0.39776371673745303
180.213853 0.39785039438328895
180.815238 0.39759036144578297
181.419346 0.39854381554997
182.041127 0.39776371673745303
182.658405 0.397417006154113
183.288697 0.39819710496662897
183.903944 0.397070295570772
184.511669 0.39759036144578297
185.146135 0.39750368379994805
185.789867 0.39785039438328895
186.447576 0.397417006154113
187.102171 0.39871717084164005
187.778344 0.39776371673745303
188.416501 0.397677039091618
189.043943 0.398023749674959
189.667011 0.397417006154113
190.282392 0.39750368379994805
190.908384 0.397677039091618
191.51995 0.39724365086244295
192.156764 0.39776371673745303
192.84751 0.39776371673745303
193.470444 0.39663690734159696
194.063657 0.396810262633267
194.672715 0.397070295570772
195.277692 0.397330328508278
195.871158 0.397677039091618
196.499997 0.39724365086244295
197.093242 0.397677039091618
197.727129 0.39845713790413495
198.348915 0.39715697321660703
198.931849 0.39689694027910205
199.511939 0.397330328508278
200.08728 0.39698361792493697
200.671973 0.39750368379994805
201.258456 0.396723584987432
201.869311 0.39715697321660703
202.460188 0.39750368379994805
203.06011 0.39750368379994805
203.681936 0.396810262633267
204.267311 0.39698361792493697
204.859752 0.397070295570772
205.447119 0.39715697321660703
206.029671 0.39776371673745303
206.618091 0.39776371673745303
207.26547 0.396723584987432
207.849687 0.396463552049926
208.457585 0.396376874404091
209.16305 0.39698361792493697
209.843811 0.396723584987432
210.49614 0.396723584987432
211.359091 0.39724365086244295
212.086233 0.39533674265406904
