time train-error
0.72391 0.848227442142671
1.370902 0.848227442142671
2.073084 0.848227442142671
2.853756 0.8459738233509579
3.716879 0.839646355204993
4.615026 0.809395856808529
5.69342 0.806275461558464
6.738807 0.762243217474213
7.772333 0.745254398890526
8.874363 0.726792060327641
10.025451 0.654502903701135
11.241312 0.638987605096646
12.497489 0.633613591054867
13.77918 0.617491548929531
15.092859 0.619051746554564
16.447332 0.61055733726272
18.240171 0.605790066741787
19.662577 0.57935338476207
21.150045 0.5676519025743261
22.652346 0.580306838866256
24.199224 0.5676519025743261
25.796481 0.56383808615758
27.405487 0.562104533240877
29.066951 0.5566438415532631
30.799446 0.5211060067608559
32.584974 0.510618011614805
34.419107 0.5067175175522229
36.223553 0.5088844586981021
38.050324 0.499003207072896
39.893722 0.5017768917396199
41.794442 0.501083470572939
43.678118 0.498656496489555
45.577945 0.47282655803068396
47.518271 0.46363872757215896
49.406594 0.46459218167634597
51.275143 0.463378694634654
53.148775 0.458784779405391
55.001309 0.45965155586374296
56.836319 0.45965155586374296
58.650561 0.45601109473866697
60.459446 0.45133050186356904
62.203031 0.44188263846753895
63.923304 0.443182803155066
65.641816 0.437808789113288
67.353597 0.43858888792580397
69.038227 0.43702869030077096
70.692663 0.437375400884112
72.35043 0.436768657363266
73.977241 0.440842506717518
75.628531 0.435555170321574
77.278744 0.434081650342377
78.929355 0.432174742134004
80.515981 0.43113461038398204
82.086415 0.43009447863396
83.718131 0.431654676258993
85.308431 0.429227702175609
86.96152 0.42784085984224696
88.564399 0.42472046459218205
90.140116 0.425587241050533
91.648922 0.42420039871717097
93.116529 0.42376701048799503
94.575737 0.42411372107133605
96.035747 0.42368033284216
97.494779 0.420993325821271
98.950069 0.42064661523793
100.404651 0.41865302938372195
101.825805 0.417006154112854
103.254265 0.418132963508711
104.68947 0.41674612117534904
106.068973 0.417179509404525
107.465317 0.41709283175868905
108.834879 0.415445956487822
110.207331 0.414839212966976
111.66727 0.41275894946693203
113.067369 0.41405911415445995
114.439598 0.41310566005027305
115.77548 0.41275894946693203
117.099113 0.41284562711276795
118.413138 0.41284562711276795
119.718597 0.41223888359192196
121.031584 0.40981190950853796
122.353975 0.41067868596688895
123.659017 0.409638554216867
124.934859 0.40972523186270304
126.186414 0.40877177775851603
127.434286 0.409551876571032
128.675765 0.409031810696021
129.9081 0.410765363612724
131.150419 0.40859842246684597
132.386202 0.406864869550143
133.676007 0.40885845540435095
134.903786 0.40851174482101105
136.12733 0.407211580133484
137.33112 0.40790500130016505
138.535775 0.40781832365433
139.72332 0.40695154719597804
140.91107 0.406864869550143
142.154047 0.40738493542515397
143.321616 0.406518158966802
144.50246 0.40495796134177
145.645856 0.40495796134177
146.799063 0.40513131663344004
147.933815 0.40495796134177
149.079252 0.40487128369593495
150.232107 0.4047846060501
151.382405 0.40487128369593495
152.506606 0.402530987258386
153.631903 0.40426454017508895
154.752212 0.40400450723758297
155.867065 0.404351217820924
156.987078 0.404091184883419
158.094948 0.40296437548756203
159.308224 0.402617664904221
160.475607 0.40331108607090205
161.577718 0.403224408425067
162.675754 0.40192424373754
163.753097 0.402270954320881
164.839865 0.402010921383375
165.915837 0.40183756609170496
166.986132 0.400797434341683
168.117977 0.401317500216694
169.208311 0.401664210800035
170.280832 0.39932391436248604
171.353789 0.400364046112508
172.409218 0.400364046112508
173.478096 0.39967062494582695
174.533468 0.400710756695848
175.619001 0.399757302591662
176.694852 0.400970789633354
177.747982 0.40123082257085896
178.82851 0.400104013175002
179.868348 0.39932391436248604
180.91815 0.39932391436248604
181.953868 0.399497269654156
182.986697 0.39897720377914503
184.075982 0.39932391436248604
185.150524 0.39967062494582695
186.197588 0.39993065788333204
187.226066 0.39819710496662897
188.244884 0.39871717084164005
189.273801 0.39897720377914503
190.289028 0.39897720377914503
191.29718 0.39785039438328895
192.329505 0.399497269654156
193.351088 0.39845713790413495
194.35813 0.39819710496662897
195.37084 0.39906388142498095
196.368795 0.398283782612464
197.36208 0.39871717084164005
198.352764 0.39880384848747497
199.338454 0.39871717084164005
200.369716 0.39871717084164005
201.391323 0.397937072029124
202.396705 0.39698361792493697
203.379944 0.39819710496662897
204.352766 0.39811042732079405
205.33636 0.397677039091618
206.308432 0.397417006154113
207.367631 0.397330328508278
208.351322 0.39819710496662897
209.322115 0.398023749674959
210.303242 0.39785039438328895
211.270629 0.39785039438328895
212.23643 0.39715697321660703
213.217373 0.39785039438328895
214.188565 0.39715697321660703
215.162548 0.397937072029124
216.19413 0.39854381554997
217.199946 0.399583947299991
218.163135 0.39568345323741005
219.125651 0.396376874404091
220.084365 0.39663690734159696
221.059355 0.39663690734159696
222.004445 0.39663690734159696
222.947002 0.396723584987432
223.924854 0.39568345323741005
224.894992 0.39698361792493697
225.837203 0.39663690734159696
226.79602 0.396810262633267
227.741922 0.39655022969576104
228.686061 0.396723584987432
229.638056 0.39715697321660703
230.575237 0.39655022969576104
231.52265 0.397330328508278
232.508936 0.39663690734159696
233.473591 0.39759036144578297
234.416544 0.397677039091618
235.350856 0.39585680852908
236.268833 0.396203519112421
237.185623 0.396723584987432
238.097436 0.396463552049926
239.005954 0.39629019675825605
239.941939 0.396203519112421
240.87624 0.396463552049926
241.784208 0.39689694027910205
242.690789 0.396376874404091
243.598405 0.396376874404091
244.498987 0.39655022969576104
245.410895 0.39663690734159696
246.325492 0.396203519112421
247.273693 0.39663690734159696
248.213401 0.39629019675825605
249.118353 0.39663690734159696
250.021091 0.396723584987432
250.936548 0.39655022969576104
251.837118 0.39655022969576104
252.73663 0.39689694027910205
253.652761 0.396203519112421
254.598007 0.39689694027910205
255.51856 0.394990032070729
256.428793 0.396810262633267
257.324144 0.39629019675825605
258.22367 0.39663690734159696
259.132483 0.396463552049926
260.024724 0.396810262633267
260.914258 0.395163387362399
261.859033 0.39603016382075096
262.801899 0.395596775591575
263.686354 0.39629019675825605
264.604855 0.396203519112421
265.484603 0.39585680852908
266.365249 0.39585680852908
267.259848 0.39585680852908
268.138349 0.396203519112421
269.03885 0.39603016382075096
269.957053 0.39655022969576104
270.836845 0.39568345323741005
271.712118 0.395770130883245
272.610455 0.39603016382075096
273.489735 0.396116841466586
274.367759 0.396203519112421
275.284013 0.395770130883245
276.207255 0.394990032070729
277.102179 0.39594348617491504
277.994795 0.39594348617491504
278.879261 0.396203519112421
279.748343 0.39603016382075096
280.623062 0.396116841466586
281.498078 0.395596775591575
282.385881 0.396376874404091
283.304481 0.39507670971656395
284.197099 0.396463552049926
285.066253 0.39594348617491504
285.93531 0.396116841466586
286.797689 0.39568345323741005
287.661517 0.396376874404091
288.52065 0.396203519112421
289.390597 0.395596775591575
290.263279 0.39715697321660703
291.118073 0.39629019675825605
291.980236 0.39594348617491504
292.831468 0.39603016382075096
293.68656 0.39603016382075096
294.538832 0.396116841466586
295.382285 0.396116841466586
296.255026 0.39542342029990496
297.150371 0.396116841466586
298.016473 0.39568345323741005
298.866481 0.39594348617491504
299.719705 0.39629019675825605
300.573415 0.396116841466586
301.435569 0.396203519112421
302.294171 0.39568345323741005
303.136709 0.396116841466586
304.002378 0.39585680852908
304.854655 0.39533674265406904
305.682453 0.39568345323741005
306.504375 0.396116841466586
307.344872 0.39603016382075096
308.161055 0.396203519112421
308.977326 0.39568345323741005
309.804215 0.395770130883245
310.644757 0.39568345323741005
311.460329 0.395596775591575
312.277264 0.39585680852908
313.102832 0.39603016382075096
313.915994 0.39585680852908
314.727563 0.39542342029990496
315.555543 0.394990032070729
316.414477 0.39551009794574
317.230577 0.396116841466586
318.058538 0.395770130883245
318.875663 0.39585680852908
319.691762 0.395770130883245
320.512316 0.396203519112421
321.335084 0.395596775591575
322.150862 0.39551009794574
322.986205 0.39542342029990496
323.799071 0.39551009794574
324.611078 0.395163387362399
325.42548 0.39568345323741005
326.23831 0.39542342029990496
327.047704 0.39551009794574
327.852957 0.39542342029990496
328.663769 0.39603016382075096
329.518699 0.39585680852908
330.345066 0.39585680852908
331.145006 0.396463552049926
331.951688 0.395163387362399
332.751204 0.394990032070729
333.550868 0.39533674265406904
334.36097 0.39551009794574
335.16065 0.39507670971656395
336.002452 0.39507670971656395
336.810666 0.395770130883245
337.620294 0.39542342029990496
338.428373 0.39551009794574
339.236913 0.395163387362399
340.050491 0.395250065008234
340.85709 0.39533674265406904
341.66072 0.39481667677905896
342.517355 0.394643321487388
343.362609 0.39446996619571795
344.167459 0.394903354424894
344.978632 0.39551009794574
345.780466 0.39533674265406904
346.581308 0.39542342029990496
347.379921 0.39542342029990496
348.183321 0.394903354424894
349.001439 0.394643321487388
349.836351 0.394383288549883
350.655525 0.39585680852908
351.446214 0.394643321487388
352.240991 0.39472999913322404
353.042072 0.39472999913322404
353.837773 0.394643321487388
354.630414 0.39551009794574
355.445731 0.39585680852908
356.271199 0.395770130883245
357.084843 0.39507670971656395
357.882594 0.394903354424894
358.686281 0.395250065008234
359.482504 0.39507670971656395
360.274637 0.39507670971656395
361.069186 0.394643321487388
361.886534 0.394556643841553
362.704221 0.39533674265406904
363.517078 0.39533674265406904
364.323758 0.394903354424894
365.118139 0.39507670971656395
365.910234 0.39507670971656395
366.704514 0.395250065008234
367.491314 0.39551009794574
368.30286 0.39551009794574
369.114174 0.395250065008234
369.925318 0.395250065008234
370.713645 0.395596775591575
371.500412 0.395163387362399
372.290928 0.39533674265406904
373.076113 0.39533674265406904
373.859935 0.39507670971656395
374.644558 0.394556643841553
375.493593 0.394296610904048
376.298137 0.39551009794574
377.083418 0.395250065008234
377.878096 0.394990032070729
378.659751 0.394903354424894
379.446792 0.394990032070729
380.236941 0.395163387362399
381.021162 0.39472999913322404
381.846371 0.394903354424894
382.652756 0.395250065008234
383.442721 0.394990032070729
384.227924 0.39507670971656395
385.009999 0.395250065008234
385.807207 0.394903354424894
386.59258 0.395250065008234
387.375506 0.394643321487388
388.204453 0.39446996619571795
389.010175 0.39472999913322404
389.805064 0.394990032070729
390.594735 0.39472999913322404
391.375176 0.394903354424894
392.152469 0.394990032070729
392.92823 0.395163387362399
393.717567 0.39481667677905896
394.515857 0.394990032070729
395.311738 0.395163387362399
396.088584 0.395163387362399
396.87534 0.39472999913322404
397.645945 0.39507670971656395
398.418672 0.394903354424894
399.202185 0.39446996619571795
399.979677 0.394556643841553
400.802599 0.395250065008234
401.601281 0.395250065008234
402.394347 0.395250065008234
403.175062 0.39446996619571795
403.948567 0.39446996619571795
404.733613 0.394556643841553
405.511013 0.394903354424894
406.288348 0.39472999913322404
407.067767 0.394990032070729
407.846593 0.39472999913322404
408.624961 0.394643321487388
409.398758 0.394556643841553
410.183129 0.394383288549883
410.953368 0.395250065008234
411.767329 0.395596775591575
412.579416 0.395770130883245
413.35221 0.394990032070729
414.120655 0.394903354424894
414.898611 0.39481667677905896
415.671509 0.39472999913322404
416.440812 0.394643321487388
417.209811 0.39472999913322404
418.000806 0.395163387362399
418.812788 0.394556643841553
419.600931 0.39507670971656395
420.367754 0.394990032070729
421.138796 0.394903354424894
421.901023 0.394383288549883
422.666471 0.39481667677905896
423.43564 0.394556643841553
424.202325 0.395163387362399
424.98675 0.39533674265406904
425.774604 0.39533674265406904
426.550929 0.394556643841553
427.316704 0.394990032070729
428.080917 0.394990032070729
428.85333 0.394643321487388
429.619279 0.39481667677905896
430.384692 0.39507670971656395
431.173353 0.395250065008234
431.970139 0.39481667677905896
432.756479 0.39533674265406904
433.522958 0.39446996619571795
434.297676 0.39481667677905896
435.06443 0.394903354424894
435.828968 0.39472999913322404
436.591095 0.394990032070729
437.357722 0.39533674265406904
438.160378 0.39481667677905896
438.940989 0.395250065008234
439.731226 0.394990032070729
440.494627 0.394903354424894
441.253795 0.394643321487388
442.013267 0.394643321487388
442.785723 0.394903354424894
443.55402 0.39507670971656395
444.353946 0.394903354424894
445.140909 0.39446996619571795
445.902563 0.394990032070729
446.665752 0.394990032070729
447.426282 0.394903354424894
448.196486 0.39507670971656395
448.9593 0.39533674265406904
449.762964 0.39481667677905896
450.592888 0.394556643841553
451.357226 0.395163387362399
452.119905 0.39507670971656395
452.881819 0.39533674265406904
453.654545 0.394990032070729
454.413351 0.395163387362399
455.17423 0.394643321487388
455.978473 0.39472999913322404
456.758175 0.39507670971656395
457.517508 0.395250065008234
458.277073 0.39507670971656395
459.038876 0.395163387362399
459.797331 0.39507670971656395
460.553762 0.39533674265406904
461.336645 0.39472999913322404
462.113039 0.39420993325821296
462.892133 0.39472999913322404
463.647601 0.395163387362399
464.410098 0.395163387362399
465.165416 0.39507670971656395
465.921136 0.395163387362399
466.674177 0.395250065008234
467.434967 0.395163387362399
468.231627 0.39542342029990496
469.023227 0.39472999913322404
469.807296 0.394383288549883
470.56436 0.395163387362399
471.31847 0.39507670971656395
472.077327 0.395250065008234
472.844349 0.39542342029990496
473.599531 0.395596775591575
474.373795 0.395770130883245
475.173813 0.39542342029990496
475.940576 0.394990032070729
476.694167 0.39533674265406904
477.448045 0.39533674265406904
478.210332 0.395250065008234
478.963973 0.395163387362399
479.719363 0.395770130883245
480.498526 0.39542342029990496
481.297092 0.395250065008234
482.052984 0.395770130883245
482.804306 0.395163387362399
483.579174 0.39533674265406904
484.330877 0.39533674265406904
485.082932 0.39533674265406904
485.837926 0.395596775591575
486.610077 0.39507670971656395
487.383081 0.39533674265406904
488.132908 0.395770130883245
488.894702 0.395250065008234
489.643569 0.39542342029990496
490.39343 0.39542342029990496
491.142232 0.39585680852908
491.895517 0.39472999913322404
492.714902 0.395163387362399
493.48891 0.39533674265406904
494.249477 0.396116841466586
494.999843 0.39568345323741005
495.748627 0.39568345323741005
496.499228 0.395770130883245
497.260585 0.395596775591575
498.01646 0.395596775591575
498.787209 0.395770130883245
499.54117 0.39594348617491504
500.299051 0.39551009794574
501.051988 0.39603016382075096
501.803322 0.39603016382075096
502.555425 0.39542342029990496
503.304425 0.394903354424894
504.096242 0.39507670971656395
504.871389 0.39594348617491504
505.619812 0.395596775591575
506.370132 0.39568345323741005
507.116689 0.39594348617491504
507.873127 0.395770130883245
508.617979 0.39585680852908
509.365194 0.395596775591575
510.133364 0.39568345323741005
510.93042 0.395163387362399
511.699876 0.394990032070729
512.447651 0.39551009794574
513.209346 0.395770130883245
513.958293 0.39594348617491504
514.704349 0.39603016382075096
515.44879 0.395596775591575
516.204206 0.39568345323741005
516.992401 0.39551009794574
517.761659 0.39603016382075096
518.515878 0.395770130883245
519.262503 0.39594348617491504
520.014856 0.39585680852908
520.761898 0.39594348617491504
521.51978 0.395770130883245
522.289394 0.39585680852908
523.058188 0.394990032070729
523.829966 0.395770130883245
524.578534 0.39533674265406904
525.327971 0.395250065008234
526.076399 0.39568345323741005
526.848224 0.39568345323741005
527.594274 0.395770130883245
528.341962 0.395596775591575
529.115594 0.39551009794574
529.913407 0.395596775591575
530.660022 0.394903354424894
531.40298 0.395770130883245
532.153287 0.39542342029990496
532.897619 0.39551009794574
533.640565 0.395596775591575
534.384193 0.395163387362399
535.157499 0.394903354424894
535.946631 0.39507670971656395
536.689259 0.39542342029990496
537.438737 0.39542342029990496
538.185525 0.395163387362399
538.930642 0.39533674265406904
539.677126 0.39542342029990496
540.433373 0.39551009794574
541.219402 0.39542342029990496
541.984923 0.39481667677905896
542.731709 0.39594348617491504
543.477218 0.39542342029990496
544.218204 0.39542342029990496
544.961802 0.39542342029990496
545.704738 0.395250065008234
546.446625 0.39542342029990496
547.186248 0.394556643841553
547.96633 0.394903354424894
548.756178 0.39542342029990496
549.496171 0.39533674265406904
550.232064 0.39542342029990496
550.974685 0.39507670971656395
551.712898 0.39533674265406904
552.448151 0.39542342029990496
553.18267 0.39507670971656395
553.944554 0.39481667677905896
554.703069 0.395250065008234
555.460085 0.39551009794574
556.194916 0.39542342029990496
556.940584 0.39551009794574
557.684666 0.39542342029990496
558.422477 0.395250065008234
559.165284 0.395163387362399
559.953506 0.39472999913322404
560.753906 0.395163387362399
561.49746 0.39533674265406904
562.245308 0.395596775591575
562.985189 0.395596775591575
563.723608 0.395596775591575
564.461388 0.395250065008234
565.209258 0.395163387362399
565.967097 0.394990032070729
566.747491 0.394990032070729
567.509388 0.39533674265406904
568.249367 0.39472999913322404
568.984615 0.39472999913322404
569.720668 0.39481667677905896
570.477023 0.39472999913322404
571.217708 0.39507670971656395
571.995012 0.395250065008234
572.756235 0.394903354424894
573.495194 0.394903354424894
574.230375 0.39472999913322404
574.963567 0.39481667677905896
575.706813 0.39472999913322404
576.443934 0.394556643841553
577.179823 0.394990032070729
577.956169 0.395163387362399
578.746376 0.394903354424894
579.486063 0.394556643841553
580.227212 0.39481667677905896
580.971757 0.39507670971656395
581.710587 0.394990032070729
582.446816 0.39507670971656395
583.181321 0.395163387362399
583.969202 0.395163387362399
584.72515 0.39507670971656395
585.465056 0.394990032070729
586.204338 0.395163387362399
586.943781 0.39507670971656395
587.677389 0.394990032070729
588.407702 0.395163387362399
589.140513 0.394556643841553
589.910775 0.394556643841553
590.683682 0.39472999913322404
591.41436 0.394903354424894
592.15281 0.39481667677905896
592.881635 0.394903354424894
593.614038 0.39481667677905896
594.343077 0.39481667677905896
595.078521 0.39507670971656395
595.832322 0.39481667677905896
597.353455 0.39481667677905896
598.086511 0.394643321487388
598.816895 0.394643321487388
599.54768 0.39472999913322404
600.291356 0.39472999913322404
601.024694 0.394556643841553
601.778651 0.394990032070729
602.531532 0.394990032070729
603.278484 0.39472999913322404
604.013966 0.39446996619571795
604.748486 0.39481667677905896
605.488707 0.394643321487388
606.225743 0.39472999913322404
606.960978 0.394556643841553
607.715577 0.394903354424894
608.501066 0.395163387362399
609.25502 0.39507670971656395
609.989409 0.394556643841553
610.72319 0.395250065008234
611.459148 0.39507670971656395
612.191136 0.394990032070729
613.734041 0.394990032070729
614.46498 0.395163387362399
615.203337 0.39481667677905896
615.97394 0.39472999913322404
616.736244 0.39542342029990496
617.467742 0.395163387362399
618.201798 0.394990032070729
618.93265 0.39507670971656395
619.673792 0.39507670971656395
620.408198 0.39507670971656395
621.140746 0.394990032070729
621.9021 0.394556643841553
622.659316 0.39533674265406904
623.415319 0.394990032070729
624.148261 0.395163387362399
624.893648 0.395250065008234
625.629217 0.395163387362399
626.361734 0.395163387362399
627.094252 0.394990032070729
627.859981 0.395163387362399
628.615615 0.39551009794574
629.371195 0.395250065008234
630.108302 0.395250065008234
630.83923 0.395250065008234
631.569447 0.39507670971656395
632.299073 0.395250065008234
633.031398 0.395250065008234
633.762698 0.395250065008234
634.53366 0.395250065008234
635.282348 0.39533674265406904
636.018892 0.395250065008234
636.74983 0.395250065008234
637.479056 0.395250065008234
638.212778 0.395250065008234
638.941424 0.39533674265406904
639.668627 0.39551009794574
640.438077 0.395596775591575
641.200388 0.39507670971656395
641.931915 0.39568345323741005
642.665347 0.39551009794574
643.400039 0.39551009794574
644.146533 0.39551009794574
644.87687 0.39551009794574
645.610451 0.39533674265406904
646.403288 0.39542342029990496
647.182667 0.39542342029990496
647.912503 0.39542342029990496
648.640943 0.39542342029990496
649.381093 0.39551009794574
650.109903 0.39542342029990496
650.838677 0.39533674265406904
651.5668 0.395596775591575
652.348091 0.39551009794574
653.119269 0.395770130883245
653.871412 0.39542342029990496
654.601889 0.39551009794574
655.331634 0.39551009794574
656.059728 0.39551009794574
656.789088 0.39542342029990496
657.539568 0.39568345323741005
658.285657 0.39542342029990496
659.034199 0.39542342029990496
659.761357 0.395163387362399
660.505209 0.39551009794574
661.237376 0.395596775591575
661.966938 0.39551009794574
662.704373 0.39551009794574
663.434258 0.395596775591575
664.204017 0.39542342029990496
664.971218 0.39568345323741005
665.711089 0.39568345323741005
666.43977 0.395596775591575
667.168786 0.39568345323741005
667.896942 0.39568345323741005
668.634811 0.39568345323741005
669.363039 0.39551009794574
670.111744 0.39551009794574
670.890773 0.395250065008234
671.619836 0.39568345323741005
672.355909 0.395596775591575
673.08362 0.39551009794574
673.812416 0.395770130883245
674.539481 0.39568345323741005
675.266909 0.39568345323741005
676.015799 0.39594348617491504
676.787024 0.39585680852908
677.515936 0.39533674265406904
678.246245 0.395596775591575
678.979 0.39568345323741005
679.705065 0.395770130883245
680.431095 0.39568345323741005
681.156963 0.395596775591575
681.910662 0.396116841466586
682.65824 0.395596775591575
683.408696 0.395596775591575
684.134175 0.395770130883245
684.869263 0.39568345323741005
685.596284 0.395770130883245
686.323963 0.39551009794574
687.053917 0.395770130883245
687.829702 0.39568345323741005
688.581632 0.395770130883245
689.310091 0.39542342029990496
690.041277 0.39551009794574
690.769547 0.39568345323741005
691.496253 0.39568345323741005
692.225288 0.395770130883245
692.961257 0.39568345323741005
693.710649 0.39585680852908
694.460024 0.395596775591575
695.188019 0.395596775591575
695.926315 0.395770130883245
696.655568 0.395770130883245
697.383347 0.395770130883245
698.112657 0.395770130883245
698.839315 0.39594348617491504
699.611625 0.39629019675825605
700.364379 0.39594348617491504
701.12506 0.39594348617491504
701.853222 0.39585680852908
702.579294 0.39585680852908
703.305735 0.39603016382075096
704.042764 0.39603016382075096
704.771964 0.39585680852908
705.520733 0.39568345323741005
706.274922 0.39603016382075096
707.006319 0.395596775591575
707.735763 0.39594348617491504
708.461242 0.39603016382075096
709.197809 0.39603016382075096
709.926178 0.39585680852908
710.654414 0.39603016382075096
711.402153 0.396116841466586
712.180914 0.39594348617491504
712.907278 0.39603016382075096
713.636694 0.39568345323741005
714.367778 0.396116841466586
715.09795 0.39603016382075096
715.824845 0.39603016382075096
716.551273 0.396116841466586
717.301345 0.39568345323741005
718.066345 0.39594348617491504
718.808195 0.39594348617491504
719.52931 0.39603016382075096
720.255055 0.39603016382075096
720.977748 0.39603016382075096
721.700065 0.39629019675825605
722.421642 0.395596775591575
723.194274 0.39568345323741005
723.935932 0.395770130883245
724.658385 0.396203519112421
725.385859 0.39594348617491504
726.106926 0.396203519112421
726.827795 0.39594348617491504
727.548738 0.396116841466586
728.277681 0.395596775591575
729.042507 0.395250065008234
729.790945 0.39568345323741005
730.515651 0.39603016382075096
731.249601 0.39585680852908
731.989256 0.39594348617491504
732.721731 0.39585680852908
733.44972 0.39568345323741005
734.175174 0.39594348617491504
734.922263 0.39603016382075096
735.666893 0.39585680852908
736.402333 0.395596775591575
737.126927 0.39585680852908
737.850622 0.39585680852908
738.574251 0.39585680852908
739.308382 0.395770130883245
740.033387 0.396116841466586
740.782248 0.39594348617491504
741.551228 0.39594348617491504
742.304427 0.395770130883245
743.031194 0.395770130883245
743.756138 0.395770130883245
744.506344 0.395770130883245
745.230133 0.39585680852908
745.954128 0.395770130883245
746.699912 0.39585680852908
747.476539 0.39585680852908
748.223764 0.395596775591575
748.946551 0.39585680852908
749.668301 0.395770130883245
750.401221 0.395770130883245
751.124644 0.395770130883245
751.849457 0.39585680852908
752.600747 0.39585680852908
753.35033 0.39585680852908
754.072912 0.39594348617491504
754.795947 0.396116841466586
755.529081 0.39594348617491504
756.25069 0.39585680852908
756.977518 0.39594348617491504
757.700391 0.395596775591575
758.463883 0.39551009794574
759.229052 0.39585680852908
759.955168 0.39594348617491504
760.685642 0.39594348617491504
761.411301 0.39585680852908
762.135333 0.395770130883245
762.858359 0.395770130883245
763.583718 0.39585680852908
764.304941 0.39594348617491504
765.047511 0.395596775591575
765.769994 0.395250065008234
766.500993 0.395770130883245
767.223404 0.39585680852908
767.947637 0.39585680852908
768.666202 0.39603016382075096
769.391391 0.396203519112421
770.134779 0.395770130883245
770.899432 0.39568345323741005
771.623526 0.39603016382075096
772.359019 0.395770130883245
773.088145 0.39585680852908
773.818925 0.39585680852908
774.56691 0.39594348617491504
775.301036 0.39594348617491504
776.035154 0.39585680852908
776.817334 0.395596775591575
777.566759 0.39594348617491504
778.313687 0.39594348617491504
779.055522 0.395770130883245
779.781651 0.395596775591575
780.503377 0.39551009794574
781.228669 0.39568345323741005
781.949048 0.39585680852908
782.726351 0.39585680852908
783.474935 0.39594348617491504
784.195977 0.39568345323741005
784.918036 0.395770130883245
785.643455 0.39551009794574
786.374273 0.395596775591575
787.101338 0.395596775591575
787.822072 0.39542342029990496
788.567069 0.39542342029990496
789.306204 0.395596775591575
790.048735 0.395596775591575
790.806634 0.39568345323741005
791.544504 0.39568345323741005
792.275932 0.39568345323741005
792.998689 0.39551009794574
793.728883 0.395163387362399
794.49408 0.395250065008234
795.23933 0.395596775591575
795.963173 0.39594348617491504
796.692308 0.39568345323741005
797.415206 0.39568345323741005
798.135777 0.395596775591575
798.860359 0.39551009794574
799.602716 0.39568345323741005
800.345022 0.395596775591575
801.089882 0.39568345323741005
801.826223 0.395596775591575
802.555611 0.395596775591575
803.290604 0.395596775591575
804.024112 0.39568345323741005
804.764882 0.39533674265406904
805.523745 0.39585680852908
806.281947 0.395250065008234
807.047097 0.39585680852908
807.787064 0.395596775591575
808.529315 0.395770130883245
809.262427 0.395770130883245
810.006894 0.39568345323741005
810.744189 0.395770130883245
811.503761 0.39568345323741005
812.262366 0.39551009794574
813.005879 0.395596775591575
813.745423 0.39585680852908
814.488395 0.39585680852908
815.225459 0.39585680852908
815.96596 0.39585680852908
816.699078 0.39568345323741005
817.443642 0.39551009794574
818.235334 0.39551009794574
818.988379 0.395250065008234
819.721596 0.39551009794574
820.455282 0.39551009794574
821.193287 0.39542342029990496
821.925545 0.39542342029990496
822.652968 0.39551009794574
823.388734 0.39568345323741005
824.161357 0.395770130883245
824.909752 0.39542342029990496
825.637503 0.395770130883245
826.375132 0.395596775591575
827.103786 0.39568345323741005
827.833548 0.395596775591575
828.561812 0.39568345323741005
829.299793 0.39551009794574
830.072385 0.39542342029990496
830.803435 0.395163387362399
831.537666 0.395770130883245
832.270125 0.39551009794574
833.000426 0.39551009794574
833.731363 0.39542342029990496
834.472207 0.39551009794574
835.225565 0.395770130883245
835.979823 0.39542342029990496
836.707258 0.39533674265406904
837.448937 0.39551009794574
838.178328 0.39551009794574
838.912253 0.39551009794574
839.64203 0.39551009794574
840.371778 0.39533674265406904
841.16744 0.39568345323741005
841.917274 0.39542342029990496
842.668008 0.395596775591575
843.396481 0.395250065008234
844.121917 0.395250065008234
844.858544 0.39542342029990496
845.596518 0.39542342029990496
846.34885 0.39542342029990496
847.097345 0.395596775591575
847.851233 0.395596775591575
848.58595 0.39542342029990496
849.316015 0.395596775591575
850.046997 0.39551009794574
850.78461 0.395596775591575
851.514183 0.395596775591575
852.26748 0.39551009794574
853.063039 0.39542342029990496
853.824483 0.395250065008234
854.557018 0.395596775591575
855.286793 0.395596775591575
856.017143 0.39551009794574
856.755632 0.39551009794574
857.48763 0.395250065008234
858.2403 0.39533674265406904
858.992422 0.39533674265406904
859.722941 0.395596775591575
860.459159 0.39533674265406904
861.187254 0.39542342029990496
861.919929 0.39533674265406904
862.647217 0.39533674265406904
863.372854 0.395250065008234
864.119475 0.39533674265406904
864.892827 0.395163387362399
865.639788 0.39542342029990496
866.368671 0.395250065008234
867.099626 0.39551009794574
867.827075 0.39542342029990496
868.550777 0.39542342029990496
869.272545 0.39542342029990496
870.007202 0.39542342029990496
870.759147 0.39551009794574
871.489699 0.394990032070729
872.216709 0.39542342029990496
872.954576 0.39533674265406904
873.690198 0.39551009794574
874.419529 0.395596775591575
875.149847 0.395596775591575
875.901809 0.39542342029990496
876.673418 0.39551009794574
877.420767 0.394990032070729
878.155227 0.395250065008234
878.881387 0.39551009794574
879.608081 0.39542342029990496
880.334313 0.39533674265406904
881.070418 0.39551009794574
881.799914 0.39533674265406904
882.570447 0.395163387362399
883.322808 0.39533674265406904
884.049774 0.395596775591575
884.775363 0.39542342029990496
885.501516 0.39551009794574
886.253576 0.395596775591575
886.978617 0.39533674265406904
887.706429 0.395250065008234
888.475913 0.395250065008234
889.234954 0.395250065008234
889.963789 0.394990032070729
890.68941 0.395250065008234
891.416117 0.39542342029990496
892.154443 0.39533674265406904
892.882314 0.39551009794574
893.609461 0.395596775591575
894.390394 0.39542342029990496
895.142369 0.395163387362399
895.869585 0.395250065008234
896.599711 0.39551009794574
897.337701 0.39533674265406904
898.065435 0.39533674265406904
898.793962 0.395250065008234
899.523551 0.395163387362399
900.303565 0.394990032070729
901.055593 0.39507670971656395
901.782262 0.395163387362399
902.521912 0.395250065008234
903.252108 0.395250065008234
903.981283 0.395250065008234
904.710602 0.39542342029990496
905.440653 0.395163387362399
906.234121 0.395163387362399
906.983692 0.394903354424894
907.709244 0.39533674265406904
908.443729 0.395250065008234
909.167962 0.395250065008234
909.892015 0.395163387362399
910.622706 0.39507670971656395
911.372583 0.395250065008234
912.122751 0.39507670971656395
912.846979 0.395250065008234
913.583878 0.395163387362399
914.309012 0.395250065008234
915.038703 0.395163387362399
915.763668 0.395163387362399
916.497139 0.395163387362399
917.265614 0.395163387362399
918.032939 0.395163387362399
918.761674 0.395163387362399
919.491308 0.39507670971656395
920.216586 0.395163387362399
920.941221 0.395250065008234
921.672932 0.395163387362399
922.39979 0.39507670971656395
923.149785 0.395250065008234
923.917185 0.395250065008234
924.654736 0.395250065008234
925.383696 0.394990032070729
926.111507 0.39507670971656395
926.839202 0.39507670971656395
927.570516 0.39507670971656395
928.300047 0.395163387362399
929.047634 0.39507670971656395
929.823964 0.39507670971656395
930.549676 0.395250065008234
931.286254 0.394990032070729
932.011856 0.395163387362399
932.754783 0.395163387362399
933.480126 0.395163387362399
934.206068 0.39507670971656395
934.975179 0.39507670971656395
935.734411 0.394903354424894
936.486174 0.39507670971656395
937.212385 0.39507670971656395
937.944185 0.395163387362399
938.675978 0.395163387362399
939.405322 0.395163387362399
940.131067 0.395163387362399
940.869008 0.395163387362399
941.642999 0.395163387362399
942.395994 0.395163387362399
943.125957 0.395163387362399
