time nnz
230.875272 3828
303.172134 3741
556.456989 4711
659.236639 3854
723.920017 2195
779.720781 1748
1008.793246 2197
1066.354055 1886
1115.524053 1578
1161.608377 1436
1203.958818 1334
1244.345952 1269
1283.17826 1216
1451.00823 1373
1492.431459 1302
1531.896243 1236
1570.248007 1198
1607.829203 1173
1645.12798 1158
1681.796759 1143
1718.177381 1132
1754.46377 1129
1790.432843 1117
1826.290461 1107
1861.641603 1094
1897.323885 1088
1932.464575 1083
1967.48938 1082
2002.384402 1077
2037.143574 1073
