time nnz
301.263042 198131
451.646421 187790
602.19398 188717
752.139243 196537
903.658029 198933
1058.57815 197774
1213.145123 198258
1367.878284 198302
1537.699698 198239
1687.581112 198067
1852.357727 198314
2011.310722 198493
2180.195274 198168
2332.243503 197752
2485.420488 196716
2637.298063 195748
2805.957825 195584
2984.480864 194925
3147.193034 194854
3312.710725 194498
3471.084421 194595
3638.336844 194599
3804.889027 194744
3971.677262 194607
4134.427929 194236
4294.778715 194771
4461.439845 194726
4627.782808 194756
4793.761682 194273
4956.325376 193947
5123.874393 193719
5295.458191 193745
5466.387883 193801
5638.36564 193859
5804.60261 193564
5969.122842 193252
6140.058435 193047
6312.453315 193256
6483.043246 193187
6650.374037 193175
6810.899791 192734
6977.522231 192633
7145.317098 192327
7316.746709 192592
7484.316057 192510
7647.198466 192600
7818.628587 192224
7990.817573 192115
8162.078147 191962
8330.982914 191916
8493.515927 191731
8665.659185 191635
8837.092119 191490
9008.738597 191432
9176.944556 191179
9338.496947 191055
9509.603098 190785
9680.010043 190557
9850.526729 190239
10020.704477 190033
10180.575028 189787
10351.250125 189620
10517.474901 189333
10686.72303 189111
10857.484725 188819
11017.126079 188589
11186.193305 188337
11357.353537 188109
11528.698888 187761
11700.132224 187514
11859.510443 187163
12027.723437 186866
12197.689473 186473
12368.50214 186188
12538.923793 185858
12699.537365 185442
12868.155603 184980
13039.281355 184689
13209.58192 184375
13379.619082 184116
13540.368849 183740
13709.106165 183294
13879.566652 182826
14050.898763 182413
