time nnz
301.263042 198131
451.646421 187790
602.19398 188717
752.139243 196537
903.658029 198933
1058.57815 197774
1213.145123 198258
1367.878284 198302
1537.699698 198239
1687.581112 198067
1852.357727 198314
2011.310722 198493
2180.195274 198168
2332.243503 197752
2485.420488 196716
2637.298063 195748
2805.957825 195584
2984.480864 194925
3147.193034 194854
3312.710725 194498
3471.084421 194595
3638.336844 194599
3804.889027 194744
3971.677262 194607
4134.427929 194236
4294.778715 194771
4461.439845 194726
4627.782808 194756
4793.761682 194273
4956.325376 193947
5123.874393 193719
5295.458191 193745
5466.387883 193801
5638.36564 193859
5804.60261 193564
5969.122842 193252
6140.058435 193047
6312.453315 193256
6483.043246 193187
6650.374037 193175
6810.899791 192734
6977.522231 192633
7145.317098 192327
7316.746709 192592
7484.316057 192510
7647.198466 192600
7818.628587 192224
7990.817573 192115
8162.078147 191962
