time nnz
105.156562 99367
171.058287 99367
237.008456 99366
302.991366 99366
368.873033 99366
434.688676 99364
500.649587 99363
567.143737 99359
633.704265 99357
700.197384 99355
767.012139 99350
832.958597 99339
898.868342 99331
965.14558 99331
1031.525667 99316
1097.848633 99308
1164.091094 99289
1230.282577 99288
1296.416126 99281
1362.420779 99266
1428.328437 99227
1494.173304 99224
1560.052947 99215
1625.549543 99215
1691.134002 99208
1756.813645 99179
1821.926359 99131
1886.975688 99108
1951.937166 99087
2016.868779 99079
2081.817044 99076
2146.687046 99057
2211.646063 99042
2276.577042 99016
2341.375842 98956
2406.150115 98748
2470.701623 98618
2535.266776 98602
2599.715608 98569
2664.103364 98502
2728.668983 98456
2793.002607 98375
2857.164164 98173
2921.1481 97875
2984.971815 97824
3048.865014 97724
3112.496422 97638
3176.367311 97597
3239.872493 97520
3303.389341 97383
3366.552501 97031
3430.167914 96807
3492.873738 95837
3555.673725 95741
3618.209177 95714
3680.443546 95648
3742.411649 95503
3804.66202 95166
3866.233056 94723
3927.63246 94511
3988.906798 94382
4050.120535 94306
4111.282934 94263
4172.35209 93915
4233.059769 93279
4293.160157 92457
4352.601316 91155
4411.855827 90949
4470.841599 90722
4529.840475 90678
4588.697873 90514
4647.166299 90056
4705.468129 89614
4763.480812 89047
4821.155783 87956
4878.211533 87244
4934.753863 86417
4990.855468 86062
5046.671376 85740
5102.69898 85571
5157.943016 85005
5212.856562 84414
5267.065726 82981
5321.309738 82959
5375.191881 82957
5428.921611 82520
5482.366164 81974
5535.425754 81433
5588.038278 80897
5640.663567 80253
5691.943181 78508
5742.321272 77038
5792.569785 76900
5842.584596 76791
5892.508181 76726
5942.261874 76351
5991.596878 75866
6040.672441 75261
6088.660837 73646
6137.950699 72854
6186.88999 72639
6235.40148 72068
6283.982616 71973
6332.091078 71486
6379.52806 70678
6425.351241 69812
6469.632841 67618
6513.754898 66947
6557.280582 65947
6600.249602 65499
6643.206643 65298
6685.949859 65189
6728.454024 64629
6770.484786 64042
6812.053954 63358
6852.960978 62218
6893.694545 61923
6934.009753 61286
6974.156765 61198
7014.025361 60739
7053.663742 60295
7093.045092 59946
7132.132614 59401
7170.476395 58289
7208.305149 57411
7245.665794 56525
7282.750886 56394
7319.61081 56298
7356.255819 55821
7392.625141 55408
7428.786393 54861
7464.489528 54264
7499.231681 52573
7533.808362 52494
7568.405811 52482
7602.943857 52475
7636.824583 51376
7670.086414 50380
7702.776288 49530
7735.283342 49330
7767.580809 48547
7799.502663 48382
7831.149315 48064
7862.583705 47667
7893.632035 47241
7924.431942 46804
7954.973112 45781
7985.05663 45345
8014.922826 45059
8044.751156 44968
8074.427253 44826
8104.015543 44787
8133.400551 44602
8162.660151 44422
8191.450169 43691
8220.054209 43082
8248.416741 42622
8276.464946 42183
8304.446311 42088
8331.956124 41722
8359.267598 41394
8386.362067 40803
8413.392178 40565
8440.174435 39914
8466.625807 39784
8492.779238 39581
8518.922857 39340
