time nnz
661.701075 198131
1487.004566 199831
2275.159548 199583
3112.075825 199814
3888.191809 199654
4721.857336 199842
5492.044385 199656
6325.89406 199835
7089.228069 199668
7910.354355 199829
8726.118581 199839
9476.594022 199719
10283.739867 199818
11026.423631 199721
11822.59667 199840
12616.061327 199830
13347.199019 199697
14134.392388 199847
14858.728567 199689
15820.383105 199835
16634.072695 199686
17521.302735 199817
18294.765933 199619
19164.330672 199789
19928.2057 199603
20854.515618 199734
21768.003691 199557
22738.21103 199647
23728.235121 199759
24634.442207 199606
25530.526328 199770
26264.362982 199593
27074.33982 199722
27815.921973 199577
28548.769667 199616
29321.060588 199757
30084.336667 199576
30801.635127 199560
31568.909542 199696
32267.798243 199511
33025.502786 199561
33817.134942 199697
34522.267882 199222
35377.210923 199631
36118.257275 199159
36821.083118 199518
37588.46653 199650
38299.208105 199457
39001.844541 199446
39704.133922 199506
40450.432904 199586
41074.998678 199101
41808.665365 199578
42432.062237 199039
43109.644986 199427
