time nnz
327.590802 99357
725.233127 99927
1085.343912 99838
1473.93712 99928
1833.446608 99868
2222.194759 99939
2584.413627 99893
2989.999762 99951
3353.517267 99889
3757.495364 99938
4155.021761 99940
4493.071525 99802
4891.454337 99953
5289.672854 99958
5665.812831 99897
6062.918075 99953
6431.136034 99897
6827.371478 99947
7194.199616 99899
7588.426206 99945
7954.148684 99880
8349.045892 99949
8714.444093 99899
9116.006678 99944
9488.390007 99881
9892.577498 99939
10236.267388 99815
10639.522087 99937
11013.468999 99906
11416.715466 99933
11759.287674 99801
12161.05921 99940
12532.675558 99884
12902.691686 99890
13299.880257 99935
13668.775493 99890
14038.109809 99892
14437.312861 99929
14777.339122 99776
15175.525711 99931
15514.298553 99765
15911.792638 99924
16220.559905 99652
16618.289465 99934
16956.690166 99778
17325.4449 99898
17723.290102 99936
18061.70552 99785
18459.362022 99914
18797.59897 99770
19269.117148 99860
19692.764316 99849
20290.174978 99914
