time nnz
3.844446 200
7.871525 397
12.108142 589
16.64218 787
21.645188 986
26.820736 1186
32.325564 1383
38.151715 1574
44.199006 1771
50.564896 1969
57.525693 2167
64.367513 2357
71.444286 2467
78.444648 2632
85.67921 2832
93.324679 2990
100.793024 3173
108.315224 3334
115.94482 2763
123.368434 2914
130.891842 3114
138.519202 3231
146.00081 3388
153.913906 3551
162.081123 3640
170.006084 3423
177.626338 3577
185.528745 2953
193.088448 3102
200.716087 3134
208.207222 3295
215.729139 3428
223.294722 3482
230.501167 3373
237.674338 2677
244.839452 2338
251.856048 2479
259.169705 2599
266.300708 2722
273.209791 2844
279.852527 2859
286.431634 2617
293.526736 2370
300.658972 2521
307.57189 2590
314.479571 2697
321.361423 2818
328.20087 2874
334.79422 2626
341.206669 2289
347.751042 2257
354.377499 2383
361.04194 2485
367.538 2571
373.382665 2547
379.084564 2255
385.18743 2082
391.763787 2134
397.940871 2242
403.952087 2209
410.267027 2278
416.165906 2317
422.080431 2314
427.840103 2199
433.311197 1845
439.6216 1894
445.799395 1998
451.994417 2122
458.271459 2133
464.481694 2158
470.188925 2151
475.576888 2003
480.827631 1711
486.886482 1784
492.946448 1877
498.885678 1932
504.935948 1997
510.347737 1968
515.549891 1780
520.687849 1637
526.51652 1569
532.404539 1658
538.457119 1798
544.253236 1819
549.374549 1732
554.375256 1577
559.915228 1569
565.789419 1633
571.255623 1637
576.4217 1680
581.67355 1630
586.51332 1549
591.370199 1376
598.324989 1434
603.872935 1490
609.21853 1558
614.590808 1536
619.406614 1461
624.19327 1372
629.092752 1398
634.711918 1392
640.053968 1433
645.604575 1541
650.707792 1510
655.450432 1428
660.239603 1353
665.263374 1328
671.845736 1360
676.863303 1362
681.943276 1393
686.556526 1342
691.120375 1283
695.919056 1262
700.776436 1273
705.782063 1305
710.919762 1314
715.82352 1319
720.749985 1331
725.388427 1308
730.010026 1280
734.828566 1241
739.466596 1246
744.541612 1274
750.758114 1307
755.501887 1276
760.278378 1287
765.178165 1293
770.081003 1285
774.64853 1258
779.206921 1208
783.796636 1213
788.526689 1230
793.400455 1268
798.235014 1292
803.124512 1269
807.737644 1257
812.317595 1226
816.875458 1182
821.60246 1188
826.258166 1203
831.085737 1239
836.250929 1264
840.867589 1232
845.414735 1201
849.936795 1168
854.569627 1173
859.169742 1187
863.670072 1179
868.206944 1175
872.905411 1170
877.40007 1157
881.915387 1150
886.459776 1152
891.027954 1162
895.544539 1172
900.117966 1176
904.786344 1164
909.243603 1145
913.727108 1128
918.394351 1139
923.088848 1155
927.612458 1153
932.17144 1156
936.656025 1146
941.325456 1132
945.840211 1116
950.436932 1129
955.006207 1133
959.555945 1131
964.126287 1147
968.705791 1145
973.428869 1140
977.949087 1128
982.447894 1113
987.002584 1119
991.580758 1127
996.113611 1137
1000.597169 1133
1005.076039 1124
1009.707796 1124
1014.215991 1118
1018.73099 1103
1023.319937 1110
1028.007961 1126
1032.51017 1125
1037.097621 1126
1041.790528 1121
1046.28781 1116
1050.79391 1113
1055.303127 1105
1059.818047 1106
1064.332627 1109
1068.829688 1112
1073.369318 1114
1078.085125 1117
1082.472747 1114
1086.827661 1106
1091.248632 1096
1095.742834 1101
1100.121028 1104
1104.575134 1109
1109.157244 1104
1113.584767 1101
1118.011957 1096
1122.462907 1092
1126.928526 1092
1131.386015 1098
1135.841762 1100
1140.305597 1099
1144.932177 1097
1149.385958 1096
1153.887872 1098
1158.342255 1096
1162.768316 1096
1167.151845 1095
1171.599668 1093
1176.135276 1094
1180.820731 1093
1185.292319 1090
1189.745022 1091
1194.177723 1090
1198.569124 1089
1202.909547 1090
1207.286781 1089
1211.853036 1089
1216.23525 1090
1220.615856 1088
1225.009972 1091
1229.416826 1091
1233.75834 1091
1238.099815 1091
1242.501399 1091
1247.063638 1090
1251.43717 1091
1255.84224 1091
1260.244514 1090
1264.692266 1091
1269.054934 1092
1273.438021 1095
1277.814371 1091
1282.396881 1093
1286.773888 1090
1291.146823 1087
1295.567936 1088
1300.014877 1090
1304.443549 1094
1308.803854 1092
1313.180215 1092
1317.749881 1093
1322.131533 1092
1326.523386 1090
1330.917013 1082
1335.278252 1083
1339.64802 1085
1344.047688 1086
1348.593083 1087
1352.970671 1086
1357.352972 1085
1361.749276 1086
1366.15105 1086
1370.560248 1087
1374.937718 1087
1379.367659 1084
1383.96957 1083
1388.415002 1083
1392.82677 1083
1397.192791 1083
1401.615659 1082
1405.978528 1082
1410.370049 1084
1414.858384 1086
1419.533527 1086
1423.989118 1086
1428.436122 1089
1432.853338 1086
1437.265166 1084
1441.664902 1085
1446.045721 1083
1450.54488 1083
1455.140119 1083
1459.519514 1083
1463.881429 1083
1468.243918 1080
1472.635707 1080
1477.019482 1082
1481.408847 1083
1485.986813 1081
1490.349569 1081
1494.707185 1080
1499.096872 1080
1503.502349 1080
1507.852216 1080
1512.169963 1081
1516.54403 1080
1521.091208 1079
1525.450386 1079
1529.816314 1079
1534.217232 1079
1538.642682 1080
1543.001931 1081
1547.336291 1082
1551.684002 1081
1556.226012 1081
1560.583448 1081
1564.950169 1080
1569.316902 1079
1573.742074 1079
1578.14912 1081
1582.530711 1081
1586.943356 1081
1591.513759 1081
1595.922407 1080
1600.356909 1080
1604.818208 1080
1609.218694 1079
1613.629202 1079
1618.0451 1079
1622.644586 1079
1627.060101 1078
1631.515993 1079
1636.019723 1082
1640.462893 1082
1644.822087 1082
1649.174025 1079
1653.581436 1077
1658.194787 1077
1662.699242 1077
1667.125037 1078
1671.531486 1078
1675.904209 1078
1680.217072 1078
1684.549849 1077
1688.95461 1077
1693.578247 1079
1697.943719 1077
1702.320861 1077
1706.693605 1077
1711.069772 1077
1715.375448 1077
1719.726033 1077
1724.091407 1077
1728.644731 1077
1733.071612 1077
1737.494698 1077
1741.899443 1078
1746.242994 1078
1750.537933 1078
1754.893372 1078
1759.459278 1077
1763.848184 1077
1768.320787 1077
1772.799824 1079
1777.226081 1079
1781.616689 1077
1785.956071 1077
1790.359766 1077
1794.97014 1077
1799.408106 1077
1803.895268 1078
1808.299844 1078
1812.728611 1079
1817.092459 1078
1821.456501 1077
1825.860955 1077
1830.493672 1077
1834.91385 1077
1839.426156 1079
1843.813512 1079
1848.184485 1077
1852.490691 1077
1856.826325 1077
1861.19679 1077
1865.752821 1078
1870.153288 1079
1874.562713 1079
1878.923791 1077
1883.28422 1077
1887.571996 1077
1891.945647 1077
1896.503836 1077
1900.861204 1077
1905.228086 1077
1909.617928 1077
1914.017965 1077
1918.35819 1078
1922.636238 1077
1927.001246 1077
1931.5397 1077
1936.003301 1077
1940.362147 1077
1944.714075 1077
1949.10859 1077
1953.471792 1077
1957.825201 1077
1962.226905 1077
1966.795583 1077
1971.208959 1077
1975.653582 1077
1980.06756 1077
1984.482105 1077
1988.837898 1077
1993.215852 1077
1997.622157 1076
2002.317253 1076
2006.724191 1076
2011.176158 1076
2015.612976 1076
2020.008972 1076
2024.345578 1076
2028.816071 1076
2033.414167 1077
2037.895707 1077
2042.294635 1077
2046.680271 1077
2051.045897 1077
2055.374804 1077
2059.673165 1076
2064.066216 1076
2068.706277 1076
2073.07559 1076
2077.442474 1076
2081.812261 1076
2086.18602 1076
2090.492602 1076
2094.838853 1076
2099.203585 1076
2103.866157 1076
2108.244354 1077
2112.607306 1077
2116.966007 1077
2121.327169 1076
2125.621806 1076
2129.946823 1076
2134.303211 1076
2138.898124 1076
2143.284811 1076
2147.637139 1076
2152.037481 1076
2156.442069 1076
2160.791483 1076
2165.181233 1076
2169.582068 1076
2174.194621 1076
2178.633503 1076
2183.037445 1076
2187.445132 1076
2191.839882 1076
2196.185717 1076
2200.591725 1076
2205.180217 1076
2209.583245 1076
2214.025272 1076
2218.42141 1076
2222.829674 1076
2227.145997 1076
2231.445088 1076
2235.800015 1076
2240.369571 1076
2244.767298 1076
2249.192409 1076
2253.624731 1076
2258.02449 1076
2262.31865 1076
2266.640992 1076
2271.00241 1076
2275.544199 1076
2279.949676 1076
2284.351936 1076
2288.713021 1076
2293.069844 1076
2297.361872 1076
2301.691373 1076
2306.057255 1076
2310.643842 1076
2314.992556 1076
2319.403772 1076
2323.782992 1076
2328.139846 1076
2332.442348 1076
2336.81944 1076
2341.395592 1076
2345.765289 1076
2350.167353 1076
2354.596101 1076
2359.016371 1076
2363.399442 1076
2367.737751 1076
2372.167606 1076
2376.745814 1076
2381.153879 1076
2385.555783 1076
2390.027777 1076
2394.451431 1077
2398.799773 1076
2403.176661 1076
2407.539011 1076
2412.076477 1076
2416.458141 1076
2420.830075 1076
2425.239538 1076
2429.679216 1076
2433.964391 1076
2438.291131 1076
2442.643522 1076
2447.185866 1076
2451.54195 1076
2455.914823 1076
2460.295738 1076
2464.637171 1076
2468.939458 1076
2473.312364 1076
2477.66957 1076
2482.176067 1076
2486.541524 1076
2490.918074 1076
2495.299659 1076
2499.651707 1076
2503.999472 1076
2508.377446 1076
2512.94774 1076
2517.326255 1076
2521.697253 1076
2526.044866 1076
2530.389703 1076
2534.726372 1076
2539.064907 1076
2543.42598 1076
2547.94988 1076
2552.291318 1076
2556.641999 1076
2560.980696 1076
2565.355133 1076
2569.709726 1076
2574.000335 1076
2578.330623 1076
2582.861649 1076
2587.196664 1076
2591.555691 1076
2595.956401 1076
2600.324411 1076
2604.660214 1076
2608.994922 1076
2613.353284 1076
2617.902963 1076
2622.309221 1076
2626.722139 1076
2631.130975 1076
2635.519067 1076
2639.816695 1076
2644.149663 1076
2648.483127 1076
2653.042564 1076
2657.396549 1076
2661.790727 1076
2666.176856 1076
2670.502286 1076
2674.77471 1076
2679.131667 1076
2683.660715 1076
2688.012528 1076
2692.394101 1076
2696.737591 1076
2701.087608 1076
2705.400489 1076
2709.663592 1076
2713.995533 1076
2718.527519 1076
2722.917438 1076
2727.303865 1076
2731.693619 1076
2736.091601 1076
2740.421489 1076
2744.728097 1076
2749.091241 1076
2753.645421 1076
2758.027969 1076
2762.428649 1076
2766.889148 1076
2771.294128 1076
2775.604855 1076
2779.91365 1076
2784.260416 1076
2788.79334 1076
2793.159451 1076
2797.504502 1076
2801.92326 1076
2806.266112 1076
2810.563527 1076
2814.858437 1076
2819.187658 1076
2823.707855 1076
2828.088922 1076
2832.441001 1076
2836.8267 1076
2841.183185 1076
2845.451202 1076
2849.771018 1076
2854.105065 1076
2858.631461 1076
2863.006926 1076
2867.406122 1076
2871.83525 1076
2876.188714 1076
2880.490299 1076
2884.851697 1076
2889.411422 1076
2893.780134 1076
2898.206262 1076
2902.640345 1076
2907.047948 1076
2911.367952 1076
2915.642675 1076
2919.972357 1076
2924.523827 1076
2928.877503 1076
2933.25726 1076
2937.630635 1076
2941.980875 1076
2946.274938 1076
2950.565031 1076
2954.901466 1076
2959.46974 1076
2963.847187 1076
2968.190316 1076
2972.530715 1076
2976.879632 1076
2981.198351 1076
2985.534509 1076
2989.935812 1076
2994.533026 1076
2998.969691 1076
3003.338984 1076
3007.784358 1076
3012.147019 1076
3016.476934 1076
3020.840676 1076
3025.19699 1076
3029.78056 1076
3034.202275 1076
3038.553012 1076
3042.904806 1076
3047.242317 1076
3051.51447 1076
3055.849083 1076
3060.411866 1076
3064.823306 1076
3069.175112 1076
3073.527372 1076
3077.948173 1076
3082.932241 1076
3087.21972 1076
3091.589972 1076
3096.148754 1076
3100.65435 1076
3105.812664 1076
3111.250985 1076
3116.580586 1076
3121.869289 1076
3126.287335 1076
3131.495138 1076
3136.246198 1076
3141.24796 1076
3145.708267 1076
3150.041258 1076
3155.145064 1076
3160.220558 1076
3165.368813 1076
3170.494291 1076
3175.59985 1076
3180.770026 1076
