time nnz
1.060738 200
2.203588 396
3.52095 595
5.152702 795
7.152031 995
9.393512 1194
11.87735 1394
14.617628 1586
17.651174 1772
21.084935 1972
24.614755 2172
28.30942 2291
32.174229 2434
36.101748 2567
40.360718 2694
44.739214 2856
49.152606 3052
53.666453 3218
59.021645 3169
63.911736 2939
68.419486 3107
72.874143 3146
77.313958 3287
82.073795 3475
87.064936 3637
92.018952 3649
96.942309 3371
101.586913 3030
105.926228 3196
110.411386 3381
114.985509 3475
119.688108 3618
124.346599 3690
129.060636 3655
133.777988 3058
138.133072 3176
142.71453 3300
147.055553 3466
151.575392 3507
155.747045 3539
159.817336 3240
163.827546 2724
167.857515 2558
171.835064 2723
175.92245 2899
179.850248 2974
184.033231 3110
187.819021 3083
191.842688 3027
195.897367 2878
199.761397 2554
203.74371 2663
207.702884 2650
211.518847 2792
215.371917 2812
218.573494 2732
221.648251 2392
225.214297 2471
228.975477 2553
232.744065 2670
236.85119 2460
240.617956 2519
244.227124 2548
248.034188 2616
251.433512 2584
254.52205 2333
257.538798 2042
260.810819 2136
264.027519 2252
267.323177 2248
270.800627 2317
273.816352 2320
276.478127 2243
279.358479 2020
282.565368 2085
285.853122 1891
289.059906 2020
292.495052 2058
295.711743 2152
298.555915 2132
301.106586 1955
303.647663 1734
306.694432 1813
309.526073 1891
312.586413 1852
315.60261 1901
318.69152 1909
321.214349 1878
323.615799 1730
326.1628 1631
328.870173 1697
331.586627 1720
334.190424 1750
336.654662 1679
338.85017 1592
340.99999 1497
345.309954 1625
348.15524 1689
351.052223 1781
353.570761 1658
356.069863 1629
358.345942 1579
360.474112 1489
362.717068 1506
365.38809 1551
368.061822 1629
370.529979 1619
372.609345 1557
374.726522 1474
377.140658 1426
379.27909 1426
381.68097 1489
383.92674 1412
386.044381 1421
388.250519 1431
390.074497 1398
392.078463 1380
394.047483 1392
396.087843 1387
398.092448 1372
400.274246 1391
402.494069 1393
404.589575 1386
406.574285 1375
408.626194 1351
410.70487 1357
414.412132 1391
417.791207 1441
420.268707 1504
422.70596 1526
424.922423 1464
426.961565 1408
428.932435 1367
430.802384 1293
432.804208 1259
435.102063 1289
437.079988 1308
438.921781 1294
440.694397 1272
442.48411 1237
444.311831 1244
446.423431 1262
448.499571 1270
450.674804 1283
452.58129 1254
454.42617 1245
456.309636 1235
459.266974 1244
462.559566 1250
464.3157 1209
466.310991 1216
468.434692 1234
470.567824 1248
472.696177 1234
474.760193 1217
476.765671 1218
478.540272 1215
480.498138 1215
482.482612 1184
484.436845 1193
486.47151 1193
488.477127 1187
490.370391 1185
492.17133 1173
493.984105 1169
495.791268 1175
497.802681 1166
499.56126 1172
501.395634 1171
503.1637 1166
504.893405 1161
506.614438 1161
508.37255 1152
510.030415 1143
512.030107 1144
513.968482 1152
515.711622 1146
517.494405 1142
519.3616 1136
521.239617 1134
523.036275 1140
524.797605 1144
526.63274 1135
528.645331 1131
530.330929 1126
533.327795 1132
535.149515 1132
536.872238 1123
538.879096 1134
540.66149 1129
542.614626 1127
544.278908 1121
546.037158 1119
547.793811 1118
549.709363 1134
551.550748 1150
553.297116 1125
555.074565 1126
556.836199 1121
558.748816 1116
560.578646 1109
563.566612 1117
565.341558 1118
567.137965 1121
568.893301 1112
570.597453 1109
572.467813 1110
574.273902 1102
576.024702 1107
577.772079 1097
579.664712 1104
581.38241 1101
583.413829 1101
585.144192 1100
586.962764 1101
588.808271 1097
590.557029 1099
592.343171 1103
594.208414 1111
595.955105 1117
597.776407 1109
599.576805 1109
601.262169 1112
603.067692 1102
604.874131 1103
606.561736 1106
608.446 1102
610.072671 1099
611.747258 1099
613.475034 1095
615.273552 1096
616.966139 1091
618.650889 1090
620.403824 1089
622.140819 1089
623.864848 1091
625.624131 1092
627.325236 1089
629.104553 1090
630.84582 1087
632.603093 1088
634.397673 1090
636.186881 1092
637.858502 1090
639.626848 1087
641.466526 1093
643.267411 1089
646.406185 1096
648.151322 1090
649.851306 1089
651.515617 1087
653.365639 1091
654.989253 1094
656.669639 1088
659.495915 1093
661.136513 1090
662.875276 1093
664.634995 1091
666.396192 1091
668.127483 1090
669.741859 1097
671.442184 1093
673.218853 1093
674.906118 1088
676.495185 1085
678.345314 1090
680.12107 1094
681.805914 1092
683.562898 1089
685.306217 1086
687.053331 1086
688.712173 1084
690.546809 1085
692.505693 1084
694.230061 1084
696.045207 1085
697.992109 1086
699.970618 1085
701.786565 1084
703.497596 1082
705.231485 1082
706.988269 1079
708.716501 1079
710.368376 1080
712.057327 1081
713.786013 1081
715.473511 1081
717.312233 1079
719.152202 1079
720.91161 1081
722.605083 1079
724.300011 1080
726.115997 1081
727.73604 1078
729.474944 1078
731.135265 1079
732.99407 1080
734.629892 1079
736.322129 1079
738.013055 1080
739.775053 1080
741.433433 1080
743.114321 1080
744.889762 1081
746.583596 1081
748.322332 1081
750.236956 1082
752.152297 1081
754.054752 1082
755.725603 1082
757.614313 1083
759.398986 1084
761.280963 1084
763.076541 1084
764.847733 1084
766.568572 1082
768.271413 1082
770.077202 1083
771.753456 1083
773.500156 1083
775.250753 1081
777.12776 1081
778.839685 1082
780.467785 1084
782.225704 1083
783.987247 1081
785.85164 1081
787.762261 1081
789.719513 1081
791.501923 1081
793.3626 1081
795.212777 1081
797.117844 1083
798.948454 1083
800.554486 1083
802.279103 1083
803.829481 1083
805.528662 1084
807.098163 1084
808.834803 1086
810.679468 1083
812.588986 1084
814.394564 1084
816.358021 1085
818.180532 1086
819.983918 1085
821.863555 1085
823.676951 1085
825.472559 1085
827.176936 1086
828.886363 1086
830.699676 1085
832.551664 1085
834.201171 1083
835.939929 1083
837.727372 1082
839.547163 1082
841.348697 1081
843.106661 1081
844.816266 1081
846.467263 1081
848.368636 1082
850.085852 1081
851.728992 1081
853.414458 1081
855.190266 1081
856.956883 1082
858.724545 1082
860.65508 1081
862.402558 1080
864.355377 1081
866.184679 1081
868.019188 1081
869.821314 1080
871.60349 1079
873.383891 1079
875.128581 1080
876.873005 1079
878.610566 1079
880.438891 1079
882.216173 1079
884.106424 1079
885.908905 1079
887.762493 1079
889.526651 1080
891.310327 1079
893.113286 1080
894.783796 1079
896.491614 1080
898.117307 1080
899.934513 1080
901.634304 1081
903.52608 1081
905.20608 1080
906.869201 1081
908.571539 1079
910.491235 1078
912.260634 1077
914.01053 1077
915.679342 1077
917.538438 1077
919.359504 1078
921.123223 1080
922.853343 1078
924.493245 1078
926.255244 1078
927.967378 1078
929.786039 1079
931.723425 1080
933.451521 1079
935.286904 1079
936.955531 1078
938.733638 1078
940.524866 1079
942.134933 1078
943.751691 1077
945.6435 1078
947.37384 1077
949.051515 1077
950.678799 1077
952.46762 1078
954.1669 1078
955.918258 1078
957.662546 1077
959.413137 1077
961.085081 1077
962.757824 1077
964.427055 1078
966.012271 1078
967.799167 1077
969.459871 1077
971.219297 1077
972.982109 1077
974.837292 1076
976.564317 1077
978.447773 1075
980.259371 1075
981.904613 1075
983.762364 1075
985.583766 1075
987.292685 1075
989.030161 1075
990.692397 1076
992.521089 1078
994.381233 1078
996.006307 1078
997.801466 1078
999.528302 1077
1001.256781 1077
1003.020214 1077
1004.851783 1077
1006.623754 1077
1008.248879 1076
1009.853683 1076
1011.558856 1076
1013.16466 1077
1014.991796 1077
1016.719966 1077
1018.255787 1077
1020.016668 1077
1021.773064 1076
1023.493766 1075
1025.306368 1075
1027.053136 1076
1028.727409 1076
1030.533463 1077
1032.28635 1077
1033.989891 1077
1035.693962 1077
1037.449999 1076
1039.341254 1076
1041.174859 1076
1043.104331 1076
1044.851021 1076
1046.659084 1076
1048.321176 1076
1050.166175 1076
1051.928435 1077
1053.59772 1076
1055.303927 1077
1056.994394 1077
1058.686953 1076
1060.354844 1076
1061.949935 1077
1063.594681 1076
1065.389661 1076
1067.153895 1076
1068.847276 1077
1070.805758 1077
1072.541109 1078
1074.291987 1077
1075.984586 1078
1077.755785 1077
1079.635526 1075
1081.36897 1075
1083.248652 1076
1085.020321 1076
1086.832614 1075
1088.644588 1076
1090.283258 1076
1092.118203 1076
1093.907492 1075
1095.749874 1075
1097.668969 1075
1099.65047 1075
1101.410691 1076
1103.143248 1076
1104.928147 1075
1106.698111 1075
1108.423648 1076
1110.127025 1076
1111.966402 1075
1113.735095 1075
1115.378415 1075
1117.087655 1075
1118.878626 1075
1120.566034 1075
1122.225209 1075
1123.919379 1075
1125.581678 1075
1127.302352 1076
1129.097402 1078
1130.729923 1076
1132.472674 1076
1134.07123 1076
1135.803495 1076
1137.433657 1075
1139.416988 1075
1141.189892 1075
1143.107515 1075
1144.855988 1075
1146.550877 1075
1148.328222 1075
1150.2539 1075
1151.939938 1075
1153.718111 1075
1155.487859 1075
1157.329492 1074
1159.065498 1075
1160.889442 1075
1162.688449 1075
1164.393292 1075
1166.078151 1075
1167.853572 1075
1169.57797 1076
1171.283049 1076
1173.085306 1076
1174.810682 1076
1176.545742 1074
1178.288598 1074
1180.125352 1074
1181.859661 1074
1183.670523 1074
1185.464151 1074
1187.230559 1074
1188.952177 1075
1190.723011 1075
1192.439787 1074
1194.226176 1074
1195.846623 1075
1197.495585 1075
1199.263558 1075
1201.051704 1076
1202.781614 1075
1204.491964 1075
1206.370441 1075
1208.23948 1075
1210.241712 1075
1212.068967 1075
1213.744399 1075
1215.560545 1075
1217.314571 1075
1219.255871 1074
1220.938153 1074
1222.554699 1074
1224.359179 1074
1226.118815 1074
1227.820864 1075
1229.4911 1075
1231.088854 1075
1232.841601 1075
1234.622178 1074
1236.383365 1074
1238.099498 1073
1239.84986 1073
1241.52343 1073
1243.177677 1073
1244.915574 1073
1246.5804 1074
1248.318504 1073
1250.059827 1073
1251.696108 1073
1253.422822 1073
1255.200078 1074
1256.920762 1075
1258.656846 1075
1260.381083 1076
1262.165789 1076
1263.955164 1073
1265.810598 1073
1267.612409 1073
1269.369688 1073
1271.134466 1073
1272.938432 1073
1274.854153 1073
1276.521341 1073
1278.122456 1072
1280.21966 1072
1282.31816 1072
1284.293077 1073
1286.420292 1073
1288.715705 1073
1291.044302 1074
1293.217752 1074
1295.23668 1073
1297.346976 1073
1299.458258 1073
1301.741941 1073
1303.771023 1073
1305.76616 1073
1308.019788 1073
1310.510721 1073
1312.911051 1073
1315.617799 1073
1318.525345 1073
1320.880664 1073
1323.009338 1073
1325.142286 1073
1327.063829 1073
1329.183272 1073
1331.219607 1073
1333.16317 1073
1335.077349 1073
1336.943989 1073
1338.808034 1073
1340.59254 1073
1342.249244 1073
1344.161491 1073
1346.027019 1073
1347.885654 1073
1349.718347 1073
1351.822831 1073
1353.847626 1073
1355.830482 1073
1357.82402 1073
1359.681228 1073
1361.619959 1073
1363.485846 1073
1365.355263 1073
1367.124449 1073
1368.998356 1073
1370.83239 1074
1372.677385 1074
1374.457071 1073
1376.218583 1073
1378.164833 1074
1379.995071 1073
1381.955777 1074
1383.914371 1074
1385.885976 1074
1387.581332 1073
1389.296602 1073
1391.078016 1074
1392.890525 1075
1394.565026 1074
1396.334352 1074
1398.173789 1074
1399.782057 1075
1401.549944 1075
1403.138865 1075
1404.788179 1074
1406.495386 1074
1408.207367 1074
1409.954061 1075
1411.583817 1074
1413.344985 1075
1415.045505 1075
1416.895529 1075
1418.672915 1076
1420.362987 1076
1422.166779 1075
1423.887184 1075
1425.510713 1075
1427.383864 1075
1429.179 1075
1430.972942 1075
1432.772289 1075
1434.55413 1075
1436.2608 1075
1438.015371 1075
1439.901917 1075
1441.641292 1075
1443.389263 1075
1445.225622 1075
1446.935749 1075
1448.581235 1075
1450.262743 1075
1451.954874 1075
1453.857701 1075
1455.476625 1075
1457.197181 1075
1458.901638 1075
1460.596714 1075
1462.35949 1075
1464.026717 1075
1465.660775 1075
1467.295671 1075
1469.053489 1075
1470.886657 1075
1472.511878 1075
1474.20796 1075
1475.936771 1075
1477.774402 1075
1479.589167 1075
1481.261607 1075
1482.895325 1075
1484.602022 1075
1486.297715 1075
1488.118728 1075
1489.883691 1076
1491.883087 1076
1493.576069 1076
1495.296627 1076
1496.931396 1076
1498.6841 1076
1500.435804 1076
1502.136461 1076
1503.917705 1076
1505.509828 1076
1507.230931 1076
1508.848026 1076
1510.423792 1076
1512.238572 1076
1513.987457 1076
1515.622148 1076
1517.153863 1076
1518.87258 1076
1520.501721 1076
1522.184341 1076
1523.872976 1076
1525.477945 1076
1527.059433 1076
1528.662128 1076
1530.29783 1076
1532.299657 1076
1534.231119 1076
1535.824241 1076
1537.616505 1076
1539.362915 1076
1541.161441 1076
1542.891568 1076
1544.657107 1076
1546.278521 1077
1547.952141 1077
1549.629687 1077
1551.502221 1077
1553.183666 1077
1554.875953 1077
1556.704208 1077
1558.448246 1077
1560.133598 1077
1561.877724 1077
1563.535294 1077
1565.142925 1077
1566.85415 1077
1568.425145 1077
1570.115619 1077
1571.800872 1077
1573.404101 1077
1575.124651 1077
1576.658345 1077
1578.267625 1077
1579.963799 1077
1581.762762 1077
1583.439486 1077
1585.011518 1077
1586.702971 1077
1588.616153 1077
1590.573847 1077
1592.207136 1077
1594.053414 1077
1595.775687 1077
1597.424007 1077
1599.139822 1077
1600.756035 1077
1602.551362 1077
1604.350809 1077
1606.011337 1077
1607.712394 1077
1609.372433 1077
1611.110663 1077
1612.839477 1077
1614.460266 1077
1616.244943 1077
1617.945579 1077
1619.692036 1077
1621.206979 1077
1622.917804 1077
1624.679306 1077
1626.459528 1077
1628.085204 1077
1629.703079 1077
1631.323334 1077
1633.04653 1077
1634.800882 1077
1636.501438 1077
1638.131702 1077
1639.777638 1077
1641.339878 1077
1643.107318 1077
1644.667953 1077
1646.294495 1077
1647.974619 1077
1649.704907 1077
1651.405157 1077
1653.132826 1077
1654.803155 1077
1656.438981 1077
1658.109338 1077
1659.880848 1077
1661.619724 1077
1663.305928 1077
1665.190912 1077
1666.860301 1077
1668.548032 1077
1670.042796 1077
1671.609653 1077
1673.190246 1077
1674.734332 1076
1676.382096 1076
1678.029734 1076
1679.791626 1076
1681.546251 1076
1683.213031 1076
1684.941762 1076
1686.577024 1076
1688.329456 1076
1690.197091 1076
1692.700016 1076
1694.366253 1076
1696.171237 1076
1697.928374 1076
1699.746744 1076
1701.828949 1076
1703.605066 1076
1705.626535 1076
1707.469775 1076
1709.244654 1076
1710.969705 1076
1712.616205 1076
1714.206375 1076
1715.969351 1076
1717.607583 1076
1719.865296 1076
1721.666511 1076
1723.511699 1076
1725.265522 1076
1727.744884 1076
1730.009234 1076
1732.355899 1076
1734.568431 1076
1736.841327 1076
1739.206065 1076
1741.575554 1076
1743.44172 1076
1745.571678 1076
1747.615413 1076
1749.481808 1076
1751.295066 1076
1754.400018 1076
1757.127992 1076
1759.162397 1076
1761.058959 1076
1762.891931 1076
1764.740128 1076
1766.654157 1076
1768.72567 1076
1770.81216 1076
1773.159775 1076
1775.156132 1076
1777.066943 1076
1778.997496 1076
1780.912283 1076
1782.755466 1076
1784.678164 1076
1786.64123 1076
1788.506415 1076
1790.494832 1076
1792.466391 1076
1794.364785 1076
1796.07906 1076
1798.200247 1076
1800.025612 1076
1801.985557 1076
1804.344344 1076
1806.283459 1076
1808.123377 1076
1810.003387 1076
1811.865102 1076
1813.700934 1076
1815.769414 1076
1817.582116 1076
1819.276454 1076
1821.295153 1076
1823.007266 1076
1824.781109 1076
1826.583975 1076
1828.330485 1076
1829.927035 1076
1831.471488 1076
1833.184813 1076
1834.964532 1076
1836.740015 1076
1838.386871 1076
1840.068815 1076
1842.030823 1076
1844.170142 1076
1846.107819 1076
1848.100081 1076
1849.836832 1076
1851.566226 1076
1853.223329 1076
1854.929876 1076
1856.455331 1076
1858.0803 1076
1859.782032 1076
1861.409803 1076
1863.161928 1076
1864.79842 1076
1866.438973 1076
1868.173047 1076
1869.79612 1076
1871.504184 1076
1873.282193 1076
1875.076757 1076
1876.830003 1076
1878.428547 1076
1880.296405 1076
1881.950382 1076
1883.55592 1076
1885.163862 1076
1886.886696 1076
1888.661601 1076
1890.345442 1076
1892.078923 1076
1893.656154 1076
1895.254287 1076
1896.96324 1076
1898.558405 1076
1900.217503 1076
1901.790486 1076
1903.53648 1076
1905.296676 1076
1907.025989 1076
1908.897462 1076
1910.774536 1076
1912.608703 1076
1914.478076 1076
1916.299819 1076
1917.979773 1076
1919.862698 1076
1921.645973 1076
1923.471447 1076
1925.388322 1076
1927.269164 1076
1929.010478 1076
1930.825578 1076
1932.585329 1076
1934.357279 1076
1935.953475 1076
1937.732488 1076
1939.544203 1076
1941.313213 1076
1942.995158 1076
1944.870246 1076
1946.66717 1076
1948.447042 1076
1950.248464 1076
1952.030902 1076
1953.68216 1076
1955.356561 1076
1957.172597 1076
1959.103783 1076
1960.895043 1076
1962.625247 1076
1964.413424 1076
1966.2369 1076
1968.061738 1076
1969.871012 1076
1971.60872 1076
1973.238324 1076
1974.973398 1076
1976.708274 1076
1978.48055 1076
1980.284451 1076
1982.297285 1076
1984.198864 1076
1985.97137 1076
1987.794749 1076
1989.689942 1076
