time nnz
239.248609 38718
482.447321 38659
737.523693 30469
969.049422 25118
1183.765095 19167
1413.499371 18966
1619.753224 17161
1815.601022 15224
2006.685735 14109
2191.776739 13193
2370.912907 12546
2547.054478 12058
2718.859648 11695
2890.452567 11380
3060.244338 11095
3228.501779 10848
3394.442329 10674
3557.846259 10510
3720.924911 10361
3883.518965 10225
4044.658433 10134
4204.318002 10051
4363.866635 9956
4521.165434 9882
4680.238462 9827
4838.086511 9760
4995.708528 9716
5151.961372 9656
5333.826839 10454
5496.798101 10376
5659.613863 10307
5822.283375 10237
5984.193729 10176
6145.655924 10130
6305.433705 10075
6465.258978 10037
6625.799153 10006
6786.524128 9971
6946.581178 9933
7105.841794 9917
7263.293253 9895
7422.008141 9870
7580.347622 9839
7739.50097 9817
7899.155864 9795
8058.797361 9774
8215.959424 9759
8373.665286 9744
8531.760997 9722
8690.235477 9703
8848.10082 9688
9005.136368 9677
9162.655182 9665
9320.033322 9649
9478.111549 9641
9635.740323 9628
9813.837608 9615
9969.157194 9597
10161.869926 9591
10374.765271 9588
10538.20008 9575
10698.155173 9569
10858.42657 9558
11019.256983 9548
11177.411021 9541
11335.183671 9530
11493.524538 9518
11652.015318 9511
11810.559489 9504
11988.944102 9495
12155.344328 9481
12316.113772 9471
12474.307376 9464
12631.754367 9458
12790.711912 9458
12947.405862 9452
13104.970196 9441
