time nnz
133.549357 1882
227.569221 1836
371.63754 1979
470.140248 1725
561.667847 1350
650.18827 1243
736.256063 1147
866.855791 1343
955.514626 1274
1043.590032 1228
1130.685085 1195
1217.781111 1183
1304.757596 1163
1391.786415 1155
1478.313956 1148
1564.880976 1144
1651.123372 1142
1737.517274 1140
1822.997117 1136
1907.547749 1135
1988.529137 1127
2069.312121 1126
2148.719636 1123
2229.120045 1121
2309.695862 1120
2389.290529 1118
2469.410028 1117
2549.606736 1114
2629.299621 1109
2709.272744 1108
2789.34022 1105
2869.431699 1103
2988.171407 1204
3068.971486 1179
3149.662114 1154
3230.610089 1152
3311.317845 1146
3391.21251 1141
3471.575804 1137
3552.606082 1136
3633.481983 1135
3713.401828 1133
3794.271545 1131
3874.970752 1131
3955.805392 1130
4037.652824 1130
4118.484488 1130
4198.755159 1130
4272.886338 1129
4345.760264 1127
4419.213637 1127
4493.959619 1126
4567.618507 1126
4641.441388 1126
4714.283392 1125
4787.19756 1124
4860.703101 1124
