time nnz
87.2631 153621
130.23397 142352
173.007013 143546
216.054494 139333
258.929987 98174
301.869482 81131
344.51504 74110
387.278997 64473
430.033362 54006
472.982283 52424
515.868392 44237
558.674461 30324
601.726947 24067
644.733241 21888
687.595721 16149
730.552646 9539
816.914463 12778
859.745503 10574
945.613411 12989
988.352099 9822
1074.499629 10173
1117.582127 7673
1160.414237 6773
1246.388701 6192
1289.257785 5500
1332.696386 5145
1375.86222 4984
1419.252237 4661
1462.138513 4222
1504.924131 3089
1547.875226 3014
1590.760956 2991
1633.901554 2908
