time nnz
45.271742 144530
68.141866 143355
89.888997 138617
111.184152 145429
132.397229 139371
153.496999 134785
174.389911 138990
195.257121 141810
216.30287 139356
237.094959 142077
257.749816 143487
278.264842 142566
298.576914 138874
318.868417 139356
339.037346 139901
359.321231 138998
379.597926 137902
399.920882 136716
420.336804 135274
440.629005 134833
460.932867 133620
481.259513 133197
501.442903 132214
521.743444 129249
542.040238 126318
562.344066 125944
582.696862 125508
602.987046 123893
623.228432 120836
643.549782 117650
663.735299 115881
684.04391 115005
704.317381 112943
724.56868 111023
744.964087 108145
765.360137 106171
785.578971 105226
805.87251 104344
826.183278 103252
846.46313 101769
866.81639 100114
887.1029 99478
907.517937 99545
927.965885 99330
948.161512 98465
968.500038 96158
988.755779 94071
1009.085599 93258
1029.504135 92969
1049.857612 92138
1070.41082 90232
1090.856539 88125
1111.159587 86234
1131.432331 85602
1151.816843 85705
1172.015454 84898
1192.339706 83864
1212.669266 82182
1232.962328 80448
1253.413842 78999
1273.844275 77612
1294.094868 76546
1314.394823 75367
1334.704995 74147
1354.969025 73072
1375.31415 71665
1395.554488 70650
1415.960204 70110
1436.45389 71069
1456.708691 70065
1477.046472 69442
1497.362562 67827
1517.565492 66989
1537.893843 65653
1558.218729 65396
1578.512967 64442
1598.927935 63930
1619.356365 62708
1639.619672 61855
1659.91561 60697
1680.206027 60471
1700.48863 59498
1720.83713 59226
1741.078183 58240
1761.733068 57931
1782.456193 56895
1802.882453 56550
1823.314913 55612
1843.646728 55199
1863.858891 54294
1884.180872 54089
1904.495302 52968
1924.793512 52826
1945.20962 51775
1965.671287 51560
1985.949225 50504
2006.266012 50386
2026.546558 49385
