time nnz
49.644136 154816
71.693961 154307
93.745607 154307
112.203963 129557
128.35081 109928
141.492782 88135
152.601844 73349
163.45566 72166
173.175994 63200
182.164356 58000
190.610454 54700
197.881889 46211
205.123695 46116
212.282597 46116
217.568099 33033
222.446578 30316
227.164733 28928
231.768104 28093
236.058132 26084
239.652187 21338
243.161707 21110
246.661827 21102
249.994688 20014
253.256882 19551
256.475964 19241
259.6229 18850
262.416393 16545
264.794951 13727
267.101797 13650
269.389862 13446
271.625678 13157
273.826735 12975
276.020324 12868
278.164959 12574
280.204884 11743
282.2242 11733
284.135277 11132
286.026547 10937
287.89431 10863
289.752459 10786
291.592417 10677
293.338434 9949
295.081667 9940
296.830967 9939
298.545119 9937
300.18007 9392
301.781977 9218
303.360985 9074
304.910918 8897
306.36113 8270
307.745995 7793
309.129162 7760
310.487548 7722
311.825874 7646
313.16095 7606
314.495328 7566
315.808717 7443
317.090972 7202
318.383093 7202
319.649316 7202
320.884718 7030
322.114586 6967
323.332497 6927
324.544859 6902
325.748287 6827
326.875204 6267
328.023019 6264
329.128708 6264
330.226746 6132
331.299415 6069
332.369144 6049
333.430396 6027
334.497181 5960
335.54425 5786
336.578238 5785
337.582733 5655
338.596277 5629
339.587609 5601
340.576793 5579
341.533887 5457
342.4926 5106
343.421501 5103
344.334105 5089
345.231627 5057
346.13747 5042
347.032406 5032
347.933656 5018
348.825407 4985
349.712815 4716
350.601796 4706
351.440321 4704
352.286958 4679
353.119786 4667
353.959401 4660
354.796367 4651
355.620122 4616
356.450394 4485
357.273235 4485
358.085212 4485
358.870374 4391
359.657738 4369
360.441867 4350
361.223885 4340
362.000481 4292
362.772791 4181
363.564015 4179
364.318715 4177
365.062442 4131
365.810427 4125
366.551304 4119
367.291051 4116
368.03674 4100
368.777596 4011
369.520672 4011
370.265741 4011
370.986973 4011
371.699719 3929
372.403611 3909
373.105006 3891
373.80661 3848
374.509095 3763
375.210513 3762
375.893227 3762
376.566038 3726
377.236286 3716
377.907324 3709
378.576363 3699
379.243491 3680
379.898515 3601
380.579419 3426
381.202493 3418
381.818999 3398
382.442148 3392
383.059703 3390
383.680175 3386
384.296663 3378
384.906583 3356
385.553703 3331
386.159181 3331
386.768429 3327
387.374726 3323
387.98098 3320
388.587948 3318
389.185221 3281
389.805889 3110
390.413493 3108
390.983063 3108
391.556233 3096
392.12205 3090
392.693807 3088
393.257038 3086
393.827729 3072
394.407118 3036
394.980607 3036
395.546011 3036
396.099778 3016
396.651266 3010
397.203377 3003
397.755876 2994
398.300794 2961
398.862311 2830
399.42484 2830
399.950423 2830
400.468629 2826
400.987131 2824
401.511319 2821
428.185204 2972
428.746723 2967
429.290579 2965
429.829664 2955
430.374747 2948
430.915418 2943
431.471317 2926
432.016003 2925
432.554612 2924
433.090547 2918
433.627882 2911
434.160253 2885
434.704784 2834
435.2276 2828
435.746367 2825
436.270666 2823
436.790167 2821
463.119344 2839
463.638936 2831
464.160736 2826
464.683747 2820
465.20298 2815
465.720457 2812
466.23794 2809
