time nnz
155.954358 284131
327.267287 293196
482.499679 287725
653.689011 292067
824.650783 291352
979.400967 287220
1150.440558 291361
1321.161147 290162
1476.094189 285759
1652.265878 288617
1806.956196 283991
1977.899895 287321
2133.092844 282231
2304.422423 286093
2475.867029 284144
2630.960514 280686
2802.369297 285875
2973.823714 282595
3131.963295 279112
3305.110937 282956
3478.560666 280977
3635.261774 277026
3808.439738 282945
3981.605694 278914
4138.358797 275596
4311.574836 280224
4484.753956 277752
4641.540509 273237
4814.674173 279562
4987.621073 275444
5160.006047 275017
5314.95384 269671
5489.57159 275625
