time nnz
78.177999 144530
162.765683 147685
238.754413 145954
322.732631 147674
406.435406 147677
482.257306 146282
565.967111 147730
649.824296 147485
725.501399 146149
809.380408 147140
885.087156 145708
969.02384 146803
1044.828671 145278
1128.68867 146405
1212.617273 146077
1288.398121 145051
1372.335897 146615
1456.102962 145742
1532.096849 144566
1615.868145 145827
1699.722379 145358
1775.538248 144114
1859.414595 145868
1943.236696 144844
2019.220064 143696
2103.014825 145057
2186.584149 144439
2262.038672 143071
2345.464561 144956
2428.913172 143819
2504.369075 142549
2587.904615 144227
2671.171505 143455
2746.910351 141978
2830.264436 143978
2913.825954 142775
2989.291937 141456
3072.798514 143386
3156.192711 142448
3234.623554 140878
3320.222098 142975
3404.96328 141677
3481.332864 140160
3565.904875 142373
3650.367522 141236
3726.737772 139628
3811.469365 141765
3895.689728 140553
3972.522993 138919
4056.537426 141260
4141.283442 139950
4217.253312 138325
4302.09747 140528
4386.132004 139287
4462.69022 137576
4547.009057 139977
4623.312258 137182
4707.735207 140160
4792.047365 138699
4868.668281 136991
4952.875498 139363
5037.409329 138032
5113.636526 136179
5198.377271 138740
5274.490422 135796
5359.214382 138922
5443.190536 137336
5519.804494 135510
5604.100713 137829
5688.619469 136501
5765.127231 134549
5849.29203 137126
5926.080275 134208
6010.234511 137301
6087.090125 133925
6171.137679 137442
6255.870312 135781
6331.973671 133776
6416.696738 136136
6500.747654 134756
6577.510796 132706
6661.618159 135218
6738.200581 132331
6822.596262 135366
6898.962365 132095
6983.454446 135502
7059.645237 131846
7144.399501 135595
7228.456446 133820
7305.355378 131666
7389.359091 134055
7466.277051 131613
7550.332905 134804
7634.991363 133194
7711.093907 130805
7795.652607 133694
7872.012822 130282
7956.432276 133629
8032.794943 129988
8117.117549 133575
8193.622789 129689
8277.849036 133558
8354.559679 129443
8438.499027 133407
8523.267642 131543
8599.308925 129109
8684.040067 131599
8760.13822 129019
8844.74337 132113
8928.857312 130486
9005.437247 128023
9089.763314 130679
9166.187207 127522
9250.53785 130524
9326.787729 127198
9411.315026 130361
9487.477825 126877
9572.193332 130220
9648.178978 126638
9732.997307 130052
9809.056592 126352
9893.774265 129878
9969.84748 126060
10054.404275 129706
10130.509359 125760
10215.04431 129472
10291.417503 125491
10375.824347 129235
10452.160273 125191
10536.547187 128990
10613.198386 124870
10697.312549 128711
10774.111367 124587
10858.076192 128391
10934.950133 124246
11018.978668 128051
11095.716873 123925
11179.799326 127711
11256.435509 123595
11340.760627 127359
11417.278958 123291
11501.719888 126990
11578.042477 122916
11662.607695 126593
11738.813746 122580
11823.638427 126169
11899.640978 122208
11984.486379 125735
12060.636571 121911
12145.367214 125340
12221.479032 121579
12306.037277 124897
12382.261317 121256
12466.786794 124422
12543.211697 120917
12627.626036 123953
12697.935622 120722
12786.507453 127964
12873.784342 124245
12955.07771 121565
13045.055288 123791
13126.219982 121018
13222.513978 123679
13312.087522 120694
13402.973431 123510
13481.86822 120412
13574.923194 123314
13653.575353 120163
13738.682028 123170
13816.35245 119908
13900.842695 123043
13978.704764 119724
14063.203156 122977
14140.880453 119592
14226.202684 122937
14302.93524 119396
14388.72625 122897
14465.480024 119245
14550.557675 122838
14628.02853 119070
14712.710644 122797
14790.630077 118917
14875.814075 122774
14954.817929 118764
15043.965829 122729
15128.688476 120796
15197.752288 117384
15283.662802 124234
15360.383477 118171
15446.349213 122606
15523.139265 117510
15608.390938 121370
15685.788711 116903
15770.719258 120270
15848.506868 116346
15933.089385 119287
16002.238826 115650
16087.655681 123021
16164.896375 116547
16250.607566 121299
16327.56621 115963
16412.583685 119923
16490.341155 115372
16575.063081 118775
16653.050785 114858
16729.837682 117820
16814.842656 119762
16892.45224 116819
16976.845371 119507
17055.159566 116132
17139.79233 119064
17216.90104 115616
17302.344966 118616
17378.823146 115138
17464.823968 118111
17541.298748 114703
17626.811585 117586
17704.185669 114302
17789.09549 117039
17866.923882 113857
17951.442326 116445
18028.91911 113425
18114.765169 115748
18185.785445 112894
18273.130381 120289
18359.579184 116320
18428.312504 113057
18519.88112 120059
18599.627415 113626
18686.673505 117875
18765.619516 112863
18854.223762 116209
18933.670586 112166
19013.645709 114855
19102.301613 116855
19181.976092 113646
19270.147094 116286
19350.199096 112783
19438.228747 115546
19518.049536 112140
19607.158515 114726
19692.118428 111535
19785.129068 113831
19863.287917 110929
19942.268323 113061
20028.89051 115477
20112.772011 111580
20203.363246 113914
20277.587321 110288
20366.809481 117599
20448.708697 111122
20538.965846 115166
20621.709388 110260
20711.493191 113371
20784.813498 109209
20874.511206 116308
20957.26671 110011
21046.967753 114073
21128.599937 109281
21210.034926 112335
21301.639271 114145
21383.790255 110963
21473.433233 113215
21554.743315 109949
21645.570873 112170
21727.976035 109150
21808.67389 111174
21898.69547 113721
21980.110815 109488
22071.251419 111858
22144.841616 107988
22234.750585 115172
22316.416251 108775
22407.773094 112659
22489.739741 107929
22572.184169 110754
22666.993822 112498
22751.231591 109262
22842.514784 111437
22923.336099 108219
23011.223274 110217
23082.058256 107069
23168.715421 114273
23247.409163 108177
23333.890135 112560
23413.005312 107480
23500.693444 111008
23579.647796 106820
23666.541923 109525
23737.237539 106037
23824.364455 113228
23903.262148 107097
23990.231301 111401
24070.259028 106423
24158.288746 109736
24235.362789 105803
24313.093462 108235
24400.119504 110471
24478.399713 106629
24568.31447 108539
24637.72584 105015
24723.046279 111293
24800.665091 105557
24886.394761 108667
24955.460773 104307
25040.863381 110866
25118.358515 104976
25203.836139 108234
25272.957378 103775
25360.640694 110356
25440.621961 104498
25528.717876 107786
25600.445321 103356
25686.834149 109785
25766.671061 104012
25845.244614 107249
25932.06026 108717
26012.036946 105513
26100.428395 107307
26180.620256 104286
26260.841969 105744
26349.436479 108112
26429.32665 103961
26506.735203 106087
26595.391334 107691
26673.610969 104299
26758.980178 106157
26828.01016 102873
26914.043725 109904
26991.049178 103848
27077.145089 107578
27158.003486 102946
27246.735908 105488
27329.160403 101844
27420.221854 108467
27503.808759 102740
27591.242675 106155
27671.203758 101972
27800.134701 104095
27897.088587 106136
27978.38366 102486
28059.596905 104107
28149.467059 105795
28230.139333 102365
28307.590817 104026
28392.954879 106272
28470.214023 102161
28549.202637 104142
28633.495672 105842
28707.62298 102250
28790.550339 104029
28858.344291 100642
28942.341268 107174
29019.28191 101495
29101.157959 104630
29170.732547 100215
29257.054837 107636
29335.523416 101254
29422.119286 105006
29499.435656 100415
29576.84017 102737
29662.509915 104748
29739.236573 100965
29818.30138 102497
29900.592522 104258
29974.454671 100649
30048.394156 102286
30130.35352 104412
30206.005494 100414
30280.533579 102074
30362.534575 103734
30436.751699 100196
30510.739867 101818
30592.588278 103937
30667.037587 99908
30740.756081 101543
30822.352799 103106
30896.56624 99611
30970.545359 101164
31052.517241 103245
31119.452394 98891
31202.657988 105870
31280.003422 99483
31363.36137 102233
31429.793781 97813
31511.25468 103632
31577.10177 97678
31662.040962 104941
31740.907892 98562
31820.001197 101436
31905.698725 102769
31984.677635 99344
32071.79176 100685
32141.966023 97394
32227.506487 103124
32304.973269 97880
32382.375273 100148
32467.776512 102116
32545.159848 98106
32622.885174 99417
32708.288589 100996
32785.391398 97500
32862.161195 98814
32951.904513 100696
33021.55543 96740
33107.692266 102829
33186.037431 97091
33263.959329 99163
33350.340947 100413
33428.353541 97192
33506.785185 98260
33593.086831 100267
33663.44416 96015
33748.472353 102146
33825.327803 96395
33902.613141 98418
33987.850073 99653
34056.763216 96133
34141.803691 102851
34218.828676 96706
34303.988419 99428
34373.050517 95096
34458.236816 101500
34535.266977 95806
34612.657294 98352
34698.995131 100209
34775.802563 96157
34857.710432 97286
34943.163643 98812
35013.436506 95001
35099.191503 101572
35176.95057 95571
35262.775244 98154
35332.739802 94059
35418.909416 99776
35496.876829 94665
35574.724323 96648
35660.638276 98322
35730.301701 94373
35816.234513 100209
35885.938873 93946
35971.991335 101110
36049.872218 94631
36127.608203 96962
36213.631265 98157
36291.391072 94743
36369.086036 95689
36454.865195 97653
36524.465238 93376
36610.373248 99105
36679.992599 92997
36766.070587 99750
36843.871154 93728
36921.675176 95751
37007.492949 96858
37077.081709 93339
37163.175956 99398
37241.008778 93670
37318.91097 95743
37404.84915 97549
37474.588977 93076
37560.393505 99410
37637.8934 93266
37714.736535 95101
37797.961191 96273
37865.256224 92614
37948.436756 98707
38023.686829 92993
38098.798727 94981
38181.778364 96731
38249.182622 92365
38332.212653 98461
38399.559836 91837
38482.694645 99009
38557.820939 92495
38632.962862 94575
38716.008485 95697
38783.175911 91969
38866.447526 98204
38941.511462 92291
39016.598437 94326
39099.723775 96068
39167.036954 91545
39250.265694 97662
39317.603204 91003
39400.828955 98076
39476.005237 91666
39551.007371 93577
39634.101859 94677
39701.385247 91022
39784.417921 96785
39859.596264 91224
39934.785138 92938
40017.877731 94469
40085.113206 90431
40167.919009 95720
40235.198296 89858
40318.238505 95842
40385.602151 89597
40468.72987 95995
40536.067114 89410
40619.146507 96096
40686.446855 89254
40769.415557 96209
40836.634977 89105
40919.775827 96318
40987.023586 88943
41070.085429 96391
41145.303685 89977
41220.440166 91907
41303.506869 92868
41370.787387 89323
41453.856529 94444
41521.021225 88986
41604.075066 95594
41679.309472 89554
41754.491831 91523
41837.642788 92988
41904.86206 88825
41987.754547 94086
42054.871201 88177
42137.858933 93944
42205.181476 87859
42288.255637 93723
42356.473215 87646
42444.160703 93442
42513.906516 87447
42599.486683 93117
42668.795533 87235
42754.199659 92721
42823.539337 87040
42909.068141 92259
42970.194492 86836
43055.668174 96970
43133.092144 88709
43210.360357 91250
43295.834102 92255
43373.041913 88460
43450.463674 88981
43527.747191 90476
43613.029949 91941
43690.407558 88059
43767.805869 88888
43845.076562 90186
43930.385328 91787
44000.212221 87287
44087.28894 93636
44164.748253 87745
44241.960087 89325
44327.169182 90625
44396.246805 86568
44481.473969 91135
44542.492685 85838
44627.907375 95730
44705.111071 87531
44782.315932 89736
44867.732303 90784
44936.783982 86673
45021.924594 92237
45099.048672 86707
45176.286129 88044
45253.443832 89253
45338.768102 91105
45415.87097 86691
45493.016872 87605
45571.02438 88835
45656.735018 90592
45726.096611 85886
45811.60428 92034
45888.871053 86316
45966.136556 87688
46043.396744 88848
46128.774504 90858
46206.128974 86276
46283.544927 87153
46360.860968 88370
46446.162564 90231
46515.343908 85410
46600.809259 91524
46678.174404 85814
46755.426825 87152
46832.788789 88250
46918.293877 90263
46987.394498 85159
47072.86968 91496
47150.185282 85599
47227.552912 86980
47304.96112 88087
47390.301415 90166
