time nnz
0.370352 80
0.600927 160
0.845666 240
1.135617 320
1.412306 400
1.699925 480
2.004946 560
2.329624 640
2.68445 720
3.049958 800
3.438391 880
3.83985 960
4.251338 1040
4.692896 1120
5.132947 1200
5.580226 1280
6.039558 1360
6.508141 1440
6.989317 1520
7.50943 1600
8.014366 1680
8.531544 1760
9.059701 1840
9.606503 1920
10.160982 2000
10.725179 2079
11.300746 2159
11.893021 2239
12.49653 2319
13.111631 2399
13.759128 2479
14.423757 2559
15.09337 2639
15.755632 2719
16.433177 2799
17.119218 2879
17.818299 2959
18.531361 3038
19.279285 3117
20.037806 3197
20.788916 3277
21.566317 3357
22.335375 3437
23.126268 3517
23.930253 3597
24.761921 3672
25.62878 3747
26.487835 3823
27.343292 3898
28.211079 3973
29.097229 4048
29.996594 4123
30.903127 4198
31.868878 4273
32.841509 4348
33.777034 4423
34.736456 4498
35.708496 4573
36.683959 4648
37.669585 4723
38.668875 4798
39.716086 4871
40.77992 4946
41.843773 5020
42.874718 5095
43.940989 5169
45.017128 5244
46.105668 5318
47.190041 5392
48.343111 5464
49.504034 5540
50.65713 5615
51.799929 5690
52.95306 5764
54.105252 5839
55.275076 5914
56.454955 5988
57.693551 6062
58.917212 6137
60.126028 6211
61.35302 6286
62.588639 6360
63.830518 6434
65.086279 6507
66.374111 6579
67.647914 6654
68.938022 6730
70.236823 6804
71.549396 6879
72.874523 6953
74.216261 7027
75.560405 7100
76.960561 7170
78.348086 7245
79.746089 7319
81.131023 7394
82.531809 7468
83.93909 7542
85.362747 7614
86.79534 7686
88.25819 7757
89.739867 7833
91.213749 7908
92.691732 7980
94.183853 8053
95.688191 8128
97.201522 8201
98.728163 8274
100.26544 8339
101.872585 8378
103.46244 8457
105.02865 8530
106.605845 8604
108.193193 8678
109.794598 8749
111.406643 8824
113.027587 8897
114.705705 8967
116.370619 9042
118.025283 9117
119.680473 9189
121.329279 9263
123.002861 9336
124.723688 9407
126.489877 9466
128.28927 9539
130.103279 9612
131.876535 9686
133.660654 9757
135.455075 9828
137.267104 9902
139.089271 9972
140.94654 10029
142.796753 10103
144.63446 10177
146.482287 10243
148.347239 10316
150.246298 10386
152.135881 10458
154.045922 10521
155.983498 10570
157.982643 10646
159.948195 10719
161.93163 10785
163.905953 10851
165.881194 10924
167.878793 10994
169.881333 11055
171.906406 11102
173.929048 11173
175.948199 11247
177.96333 11314
179.991808 11383
182.06566 11452
184.160883 11519
186.248307 11579
188.392304 11630
190.520096 11703
192.657245 11773
194.781384 11844
196.916971 11911
199.059313 11979
201.183643 12047
203.315027 12113
205.478026 12143
207.704654 12210
209.912336 12281
212.130499 12353
214.344912 12416
216.58906 12470
218.856911 12530
221.105023 12598
223.350183 12657
225.628983 12704
227.916763 12772
230.179015 12846
232.445157 12902
234.745912 12966
237.079036 13028
239.418685 13085
241.764992 13140
244.149045 13134
246.519611 13205
248.878049 13269
251.252945 13327
253.616259 13387
255.971151 13446
258.327358 13511
260.700275 13562
263.115094 13586
265.600997 13653
268.040035 13718
270.49738 13785
272.981521 13836
275.476099 13902
277.984948 13959
280.507819 14010
283.068749 14026
285.613724 14087
288.141049 14157
290.688621 14221
293.258818 14283
295.769457 14348
298.272257 14411
300.780732 14424
303.344768 14383
305.910665 14453
308.468959 14519
311.040443 14575
313.633349 14634
316.270116 14696
318.908875 14750
321.54707 14785
324.206267 14805
326.857713 14868
329.50564 14921
332.157359 14978
334.814844 15035
337.433686 15089
340.064455 15135
342.724205 15149
345.432346 15212
348.145859 15275
350.840879 15334
353.559072 15384
356.271438 15426
359.00866 15479
361.766478 15516
364.542136 15526
367.345269 15581
370.117499 15637
372.897487 15691
375.662911 15731
378.426547 15784
381.152673 15841
383.902154 15877
386.632615 15842
389.414931 15895
392.214747 15952
395.017544 16014
397.844131 16043
400.667309 16087
403.45924 16136
406.25029 16185
409.048426 16203
411.868376 16198
414.668208 16247
417.471532 16276
420.274167 16324
423.089206 16368
425.899569 16410
428.776461 16414
431.679124 16345
434.598004 16395
437.467934 16451
440.353351 16500
443.24856 16543
446.118129 16589
448.97403 16634
451.859626 16649
454.767797 16604
457.685873 16655
460.586425 16712
463.519236 16741
466.448321 16779
469.396752 16813
472.374005 16861
475.353735 16891
478.335264 16865
481.352823 16916
484.341675 16965
487.292 17015
490.206639 17034
493.13973 17075
496.082673 17114
499.038541 17117
502.020139 17104
505.043854 17142
508.071388 17188
511.117739 17214
514.145103 17251
517.173278 17290
520.191745 17292
523.234565 17269
526.298003 17318
529.295221 17360
532.278373 17403
535.257298 17411
538.250886 17444
541.257359 17477
544.285037 17512
547.342736 17491
550.444958 17420
553.548019 17468
556.632937 17516
559.704397 17549
562.779721 17587
565.859764 17620
568.922934 17651
571.952801 17613
575.01017 17655
578.061417 17704
581.110485 17750
584.189294 17777
587.289734 17805
590.429023 17838
593.569231 17870
596.706401 17850
599.837603 17783
602.976718 17824
606.09082 17873
609.200416 17889
612.2609 17907
615.323086 17939
618.397225 17962
621.480529 17951
624.617099 17920
627.753112 17965
630.916584 18007
634.081784 18035
637.248653 18058
640.411036 18090
643.588252 18108
646.786573 18088
649.946114 18123
653.07202 18167
656.176658 18192
659.305694 18223
662.444929 18251
665.59913 18281
668.774428 18290
671.998688 18223
675.272051 18263
678.497015 18301
681.69313 18336
684.891214 18362
688.086013 18391
691.242328 18428
694.377049 18444
697.519594 18413
700.682644 18317
703.845699 18365
707.018056 18407
710.224273 18421
713.445503 18455
716.681848 18468
719.910528 18460
723.153516 18444
726.389898 18474
729.612024 18512
732.767099 18518
735.927828 18542
739.095072 18571
742.284008 18575
745.489712 18540
748.737929 18579
752.001651 18611
755.271531 18619
758.534411 18638
761.791988 18658
765.044212 18682
768.30287 18708
771.522816 18656
774.728435 18420
777.904257 18459
781.073157 18503
784.255417 18529
787.447575 18559
790.666907 18581
793.945355 18588
797.217065 18589
800.490461 18627
803.730389 18656
806.986533 18659
810.223333 18669
813.418035 18689
816.597597 18711
819.784319 18716
823.021001 18610
826.271495 18635
829.499087 18670
832.767694 18697
836.03579 18709
839.30064 18725
842.560508 18750
845.809651 18759
849.077832 18677
852.353411 18711
855.547187 18751
858.737671 18747
861.93385 18750
865.156326 18763
868.39649 18772
871.652279 18785
874.954028 18756
878.257774 18695
881.551878 18723
884.810956 18756
888.069371 18755
891.325602 18770
894.538263 18782
897.731928 18770
900.949427 18732
904.18634 18758
907.403443 18791
910.646619 18790
913.943858 18805
917.229843 18828
920.526742 18837
923.824724 18789
927.143847 18817
930.437583 18839
933.683056 18863
936.896421 18850
940.107326 18864
943.334852 18872
946.560836 18868
949.808805 18793
953.125785 18816
956.429827 18843
959.730079 18866
963.015425 18866
966.303054 18875
969.592147 18879
972.850994 18868
976.053542 18781
979.273984 18806
982.463664 18833
985.671925 18813
988.880544 18830
992.128471 18840
995.435116 18857
998.727431 18862
1002.010894 18819
1005.329918 18765
1008.588502 18784
1011.848049 18800
1015.094057 18816
1018.290214 18827
1021.496523 18847
1024.713737 18850
1027.960288 18810
1031.213596 18837
1034.544076 18850
1037.845321 18867
1041.140273 18857
1044.425234 18859
1047.715138 18866
1050.988598 18837
1054.265348 18708
1057.469675 18731
1060.667208 18754
1063.864198 18773
1067.080126 18780
1070.314048 18793
1073.572098 18802
1076.884595 18816
1080.203161 18795
1083.512451 18811
1086.786373 18835
1090.061657 18826
1093.341025 18846
1096.581071 18858
1099.78095 18869
1103.014038 18821
1106.269162 18842
1109.522419 18863
1112.782862 18887
1116.07283 18848
1119.382704 18845
1122.678366 18860
1125.967532 18872
1129.257821 18870
1132.533601 18801
1135.803428 18825
1139.016243 18842
1142.210076 18860
1145.4131 18843
1148.651952 18844
1151.88751 18854
1155.146255 18867
1158.456293 18817
1161.776044 18706
1165.070419 18728
1168.331284 18751
1171.590828 18748
1174.835573 18753
1178.047284 18772
1181.229409 18778
1184.433625 18779
1187.655658 18737
1190.893775 18758
1194.141196 18776
1197.416595 18772
1200.707906 18783
1203.99254 18796
1207.258591 18806
1210.546319 18768
1213.846488 18787
1217.104291 18803
1220.297998 18820
1223.491994 18809
1226.689917 18813
1229.914226 18820
1233.151777 18816
1236.419231 18740
1239.733625 18757
1243.04883 18779
1246.33809 18806
1249.599264 18789
1252.865553 18797
1256.135155 18812
1259.332555 18821
1262.533662 18794
1265.756727 18732
1268.981384 18743
1272.224022 18757
1275.467046 18749
1278.75826 18756
1282.048416 18767
1285.32507 18774
1288.588993 18761
1291.872513 18690
1295.132726 18704
1298.332659 18725
1301.505582 18734
1304.687365 18750
1307.893744 18758
1311.080621 18770
1314.291147 18757
1317.623813 18676
1320.905298 18694
1324.191798 18709
1327.461783 18724
1330.72057 18726
1333.975103 18729
1337.234742 18732
1340.418676 18711
1343.63786 18638
1346.832196 18654
1350.030849 18668
1353.240343 18682
1356.475768 18695
1359.756942 18702
1363.040652 18703
1366.309503 18701
1369.58278 18643
1372.862177 18656
1376.111839 18676
1379.315783 18682
1382.496927 18686
1385.678041 18689
1388.877189 18692
1392.103991 18634
1395.343308 18650
1398.647369 18663
1401.903319 18673
1405.162663 18653
1408.431692 18659
1411.685825 18653
1414.945131 18662
1418.199257 18660
1421.393918 18559
1424.585925 18573
1427.747778 18591
1430.939536 18568
1434.129166 18580
1437.346967 18588
1440.58719 18592
1443.831344 18582
1447.090924 18509
1450.332318 18521
1453.555192 18535
1456.767012 18543
1459.941841 18545
1463.09614 18546
1466.253395 18539
1469.426572 18523
1472.657715 18475
1475.86698 18486
1479.078841 18498
1482.304566 18505
1485.553653 18507
1488.785433 18521
1492.016593 18520
1495.256232 18468
1498.525837 18482
1501.686409 18495
1504.820897 18463
1507.964778 18458
1511.107612 18460
1514.279944 18464
1517.494616 18470
1520.73686 18445
1523.996118 18456
1527.254909 18461
1530.476606 18475
1533.689213 18426
1536.887417 18423
1540.090967 18424
1543.229027 18427
1546.35349 18392
1549.530343 18321
1552.701833 18329
1555.877761 18333
1559.058314 18345
1562.274406 18346
1565.487204 18356
1568.707156 18362
1571.908647 18360
1575.133062 18313
1578.347851 18327
1581.522348 18333
1584.643265 18347
1587.769635 18335
1590.900832 18335
1594.043766 18336
1597.177148 18318
1600.363138 18271
1603.628846 18285
1606.828428 18297
1610.02178 18289
1613.195721 18292
1616.379349 18297
1619.575407 18300
1622.69731 18280
1625.83972 18187
1628.991526 18199
1632.100408 18212
1635.239469 18217
1638.383958 18226
1641.552173 18225
1644.757509 18228
1647.952258 18223
1651.141462 18191
1654.341786 18093
1657.493453 18106
1660.659196 18124
1663.760717 18126
1666.849647 18124
1669.932513 18125
1673.048946 18119
1676.181529 18081
1679.352232 18088
1682.518647 18102
1685.681416 18095
1688.859816 18091
1692.026373 18096
1695.189014 18106
1698.348928 18106
1701.677954 18066
1705.29938 17930
1708.905582 17942
1712.462952 17958
1716.019687 17960
1719.612796 17963
1723.145467 17969
1726.640052 17971
1730.114266 17967
1733.6636 17949
1737.261156 17959
1740.827446 17955
1744.359508 17961
1747.972527 17966
1751.495464 17975
1754.861611 17970
1758.229663 17894
1761.551158 17896
1765.088782 17903
1768.632343 17915
1772.050951 17876
1775.359188 17874
1778.895492 17875
1782.427782 17863
1786.00894 17843
1789.541578 17794
1793.123988 17803
1796.658988 17799
1800.188326 17805
1803.625635 17807
1807.092973 17809
1810.594654 17799
1814.096758 17748
1817.665571 17759
1821.257449 17767
1824.793066 17779
1828.265549 17761
1831.681126 17761
1835.191725 17757
1838.776292 17736
1842.356627 17661
1845.975044 17671
1849.445221 17687
1852.905277 17697
1856.227193 17686
1859.676117 17689
1863.100698 17690
1866.413249 17677
1869.895362 17636
1873.378453 17643
1876.753357 17650
1880.208946 17616
1883.644491 17605
1886.864281 17602
1890.37239 17599
1893.896659 17596
1897.419828 17574
1900.941822 17581
1904.22644 17590
1907.531373 17603
1911.042084 17582
1914.465151 17578
1917.918331 17581
1921.410868 17582
1924.884872 17558
1928.421534 17496
1931.934803 17507
1935.309614 17516
1938.764941 17523
1942.336833 17516
1945.813212 17518
1949.253339 17512
1952.593862 17493
1956.000114 17449
1959.284645 17454
1962.684701 17460
1966.161108 17459
1969.594694 17460
1973.103877 17466
1976.385526 17460
1979.737597 17417
1983.105174 17299
1986.205103 17303
1989.367975 17322
1992.518987 17329
1995.622243 17332
1998.724485 17335
2002.225708 17334
2005.677213 17334
2009.164964 17326
2012.461061 17328
2015.794635 17333
2019.066116 17326
2022.117074 17321
2025.187239 17320
2028.288149 17290
2031.405619 17218
2034.315068 17225
2037.239805 17229
2040.23005 17233
2043.22177 17236
2046.198713 17236
2049.16089 17230
2052.154497 17193
2055.229417 17201
2058.595877 17207
2061.952908 17212
2065.424501 17213
2068.859406 17216
2072.298729 17216
2075.73367 17199
2079.071069 17134
2082.382479 17141
2085.701533 17146
2088.999939 17148
2092.330446 17145
2095.724928 17150
2099.190166 17153
2102.604236 17156
2105.917315 17101
2109.195942 17106
2112.596247 17111
2115.829874 17113
2118.827511 17116
2121.885424 17119
2124.963598 17116
2127.989715 17110
2130.903449 17071
2133.812086 17075
2136.828913 17085
2139.803159 17092
2142.762725 17076
2145.704561 17072
2148.650434 17069
2151.541744 17069
2154.385375 17053
2157.239347 16996
2160.152608 17006
2163.064347 17017
2165.968627 17013
2168.865336 17008
2171.73426 17008
