time nnz
0.870244 320
1.664246 640
2.516633 960
3.411157 1280
4.339231 1600
5.331809 1920
6.391801 2240
7.528389 2560
8.727956 2880
10.165615 3200
11.695997 3519
13.315007 3822
15.0148 4124
16.74915 4424
18.217463 4724
19.804825 5022
21.385163 5321
23.031063 5619
24.694811 5919
26.398459 6219
28.298999 6518
30.37826 6817
32.489927 7117
34.431465 7417
36.489707 7715
38.444991 8010
40.436688 8308
42.649276 8608
45.007175 8906
47.396485 9205
49.595712 9505
51.772891 9804
53.979805 10100
56.465173 10388
59.138887 10688
61.919629 10987
64.369403 11287
66.951697 11585
69.538688 11882
72.117875 12173
74.96907 12464
77.773301 12763
80.480488 13061
83.223235 13358
86.193472 13655
89.383197 13952
92.596417 14242
95.616715 14501
98.711062 14795
101.924524 15091
105.264557 15391
108.756355 15684
112.115684 15979
115.636922 16277
119.152231 16564
122.94107 16831
126.746191 17124
130.527519 17417
134.257527 17715
138.160048 18000
142.147125 18292
145.801829 18587
149.655374 18882
153.536618 19132
157.712047 19292
161.922227 19586
166.184737 19886
170.395811 20175
174.908906 20467
179.454948 20762
183.917917 21041
188.228104 21244
192.609514 21536
197.001036 21823
201.163798 22121
205.370999 22406
209.842263 22682
214.373404 22965
218.645819 23232
222.968446 23407
227.45591 23467
231.769512 23731
236.014685 24029
240.537876 24293
245.116973 24567
249.566899 24835
254.086205 25104
258.823102 25260
263.405151 25290
267.965325 25561
272.855077 25818
277.656944 26059
282.339874 26304
287.113617 26557
292.002053 26800
296.809965 26989
301.659624 27013
306.728309 27257
311.553876 27525
316.424989 27752
321.537521 27997
326.671905 28242
331.627258 28398
336.72034 28329
342.080677 28542
347.159949 28819
352.231027 28949
357.455956 29175
362.545366 29393
367.716161 29623
373.117258 29821
378.69811 29770
383.98683 29569
389.421943 29814
394.850598 30068
400.09013 30279
405.494146 30472
411.148787 30674
416.467838 30790
421.865858 30817
427.44768 31032
432.870176 31265
438.326962 31513
443.9537 31642
449.404345 31809
455.051399 31990
460.903694 31940
466.666242 32077
472.452126 32225
478.371363 32456
484.135409 32538
489.962013 32716
496.177578 32912
502.37283 33083
508.271894 32987
514.327687 32517
520.266283 32649
526.144801 32826
532.081635 33046
537.747615 33142
543.563611 33291
549.514591 33424
555.21486 33525
561.158832 33433
566.935298 33260
572.616513 33431
578.622567 33511
584.357991 33643
590.069989 33754
596.004582 33873
601.775762 33879
607.53416 33382
613.383724 33487
619.217255 33637
625.018854 33833
630.960127 33886
636.761749 33987
642.559778 34069
648.501278 33977
654.247689 33675
660.075043 33772
666.016157 33925
671.84408 34093
677.705241 34087
683.751522 34121
689.481564 34107
695.224634 33968
701.193699 33567
707.025032 33678
712.768021 33812
718.826904 33779
724.729993 33912
730.463908 33986
736.315709 34036
742.063321 34011
747.732608 33544
753.680328 32961
760.191199 33069
766.657077 33256
773.534173 33363
780.286851 33426
787.06095 33484
793.987175 33535
800.818594 33351
807.981039 33033
814.92627 33133
821.968148 33293
829.10038 33297
836.170755 33306
843.200402 33319
849.951633 33286
856.800985 32906
863.852221 32433
870.597165 32545
877.637598 32685
884.365809 32765
891.151586 32822
897.921289 32834
904.403425 32786
911.331094 32503
918.029208 32140
924.687319 32279
931.390619 32436
938.122727 32441
945.059337 32423
951.918023 32383
957.889821 32314
963.834622 32139
969.714328 31849
975.428416 31938
981.155217 32064
986.896421 32035
992.521688 32037
998.105306 32028
1003.818316 31982
1009.356441 31795
1014.864049 31170
1020.588522 31225
1026.266669 31344
1031.770521 31449
1037.322411 31443
1042.874353 31451
1048.340044 31419
1053.812033 31256
1059.439736 30820
1064.884004 30866
1070.268919 30969
1075.874768 30838
1081.198364 30900
1086.450468 30898
1091.829388 30857
1097.065213 30716
1102.192648 30449
1107.529954 30132
1112.970852 30222
1118.200571 30359
1123.470596 30366
1128.772397 30333
1133.93912 30268
1139.009796 30110
1144.287305 29837
1150.365624 29576
1155.493966 29651
1160.838109 29746
1166.046546 29798
1171.114136 29758
1176.248055 29719
1181.285026 29574
1186.335832 29450
1191.441339 29276
1196.745425 29379
1201.827661 29459
1206.833063 29371
1212.062897 29287
1217.131855 29233
1222.031749 29139
1226.999266 29010
1232.223891 28710
1237.377692 28795
1242.445771 28899
1247.504833 28945
1252.543983 28883
1257.47667 28819
1262.435809 28733
1267.485082 28507
1272.544456 28546
1277.533088 28598
1282.664434 28666
1287.85604 28560
1292.8755 28519
1297.909064 28461
1302.961889 28391
1307.911384 28333
1312.806656 28146
1317.875715 27837
1323.102642 27865
1328.136699 27965
1333.125504 28064
1338.279912 28014
1343.111983 27936
1347.740483 27832
1352.363373 27646
1356.986849 27379
1361.651595 27427
1366.247175 27509
1370.817906 27475
1375.353933 27482
1379.885163 27451
1384.388626 27397
1388.851821 27286
1393.323587 27040
1397.865246 27076
1402.399201 27118
1406.918453 27188
1411.399414 27110
1415.8713 27029
1420.308608 26926
1424.711338 26815
1429.18012 26612
1433.64796 26639
1438.127292 26734
1442.630117 26880
1447.089753 26831
1451.521776 26749
1455.878016 26671
1460.259484 26591
1464.678721 26409
1469.086539 26426
1473.439711 26446
1477.81281 26487
1482.161852 26396
1486.521013 26314
1490.931149 26243
1495.299972 26183
1499.641467 26191
1504.030728 25391
1508.392854 25463
1512.704149 25597
1517.009682 25706
1521.301888 25742
1525.617392 25740
1529.975182 25695
1534.238977 25584
1538.501758 25527
1542.814651 25515
1547.161205 25513
1551.414406 25512
1555.590066 25487
1559.770314 25423
1564.089097 25225
1568.410127 25258
1572.706121 25190
1576.894765 25206
1581.087033 25177
1585.281122 25153
1589.429944 25110
1593.602092 25040
1597.795994 24815
1601.964135 24837
1606.190925 24947
1610.467628 25044
1614.64245 24975
1618.749684 24857
1622.875435 24777
1627.00936 24673
1631.146608 24503
1635.401378 24299
1639.566043 24354
1643.777833 24458
1647.952003 24501
1652.107296 24469
1656.180303 24422
1660.33422 24379
1664.460832 24234
1668.738299 24070
1672.97041 24168
1677.165662 24257
1681.320698 24255
1685.435346 24228
1689.545123 24167
1693.66748 24105
1697.836651 23952
1702.039122 23764
1706.215049 23857
1710.424054 23919
1714.566076 23958
1718.732479 23925
1722.837044 23891
1726.895331 23846
1730.953372 23726
1735.151735 23524
1739.331903 23587
1743.444016 23696
1747.557943 23704
1751.70571 23685
1755.737152 23663
1759.720259 23612
1763.72424 23435
1767.740455 23448
1771.736261 23481
1775.768869 23554
1779.783047 23478
1783.740151 23438
1787.642843 23382
1791.549737 23337
1795.465654 23225
1799.460274 23014
1803.460976 23042
1807.405031 23125
1811.34572 23171
1815.250378 23181
1819.174083 23136
1823.051803 23071
1826.915623 22994
1830.835588 22833
1834.847185 22860
1838.851509 22941
1842.880409 22923
1846.777808 22897
1850.662319 22833
1854.521451 22799
1858.424812 22750
1862.320116 22598
1866.290257 22396
1870.207314 22441
1874.117809 22522
1877.992616 22534
1881.920631 22542
1885.797871 22520
1889.589971 22476
1893.377128 22416
1897.267755 22313
1901.175296 22328
1905.146168 22365
1909.096726 22394
1912.994876 22353
1916.832718 22297
1920.670916 22244
1924.468837 22181
1928.341445 22070
1932.211486 22100
1936.106432 22151
1940.01456 22130
1943.905965 22116
1947.716118 22080
1951.47489 22053
1955.230002 21997
1959.063607 21878
1962.988891 21895
1966.819621 21919
1970.634611 21991
1974.493421 22021
1978.235931 21973
1982.026411 21911
1985.964348 21862
1989.854896 21766
1993.745613 21582
1997.791722 21618
2001.830728 21690
2005.779433 21695
2009.708013 21642
2013.57757 21597
2017.442757 21573
2021.292873 21522
2025.265207 21427
2029.231654 21470
2033.173629 21518
2037.077018 21517
2040.948377 21478
2044.796218 21440
2048.672051 21400
2052.623759 21282
2056.638512 21103
2060.521023 21173
2064.443726 21263
2068.280989 21320
2072.087604 21330
2075.848842 21277
2079.612457 21222
2083.34852 21114
2087.136871 21038
2090.96483 21058
2094.710311 21074
2098.42361 21053
2102.046388 21029
2105.681638 21001
2109.322417 20949
2113.01013 20827
2116.719828 20848
2120.385522 20910
2124.097284 20919
2127.758181 20920
2131.381351 20872
2135.011032 20835
2138.593405 20799
2142.183265 20705
2145.836502 20567
2149.514776 20606
2153.190806 20664
2156.832467 20697
2160.465047 20674
2164.007798 20613
2167.503393 20567
2171.021245 20498
2174.573701 20373
2178.129234 20397
2181.64716 20463
2185.224472 20528
2188.739448 20493
2192.259489 20449
2195.749516 20401
2199.274964 20351
2202.760763 20261
2206.292513 20128
2209.871462 20195
2213.383433 20245
2216.908054 20286
2220.392239 20247
2223.803921 20178
2227.221014 20110
2230.714457 20030
2234.189302 20037
2237.656269 20057
2241.231879 20065
2244.82953 20074
2248.253873 20023
2251.684284 19994
2255.110528 19966
2258.55943 19916
2262.071329 19827
2265.561596 19868
2269.105758 19936
2272.601101 19922
2276.021979 19883
2279.426831 19852
2282.853121 19819
2286.304421 19745
2289.740025 19754
2293.255102 19774
2296.746856 19853
2300.196162 19843
2303.59946 19780
2306.957784 19739
2310.383987 19668
2313.878327 19600
2317.417817 19616
2320.911419 19633
2324.433718 19648
2327.898273 19624
2331.355937 19608
2334.818765 19584
2338.280017 19566
2341.757316 19503
2345.341459 19349
2348.864817 19401
2352.466306 19482
2356.030001 19523
2359.54789 19472
2362.963911 19411
2366.386173 19366
2369.80485 19319
2373.228571 19342
2376.60037 19352
2379.964443 19298
2383.291969 19298
2386.625931 19283
2389.916465 19264
2393.216332 19252
2396.507355 19212
2399.982986 19107
2403.384626 19136
2406.785049 19198
2410.160411 19258
2413.493525 19222
2416.814336 19169
2420.139901 19136
2423.477123 19100
2426.807801 19050
2430.168652 18951
2433.572401 19014
2436.906932 19071
2440.234362 19066
2443.540637 19013
2446.851979 18995
2450.142779 18945
2453.412183 18890
2456.77847 18835
2460.123278 18858
2463.428544 18894
2466.72501 18887
2470.015883 18855
2473.28033 18832
2476.537479 18803
2479.847938 18738
2483.240606 18749
2486.583187 18809
2489.968743 18854
2493.291017 18877
2496.572987 18826
2499.840391 18776
2503.093312 18720
2506.398621 18651
2509.780728 18569
2513.070002 18586
2516.338811 18607
2519.604577 18628
2522.850657 18610
2526.105123 18582
2529.351696 18560
2532.63749 18523
2535.968831 18447
2539.24845 18483
2542.575969 18521
2545.900527 18541
2549.17129 18530
2552.38242 18492
2555.57508 18464
2558.774621 18425
2562.081181 18352
2565.357541 18372
2568.619202 18406
2571.900623 18430
2575.142726 18427
2578.324096 18383
2581.525605 18353
2584.740182 18310
2588.019062 18205
2591.287105 18224
2594.548799 18299
2597.791438 18341
2600.988655 18305
2604.147189 18266
2607.323922 18230
2610.518712 18191
2613.742081 18126
2616.94949 18137
2620.171223 18174
2623.341006 18183
2626.520118 18122
2629.685276 18092
2632.861503 18069
2636.035454 18028
2639.265248 17981
2642.49534 18009
2645.659837 18048
2648.857815 18060
2652.114119 18022
2655.322132 18004
2658.507535 17981
2661.654886 17932
2664.861356 17852
2668.127654 17893
2671.355584 17962
2674.560377 17970
2677.733435 17945
2680.845603 17904
2683.970755 17872
2687.101154 17831
2690.321778 17842
2693.544923 17860
2696.707902 17867
2699.853141 17834
2702.962317 17814
2706.090077 17797
2709.246267 17774
2712.4731 17710
2715.73205 17718
2718.959251 17780
2722.148673 17874
2725.320804 17868
2728.438557 17800
2731.548231 17760
2734.653883 17730
2737.796452 17675
2740.943601 17597
2744.066977 17617
2747.208676 17632
2750.327196 17617
2753.463742 17583
2756.575892 17563
2759.680501 17538
2762.826068 17460
2766.05314 17479
2769.189331 17493
2772.320669 17520
2775.437217 17506
2778.540301 17485
2781.628117 17478
2784.717915 17466
2787.868381 17417
2791.100376 17424
2794.252769 17442
2797.371218 17425
2800.559971 17431
2803.745349 17419
2806.893142 17400
2810.045623 17385
2813.245212 17295
2816.542065 17186
2819.821153 17237
2823.040161 17326
2826.252339 17349
2829.4367 17325
2832.580155 17299
