iter objective
1 3392.41771172863
2 1922.02157377894
3 1775.5532783541
4 1272.03822267276
5 1074.74392270663
6 945.320034265436
7 835.938014625269
8 774.843834880462
9 721.743350107444
10 683.356075475088
11 639.644800454894
12 602.44079898457
13 587.763648635581
14 533.050058759069
15 500.485544406526
16 484.500923710979
17 444.18408047007
18 392.412696721366
19 355.321094013722
20 330.546288902788
21 319.238664311884
22 308.116474172712
23 298.091356880729
24 286.100972746064
25 276.567786653833
26 273.50000538712
27 267.873698566647
28 263.72714030393
29 253.242323408618
