iter objective
1 148149.121100715
2 141740.459575584
3 85736.8770416234
4 79666.1484065335
5 65740.6893136681
6 53030.5267408559
7 43834.485277104
8 36510.9231197149
9 30293.9129752902
10 26832.5910558124
11 24785.7551246596
12 22792.5774880483
13 20985.6954445768
14 19407.0736764751
15 18104.45074586
16 16956.9896111791
17 15841.9989795941
18 14827.5243275705
19 14125.241720065
20 13492.3902991296
21 12943.1690538345
22 12346.9973954704
23 11798.5736287399
24 11424.3608130054
25 11138.0556219796
26 10904.9765612345
27 10685.5673369686
28 10483.5205681725
29 10285.4144497414
30 10118.040947577
31 9961.71914656687
32 9815.75764036213
33 9663.65966017163
34 9534.5003282937
35 9421.6275285498
36 9321.47674670598
37 9223.34269349173
38 9132.55274852249
39 9032.17450764328
40 8953.72606789849
41 8896.04792297989
42 8829.54482578394
43 8783.38612561647
44 8733.53442883156
45 8672.85632249837
46 8625.92449588077
47 8573.38343271749
48 8534.23187544182
49 8494.56232542117
50 8449.86776974573
51 8376.35525780645
52 8349.93517987082
53 8286.92661708084
54 8259.84881838473
55 8225.45204924548
56 8172.98990563049
57 8144.76943788559
58 8106.20678433217
59 8076.66155000362
60 8055.82978696271
61 8036.87040639985
62 8012.40812139578
63 7997.25457025198
64 7971.65935929531
65 7952.06448108212
66 7931.93167707685
67 7915.34150526538
68 7891.05752737278
69 7869.45769536463
70 7854.00628480004
71 7837.60816410925
72 7824.35016082954
73 7810.97315731219
74 7799.68139113036
75 7786.93069248202
76 7775.11441918799
77 7762.02677144531
78 7751.71338113141
79 7740.36425613051
80 7731.821508086
81 7722.03787220463
82 7714.17260446883
83 7705.54658305634
84 7697.98349999412
85 7689.77053166086
86 7683.45011402241
87 7675.19158637291
88 7668.32741635052
89 7661.17011064097
