iter objective
1 150189.077116207
2 106441.2858301
3 88728.5900167964
4 76703.3065359279
5 66449.5326773057
6 57567.1580267918
7 48568.8800029472
8 41778.936594856
9 38659.9276533775
10 34433.6184020179
11 31112.2923405346
12 29607.4186710139
13 28274.5313292451
14 26326.0500659376
15 24394.7254177646
16 22474.2255377965
17 22348.4877153708
18 20844.187153274
19 20224.5041948828
20 20016.2421907633
21 19054.2260898327
22 17854.6597829599
23 17062.116318772
24 16637.5088654784
25 15892.7842982226
26 15669.1493678911
27 15565.1003963397
28 15211.143087182
29 14481.4455122461
30 14402.9315324338
31 13762.5843308887
32 13297.5290036734
33 13138.6555683662
34 13075.879469104
35 13040.5249279895
36 12984.328109511
37 12763.0754357652
38 12650.3039976747
39 12406.3080119641
40 12129.6932048619
41 11878.8206861915
42 11793.1275853502
43 11762.4768264075
44 11718.9914576739
45 11612.9312326664
46 11582.6356478628
47 11450.7373278264
48 11313.9376228737
49 11262.5374279468
50 11237.6958411625
51 11220.515602674
52 11139.7287076365
53 11025.5021632493
54 10988.4157889482
55 10847.5913719776
56 10746.3935088774
57 10709.695075469
58 10693.4634460885
59 10665.9314583622
60 10535.976420498
61 10436.3493331148
62 10398.4288752289
63 10386.087201979
64 10234.5694895716
65 10201.1149906271
66 10188.196428775
67 10158.1500957118
68 10132.8628531988
69 10098.7647863465
70 10092.9628558212
71 10050.6726870099
72 10027.882230997
73 10021.8404122938
74 10013.2410594294
75 9916.79524010136
76 9831.02447858368
77 9815.30142610237
78 9765.25644371826
79 9661.62268532588
80 9623.56213679186
81 9615.28494885801
82 9604.09748877254
83 9574.19712856298
84 9547.52448679564
85 9522.7512397833
86 9499.97075325176
87 9487.71138649493
88 9479.00116625608
89 9471.16576296303
90 9453.34469321309
91 9410.02659540882
92 9394.63040799879
93 9367.47835201759
94 9332.87120492457
95 9311.4129410842
96 9298.26743271975
97 9295.13946409217
98 9289.56097641044
99 9256.31594401935
100 9227.69877815161
101 9201.67219276097
102 9139.83863080609
103 9103.91932617339
104 9092.73409913347
105 9088.2190027569
106 9076.34150417147
107 9051.19229823685
108 9037.17784821561
109 9020.45761169942
110 9014.52991957838
111 8994.17491377332
112 8986.25055225123
113 8984.32169175387
114 8978.46776181916
115 8948.17297295731
116 8916.80303168051
117 8894.92131032562
118 8877.5625048347
119 8866.87152482644
120 8860.04709313038
121 8856.68594454186
122 8852.48617833343
123 8833.27362487389
124 8794.87379352128
125 8761.0639562161
126 8727.53047182693
127 8688.45679331067
128 8667.82296051613
129 8662.07056303238
130 8659.37555072511
131 8652.71735093854
132 8643.4756010593
133 8634.73760798719
134 8623.82331272548
135 8617.64497332583
136 8613.70487664599
137 8611.12664996008
138 8604.13096394681
139 8583.3802372362
140 8566.21188195139
141 8555.97006518843
142 8541.75691159452
143 8532.98148179699
144 8529.53780308383
145 8527.08448050083
146 8521.7708557534
147 8503.09322421201
148 8485.07082737801
149 8484.16559305494
150 8469.76766322467
151 8451.80503112889
152 8442.0561064545
153 8439.11859461346
154 8437.92984171107
