iter objective
1 138650.21509986
2 127814.007539197
3 123190.708132151
4 118260.577422662
5 113268.388586955
6 108617.834275062
7 100758.677926291
8 95024.4154484279
9 89767.4570759428
10 83114.720927212
11 78291.9311539976
12 74311.3026348856
13 69727.615791754
14 63443.3459911316
15 60160.5247549035
16 59886.0974279692
17 54663.4204521561
18 48508.8890353845
19 45427.0304954489
20 43563.8172603099
21 42059.0306056965
22 40086.7070936565
23 37933.3830950932
24 36388.3038523133
25 35453.773362033
26 33486.4827085961
27 33003.8867436252
28 32059.5013230687
29 28527.256033233
30 27398.6079793665
31 26393.8541401769
32 24382.4801103529
33 23446.3870018722
34 23173.2193967721
35 22941.2253366449
36 22430.5352486096
37 21426.8223002009
38 21125.9483858839
39 20347.8964322927
40 19684.5463203263
41 19464.9822124796
42 19343.1956126206
43 19074.0707687343
44 18473.6128500188
45 17934.0444894174
46 17619.1745421288
47 17398.5734304589
48 17114.4833177403
49 16937.8763253334
50 16892.5535139915
51 16819.6660096301
52 16073.9439942423
53 15750.9663860472
54 15247.2898927699
55 14847.7739770674
56 14543.4788806573
57 14479.3103582058
58 14422.1405643219
59 14318.9185362852
60 14061.7444280196
61 13869.8355811365
62 13722.6931655522
63 13671.5432439478
64 13414.1630990032
65 13345.964000743
66 13314.6373902809
67 13123.3432253655
68 12731.3418719623
69 12508.9047876195
70 12397.7826303666
71 12171.3650042258
72 12032.5876668274
73 11999.452770538
74 11981.9013059643
75 11911.6423006469
76 11770.4981322394
77 11716.6323123079
78 11588.8869986539
79 11495.1537282653
80 11439.2667387409
81 11417.7164332772
82 11381.4183001235
83 11184.0524459889
84 11036.7254469343
85 11014.9666919363
86 10818.655847882
87 10659.0249831285
88 10633.9565996013
89 10617.5982657547
90 10598.3970135362
91 10504.0551606668
92 10395.984857935
93 10284.8605989242
94 10183.3537606367
95 10063.3212740936
96 10025.6505854877
97 10011.5361042251
98 9989.61664206512
99 9940.68771560846
100 9929.74500555364
101 9891.5160707291
102 9812.9817240696
103 9753.70628950544
104 9734.388122876
105 9726.27666051879
106 9720.17073102683
107 9671.22139661001
108 9598.91548397304
109 9554.11803548339
110 9489.77809661846
111 9438.03714920362
112 9418.9710091858
113 9412.46489626707
114 9393.80305269159
115 9352.76026545871
116 9311.77918643662
117 9305.84921922423
118 9274.40659009199
119 9240.54042952932
120 9227.5296870526
121 9224.38706119412
122 9211.87758537064
123 9144.39840457177
124 9093.76876398412
125 9062.25230464293
126 9062.04113411167
127 8987.42994898146
128 8972.44497150783
129 8968.34342814018
130 8962.4810308598
131 8944.17880372945
132 8914.45319817268
133 8906.42636340414
134 8879.85926398783
135 8855.08848334485
136 8842.73175895004
137 8839.12014054769
138 8835.34564484716
139 8814.78469774925
140 8804.69054924647
141 8782.25571139164
142 8747.10790582834
143 8735.7969615348
144 8730.66563147756
145 8725.92045476607
146 8717.7314172974
147 8700.65470619082
148 8685.56799839892
149 8682.31476619402
150 8679.16113233972
151 8654.68368720045
152 8650.5282803851
153 8647.92372541987
154 8632.64953125754
155 8587.35424537946
156 8567.58190147339
157 8561.15492363898
158 8558.93947454863
159 8516.58794150155
160 8506.90435339735
161 8504.38635469665
162 8501.50266451432
163 8489.43143236583
164 8476.84280704309
165 8462.20550649686
166 8444.71579380664
167 8435.89643650127
168 8432.22819809488
169 8429.86843761549
170 8420.98916296781
171 8409.51595265631
172 8404.01012788613
173 8393.4151585349
174 8372.23744113359
175 8365.10040616401
176 8363.06583730813
177 8359.75046417587
178 8351.70756230606
179 8343.61172760077
180 8338.83644857105
181 8334.7347934769
182 8325.51020969812
183 8323.60279697239
184 8322.10707839483
185 8314.91942233789
186 8313.23904880924
187 8305.35902674503
188 8303.44951361668
189 8263.72783727822
190 8253.65510420469
191 8250.41433187352
192 8248.14247638457
193 8243.95945856268
194 8239.65899492107
195 8234.79199430698
196 8232.17820897035
197 8229.00008446984
198 8226.04785760756
199 8225.03191621301
200 8223.22954167675
201 8203.57734517266
202 8198.7926797372
203 8195.561873131
204 8153.93179657834
205 8118.40034106536
206 8106.27810506894
207 8103.11926826629
208 8099.66589884559
209 8095.45316896435
210 8094.32956352299
211 8092.64476656705
212 8086.79245473002
213 8084.55704537196
214 8083.33361215161
215 8082.78647638362
216 8080.68243474806
217 8067.93724862159
218 8064.35013421627
219 8059.36821921501
220 8054.47963942735
221 8048.12498488642
222 8046.70265544345
223 8045.90859465305
224 8042.36663710258
225 8032.66754724604
226 8028.37592132668
227 8024.82464366604
228 8020.21722620367
229 8009.248089426
230 8006.05485601538
231 8005.20976028102
232 8004.3936343603
233 7997.51893506488
234 7997.47362546067
235 7996.31451144989
236 7977.68306577111
237 7968.5642476389
238 7965.898387839
239 7964.22522009599
240 7961.33089088528
241 7959.51278679081
242 7956.59962110895
243 7955.40642173274
244 7952.36502958623
245 7951.22657102893
246 7950.47289349221
247 7950.03923436107
248 7942.81649532545
249 7932.18751934843
250 7927.68389096599
251 7925.06574727699
252 7894.56708314992
253 7887.67304744601
254 7885.40807273538
255 7884.36406894341
256 7881.98039110553
257 7880.55902934055
258 7880.37054172716
259 7880.03510615254
260 7874.94907786347
261 7872.09219571738
262 7871.64465620327
263 7870.9564630408
264 7867.55799598695
265 7862.45418077395
266 7857.87931184798
267 7855.10441152324
268 7848.18464074847
269 7846.06504820772
270 7845.42951590589
271 7843.89080304897
272 7840.96748487171
273 7840.10062396919
274 7837.24452496059
275 7834.72437342027
276 7829.49587172944
277 7828.0523435666
278 7827.7123833832
279 7826.82287345315
280 7821.21438687951
281 7815.10115348697
282 7811.27225190952
283 7809.64959155221
284 7804.56947214308
285 7802.78489137241
286 7802.15134005475
287 7801.42217581843
288 7798.62395373484
289 7792.70935092215
290 7790.26654960816
291 7784.82427169336
292 7782.1995275594
293 7780.92229988943
294 7780.3496117054
295 7779.51494429396
296 7776.7817973047
297 7776.68189238568
298 7775.10123068214
299 7772.84073381669
300 7771.24593187064
301 7769.68492965198
302 7769.08073897638
303 7768.68581247643
304 7763.91281243127
305 7752.44140553649
306 7750.88246176018
307 7745.35590548948
308 7740.04671786673
309 7735.67394280584
310 7733.57310908595
311 7733.12035691062
312 7731.91803990361
313 7730.37164699366
314 7729.95629214893
315 7727.43249570944
316 7725.6082206003
317 7724.50700477978
318 7724.0936616332
319 7723.74947720846
320 7722.29216074354
321 7713.44805298936
322 7710.33195443734
323 7705.68071563663
324 7700.87761970266
325 7698.79316931267
326 7697.82378291107
327 7697.3515872417
328 7695.57746312909
329 7693.8429925852
330 7693.28743075307
331 7692.32325235841
332 7688.06706814169
333 7686.71582626677
334 7686.39926767447
335 7685.70979492893
336 7681.88248081056
337 7679.06047877858
338 7677.0448051404
339 7674.16900227223
340 7671.99896437894
341 7671.25362942546
342 7670.87136642752
343 7668.79613447426
344 7665.50518232711
345 7663.03888354902
346 7660.5273385679
347 7658.87990306013
348 7657.5622704477
349 7657.14840430205
350 7656.75598307076
351 7655.23128587696
352 7651.00972624011
353 7650.45879230352
354 7646.99544051741
355 7644.49088521618
356 7640.84245574671
357 7639.94389366163
358 7639.65174338534
359 7638.68345848675
360 7636.23967233764
361 7634.34147179234
362 7633.11141196831
363 7630.44757176506
364 7629.16829338422
365 7628.75280669459
366 7628.26078066768
367 7627.41269308135
368 7625.85564938581
369 7624.57201330078
370 7623.55323604429
371 7622.68016557493
372 7621.54105691777
373 7621.18040378148
374 7620.90676557823
375 7618.49406579872
376 7612.17033614163
377 7609.39511041916
378 7609.05513184351
379 7602.09975628458
380 7599.16915899085
381 7598.27526914199
382 7597.67361681417
383 7596.70486254274
384 7595.33296414028
385 7594.13777624203
386 7593.0219557731
387 7591.90685878548
388 7591.2432452368
389 7590.95402642908
390 7590.52229337865
391 7589.27722416362
392 7587.58182561129
393 7587.33804284501
394 7584.15668718795
395 7581.49492736185
396 7580.84230006932
397 7580.47853311362
398 7579.77916046078
399 7577.65638206592
400 7577.42285489743
401 7577.27233000241
402 7574.02019358592
403 7568.77688718102
404 7567.9960428092
405 7567.14524982952
406 7567.01987129075
407 7566.25404241263
408 7564.83594112917
409 7563.4298888272
410 7562.90200894662
411 7560.90584502138
412 7559.51779288976
413 7559.26401680488
414 7558.99270468464
415 7557.33129272894
416 7556.22357061213
417 7554.96971079631
418 7551.6588233816
419 7550.07828825752
420 7549.60370948954
421 7549.30029657827
422 7548.4785825398
423 7546.78572575387
424 7545.72337195301
425 7544.44682846379
426 7542.69566599008
427 7541.65717580206
428 7541.36820617577
429 7541.01786822462
430 7539.4906403298
431 7537.96709533236
432 7536.45917759493
433 7533.80638960389
434 7532.07900660992
435 7531.33315486864
436 7531.07888316486
437 7530.58109203544
438 7529.21912627605
439 7528.11140167749
440 7528.04342851514
441 7524.85439883898
442 7522.89615291057
443 7522.35358959492
444 7522.09663699867
445 7521.79402186151
446 7520.88205444507
447 7519.56921017227
448 7518.9138642099
449 7516.96215545552
450 7515.58161641393
451 7514.72399010382
452 7514.45050807921
453 7514.29563758532
454 7512.9565770742
455 7511.22921173047
456 7509.89834467318
457 7508.12316937811
458 7505.94962387722
459 7505.01156478003
460 7504.72882239409
461 7504.52814921063
462 7504.0723139065
463 7502.65785746941
464 7501.47388231591
465 7500.71190711595
466 7499.41445760475
467 7498.61891258777
468 7498.31503732594
469 7498.08396079765
470 7497.19266785844
471 7494.63793874852
472 7494.10471482598
473 7492.14291330519
474 7491.39648710499
475 7489.92056811399
476 7488.31761511164
477 7488.12079252395
478 7487.98920405051
479 7487.16046478594
480 7485.95142756643
481 7485.67303170464
482 7484.17793265561
483 7482.95454116286
484 7482.44664222607
485 7482.27511859822
486 7481.850391181
487 7480.28314805053
488 7478.84080840952
489 7478.7498378089
490 7476.88540581025
491 7475.81274916605
492 7474.89852606614
493 7474.54058113995
494 7474.44517071968
495 7473.79738906313
496 7472.79990228746
497 7472.3698756877
498 7471.06265795581
499 7470.60415237835
500 7469.85546966101
501 7469.70833327724
502 7469.41160603071
503 7467.40130189552
504 7466.13115051523
505 7465.00395123762
506 7463.42784257041
507 7463.32734945656
508 7461.83014554399
509 7461.60779339428
510 7461.46877851094
511 7460.96261903022
512 7460.05684826506
513 7459.58516120828
514 7458.52682364704
515 7457.42673200247
516 7457.03243044909
517 7456.87780814232
518 7456.67871176895
519 7455.7678554294
520 7454.02171220639
521 7453.05940824091
522 7452.35932906121
523 7450.92075080656
524 7450.01871759879
525 7449.86416518275
526 7449.66351113909
527 7448.9763265719
528 7447.66339620727
529 7446.91890706795
530 7445.62226631452
531 7445.15844438762
532 7443.77572266685
533 7443.50852437146
534 7443.39116304565
