iter objective
1 138649.989163676
2 126871.575466594
3 121688.080223908
4 116463.500629854
5 111327.540787824
6 105491.452992976
7 99037.784027872
8 92541.9650807448
9 87007.3061313897
10 79169.0029022065
11 73662.3666825621
12 69358.1311929798
13 66055.5769734336
14 63346.6845007156
15 58865.5008401492
16 56080.6518324406
17 53916.8622687207
18 49760.3366966989
19 47470.5542939399
20 43848.2306281954
21 40125.214153839
22 38092.9329682094
23 37253.9295974472
24 35923.6410458115
25 32291.9142982112
26 30045.3382011609
27 28549.0129912298
28 27277.3354303487
29 26308.846639058
30 26024.4997079663
31 25698.6774441845
32 24933.5300401768
33 23718.7806707247
34 22943.6844284371
35 22762.2156980321
36 21686.5119287901
37 21364.5410323369
38 21228.9506065474
39 20779.0941208881
40 19441.9493553165
41 18724.5378295279
42 18282.1779436308
43 18037.2608563089
44 17586.2753137818
45 17487.3253614552
46 17424.2002088121
47 17351.6285095116
48 16761.4029868839
49 16399.7543995754
50 16015.0077290995
51 14801.974953689
52 14245.7386866039
53 14077.3122076837
54 14017.5478578259
55 13909.2279078771
56 13767.2659676897
57 13651.4121489747
58 13617.0877122251
59 13511.9827272969
60 13398.49685628
61 13364.4914974564
62 13334.2320235349
63 13099.0556086881
64 12897.7890445115
65 12817.3322880927
66 12566.7708442888
67 12427.5379363536
68 12384.7109297141
69 12336.8224793588
70 12179.620841611
71 12051.7907076853
72 11970.5707721815
73 11652.8804110355
74 11460.7988010776
75 11413.1983266585
76 11376.2381333903
77 11363.4012848106
78 11305.2330412959
79 11163.2218695395
80 11085.1088176588
81 11044.6292791655
82 10922.2828334891
83 10818.0705406981
84 10797.2288520628
85 10772.7344690437
86 10632.6370307489
87 10616.2143854827
88 10503.7777036379
89 10242.021078867
90 10070.1956388182
91 10034.8860207631
92 10014.0341188751
93 9999.33233351775
94 9965.2972350481
95 9930.98731271641
96 9896.40206118835
97 9883.21015714778
98 9826.16559589469
99 9799.39673394158
100 9792.95411737473
101 9764.35158080865
102 9659.05372790934
103 9648.11791888144
104 9552.23788916985
105 9463.28328119082
106 9407.47863121793
107 9391.845067726
108 9385.63296533867
109 9372.87811398208
110 9331.00184703453
111 9306.28281255389
112 9268.56856333702
113 9256.9318484804
114 9177.53143365865
115 9164.73538062467
116 9159.51283501839
117 9146.19928978967
118 9113.25069222226
119 9083.03966391956
120 9065.44739071075
121 9039.1876090309
122 9020.53807370974
123 9014.33306512906
124 9009.2354826686
125 8996.76992680677
126 8953.94776606652
127 8923.8781093723
128 8888.869602473
129 8887.11083158702
130 8844.75407591213
131 8837.22149071271
132 8834.12205350952
133 8830.10916602044
134 8804.79615654107
135 8767.14731154161
136 8737.86892197048
137 8719.64150421392
138 8679.06327209786
139 8666.42443044607
140 8662.00491416037
141 8659.44804861802
142 8649.54609459942
143 8624.41280610733
144 8608.29295873084
145 8599.15588431262
146 8591.50465708475
147 8560.01098708234
148 8554.82266776477
149 8552.61723887414
150 8550.43298606147
151 8533.38446834373
152 8531.94354037044
153 8520.28448629127
154 8518.07917196541
155 8467.54039167944
156 8458.55090472601
157 8456.8021408949
158 8453.11815930358
159 8441.74663391994
160 8436.92646420762
161 8435.56817913347
162 8406.44409536023
163 8394.25362077374
164 8389.90653093338
165 8387.97443606457
166 8384.46967834974
167 8373.38333975866
168 8367.5918672139
169 8360.64116140232
170 8336.34123260647
171 8325.54433490927
172 8322.14737347157
173 8320.10536630108
174 8317.1632814993
175 8309.60338115035
176 8304.95784919614
177 8302.67383012758
178 8285.33023992388
179 8277.88926268549
180 8274.84771767621
181 8273.68135033378
182 8270.97820089422
183 8259.46458495799
184 8256.59825601453
185 8255.70749442283
186 8230.90620953409
187 8211.57658469477
188 8203.2264644551
189 8201.29540255923
190 8196.73442837244
191 8193.0328492932
192 8188.90364774475
193 8188.57893745509
194 8182.4067789741
195 8180.53859076153
196 8179.53251908331
197 8177.61980991756
198 8171.05250626065
199 8168.94714454643
200 8159.42117982819
201 8146.96339768637
202 8140.58289203732
203 8138.14808185259
204 8136.90401912229
205 8133.40743503026
206 8123.95945188945
207 8116.71703263803
208 8114.07547294433
209 8103.6757639023
210 8097.59456978582
211 8095.96329806744
212 8093.85449071393
213 8089.18735579543
214 8084.75428183047
215 8081.66971373031
216 8071.83520607609
217 8067.06421087053
218 8065.35794123064
219 8064.11366807162
220 8062.23375128964
221 8057.76268048765
222 8051.7312412928
223 8047.07954184833
224 8041.21607699573
225 8037.1081030073
226 8035.64143708331
227 8034.59367604678
228 8032.39218241197
229 8023.51535719507
230 8014.42591492894
231 8008.82253065831
232 8005.11696713108
233 7998.71997183569
234 7996.25811143364
235 7995.33489351527
236 7994.46177018187
237 7990.90513189543
238 7976.97682528076
239 7969.46137365292
240 7962.62569627887
241 7949.45582444703
242 7943.65424329726
243 7941.11034449948
244 7940.20491486027
245 7938.55701852634
246 7933.46725267805
247 7928.61345665614
248 7925.88568581883
249 7921.31487693991
250 7918.58572898535
251 7917.11428780339
252 7916.40323438764
253 7914.98019209241
254 7908.75083553167
255 7904.18729346726
256 7898.88911374695
257 7886.74888992497
258 7879.08413665674
259 7875.03959316545
260 7873.98407449803
261 7872.91437530596
262 7870.47884435201
263 7869.58872211825
264 7867.13713872748
265 7863.3870442749
266 7860.85699459749
267 7860.06501724375
268 7859.67902377848
269 7858.33729290693
270 7847.87732079988
271 7844.41026879638
272 7839.4576347011
273 7827.03436312009
274 7822.15972901077
275 7820.56927511304
276 7819.52872434864
277 7817.63429761907
278 7814.84158788702
279 7813.04462836965
280 7810.7189173728
281 7809.09395079883
282 7808.25818861024
283 7807.69932248443
284 7807.23049156388
285 7805.47789629702
286 7794.78666359275
287 7787.08064268373
288 7781.17125309631
289 7779.22444967029
290 7766.94844818142
291 7763.66100583314
292 7762.53978034075
293 7761.79293889024
294 7759.93798044157
295 7757.33358571726
296 7755.48236383932
297 7753.84142034429
298 7751.48999482274
299 7750.53575744134
300 7750.13528468597
301 7749.6360024032
302 7744.87355208779
303 7739.18060742588
304 7736.35716652556
305 7734.77641615047
306 7732.20713519105
307 7728.09019370289
308 7727.42030535734
309 7726.97417097098
310 7724.62529473828
311 7722.25229440354
312 7721.71806322436
313 7716.64404495074
314 7713.63193277293
315 7712.00481155802
316 7711.58389959636
317 7711.14079130552
318 7708.4398583478
319 7706.57554356383
320 7704.41930254686
321 7699.43531077536
322 7697.07078600869
323 7696.01370510672
324 7695.57068817302
325 7694.53039735935
326 7692.01750409504
327 7689.82992254255
328 7688.14520754067
329 7685.60046926708
330 7684.50132819321
331 7683.79980726196
332 7683.3776951502
333 7682.95454392392
334 7681.18515052467
335 7675.03638770942
336 7672.79920939787
337 7672.12602586502
338 7666.94116953928
339 7662.53404915171
340 7661.57002504786
341 7661.26576620004
342 7660.03468195419
343 7658.20665623652
344 7655.76645981396
345 7654.75355840601
346 7653.86577621745
347 7651.8824225844
348 7651.44562774763
349 7651.21774444419
350 7649.33505470369
351 7642.71685601532
352 7639.57318569478
353 7636.48147755972
354 7635.81840959046
355 7631.12955148755
356 7630.23721316195
357 7629.88127448132
358 7628.66837807845
359 7626.65154098456
360 7625.2876519844
361 7623.60383116322
362 7622.09686332624
363 7620.8012962749
364 7620.15419558575
365 7619.98829613128
366 7618.77883763012
367 7616.81859270801
368 7615.20449561618
369 7613.33789344072
370 7611.4475581286
371 7610.67245777353
372 7610.39661746582
373 7609.72871355336
374 7606.99046160051
375 7605.05678315838
376 7603.09551257368
377 7600.9924131745
378 7600.02223853909
379 7599.2535650747
380 7599.00574653743
381 7598.41523870712
382 7596.31003908324
383 7594.2227396996
384 7593.17018246301
385 7591.56180702314
386 7589.97687735462
387 7589.12672203091
388 7588.86845431072
389 7588.2886284698
390 7586.40766277903
391 7585.54792337771
392 7583.51449339483
393 7579.85624108663
394 7579.06920337424
395 7577.88371218357
396 7577.68696472581
397 7577.15629154048
398 7575.02293513299
399 7573.98237363451
400 7571.71966509053
401 7568.18529302696
402 7566.31045614341
403 7565.03167287725
404 7564.81125809484
405 7564.16207800687
406 7562.94170438241
407 7562.00263615852
408 7561.01208129624
409 7560.47689871875
410 7559.41577377907
411 7559.12126125022
412 7558.85745868546
413 7558.24194889001
414 7556.72521153363
415 7555.88661494672
416 7554.70138627749
417 7553.75285203082
418 7552.19073656514
419 7551.96098430958
420 7551.62154054997
421 7549.58757652935
422 7544.12625658363
423 7543.94721766202
424 7542.47956208032
425 7536.2989070431
426 7533.0655662257
427 7531.07525799018
428 7530.80127019838
429 7530.40656298684
430 7529.3421924488
431 7528.46638979771
432 7527.77772234065
433 7526.91240810486
434 7526.43084786551
435 7526.03259067912
436 7525.79335842722
437 7525.4452994892
438 7524.48057334962
439 7523.19217764263
440 7522.10550609041
441 7520.6687234243
442 7519.96413033636
443 7519.62486181979
444 7519.34955680668
445 7519.07206937845
446 7518.06118904941
447 7514.50875421123
448 7512.87281522945
449 7511.31004581597
450 7509.56659824069
451 7508.86633964055
452 7508.48001708975
453 7508.18190491309
454 7507.63183435489
455 7506.69940604293
456 7505.84583222691
457 7504.90294839421
458 7504.63375779094
459 7503.76730898675
460 7503.5715915265
461 7503.32911722171
462 7501.81451471395
463 7498.34558793645
464 7496.66828545748
465 7493.74629487983
466 7491.40216954624
467 7489.36831598627
468 7489.01648259211
469 7488.76403821692
470 7488.03966961376
471 7487.40775878329
472 7486.59345571277
473 7486.27709932504
474 7485.13779940633
475 7484.86109510677
476 7484.68720751578
477 7484.19370993524
478 7482.82527817646
479 7481.81370364946
480 7481.48538367264
481 7480.75163928336
482 7478.76473804342
483 7478.31342360439
484 7478.17568329536
485 7477.88202510056
486 7476.04862226885
487 7474.26904407124
488 7472.92199467481
489 7472.29363167833
490 7471.2346530442
491 7470.26673220272
492 7470.04017752765
493 7469.77163329487
494 7468.82361183641
495 7467.19020030351
496 7466.20256773549
497 7465.20809718334
498 7464.25479356804
499 7463.5103279712
500 7463.33909928481
501 7463.17142597507
502 7462.09630399008
503 7460.25670968015
504 7459.26591008166
505 7457.89949894118
506 7455.65203344128
507 7454.91771634694
508 7454.73450503747
509 7454.24104255094
510 7453.34763333401
511 7453.15757592134
512 7452.72625891168
513 7451.41822364925
514 7451.05346925681
515 7450.92069287704
516 7450.77447716113
517 7449.77849428679
518 7448.3542637914
519 7447.62602307447
520 7446.09359542497
521 7444.63805108813
522 7444.09078094203
523 7443.93744520755
524 7443.58268322588
525 7442.78602461319
526 7442.1426763674
527 7441.62692849365
528 7440.97776637323
529 7440.59630100566
530 7440.37974701848
531 7440.23945009389
532 7439.80866743386
533 7436.79934029764
