iter objective
1 13709.5950426523
2 10586.1682298638
3 9446.68632608368
4 8871.2413342097
5 8584.0850039494
6 8409.49863981151
7 8298.73227612141
8 8227.35684201877
9 8178.63349964226
10 8144.24681598137
11 8118.79421467274
12 8099.3804554627
13 8084.53515288907
14 8072.75947055946
15 8063.14868102629
16 8055.45639079073
17 8048.96956506017
18 8043.58602451503
19 8039.0513786009
20 8035.25236331782
21 8031.97430432118
22 8029.22443764472
23 8026.76912844868
24 8024.64743288973
25 8022.79592655863
26 8021.15852737951
27 8019.73068179874
28 8018.4838105872
29 8015.88474368993
30 8013.97592688535
31 8012.44687128441
32 8011.15187485922
33 8010.01839414684
34 8009.02163415609
35 8008.11822668372
36 8007.3116985169
37 8006.57501059642
38 8005.91052476542
39 8005.30384886345
40 8004.74819515766
41 8004.24309358338
42 8003.77658761427
43 8003.33715725814
44 8002.92518854403
45 8002.54044993022
46 8002.1892316775
47 8001.86477722322
48 8001.55790545534
49 8001.27791916774
50 8001.00821662694
51 8000.75525235773
52 8000.51964972123
53 8000.30012209742
54 8000.09057623539
55 7999.89566995314
56 7999.70882005954
57 7999.53123065579
58 7999.36772169574
59 7999.20683877212
60 7999.05968840904
61 7998.92726539662
62 7998.78535723918
63 7998.65676441505
64 7998.53653495399
65 7998.42206775604
66 7998.31358800117
67 7998.2106399857
68 7998.1138933181
69 7998.02157993429
70 7997.93310833508
71 7997.84896803052
72 7997.7707444032
73 7997.69376121079
74 7997.62007113629
75 7997.55065156256
76 7997.4846051014
77 7997.42026596159
78 7997.35973106454
79 7997.30242692927
