iter objective
1 27469.8120411408
2 23810.5640138243
3 23043.8894629846
4 22811.9280100508
5 22712.4021024548
6 22681.1745018349
7 22664.9688644386
8 22646.4343915392
9 22635.6637665177
10 22629.8875039207
11 22625.4555965913
12 22622.8575047805
13 22620.777852801
14 22619.3134395238
15 22618.0363872209
16 22617.1341290385
17 22616.2665282073
18 22615.6417342354
19 22614.9639929902
20 22614.4589696763
21 22613.9653544909
22 22613.5752467066
23 22613.1985367291
24 22612.8882342918
25 22612.6000386492
26 22612.3560254862
27 22612.1336718818
28 22611.9454037166
29 22611.7720923806
30 22611.6260460208
31 22611.4922379726
32 22611.3762436398
33 22610.0656974989
34 22609.7150729434
35 22609.433349377
36 22609.1971256888
37 22608.994071244
38 22608.8113077146
39 22608.6544720822
40 22608.5173915018
41 22608.3966731542
42 22608.2900774913
43 22608.1949254455
44 22608.1107937445
45 22608.0363486525
46 22607.9693879738
47 22607.9097053604
48 22607.8563001014
49 22607.8078786297
50 22607.7636923656
51 22607.7234258834
52 22607.6870679864
53 22607.6532973654
54 22607.6224849799
55 22607.5941621245
56 22607.567791204
57 22607.5433521186
