iter objective
1 30417.8575847258
2 29370.5927353241
3 28118.4556741072
4 27875.2761456259
5 26668.7846373836
6 26207.8384961534
7 25989.0753537417
8 25682.105621614
9 25337.0621123543
10 25040.819936001
11 24756.8049032464
12 24354.9253004868
13 24121.3647686759
14 23938.9887098058
15 23709.3701805819
16 23573.5734622875
17 23402.4789671082
18 23387.1032358471
19 23246.6698167011
20 23177.7418988153
21 23077.2693020507
22 22995.6741811067
23 22974.7475935409
24 22904.4927006624
25 22882.8017167521
26 22863.5238275162
27 22834.5000375561
28 22812.6030767755
29 22788.2473176621
30 22749.1152549478
31 22740.080641808
32 22729.0609425613
33 22720.9155162896
