iter objective
1 30188.1293679092
2 27192.4674968936
3 25277.3338849142
4 24335.3783235391
5 21841.462739506
6 20630.2209430413
7 19582.9397332165
8 18914.5250327792
9 17767.6062843752
10 17236.6510996146
11 16664.2200141564
12 16211.321325638
13 15746.0522862048
14 15239.2566791412
15 14828.0878401454
16 14445.2650352547
17 14122.9770054235
18 13775.1941066332
19 13430.4998568275
20 13130.0105519375
21 12872.6598706164
22 12663.9491642774
23 12471.5524192702
24 12286.6693087778
25 12109.9097171625
26 11954.1020433736
27 11814.2114767668
28 11675.8659279542
29 11535.6626304956
30 11435.2371468502
31 11337.0543760275
32 11248.0899200492
33 11180.6460866143
34 11099.4242574631
35 11044.0639673366
36 10952.8176081233
37 10900.7666659316
38 10842.4154495752
39 10761.6427713033
40 10689.0334225415
41 10615.5392371151
42 10567.8558089287
43 10522.0867490061
44 10471.1865913926
45 10429.4997407138
46 10393.6394920669
47 10356.1738361174
48 10323.7606222316
49 10289.5075126786
50 10231.3988817479
51 10220.2381902546
52 10162.1896002911
53 10140.9660791666
54 10116.672426934
55 10063.2717109423
56 10056.0693154061
57 9973.87170616344
58 9955.23239674528
59 9921.68941303619
60 9900.04586810523
61 9864.04663211039
62 9840.18167033705
63 9823.96956425379
64 9805.36811795123
65 9789.55941071588
66 9766.68150507768
67 9760.56793741645
68 9737.00175113607
69 9726.16935616322
70 9712.64907615228
71 9702.63156593854
72 9687.95287094953
73 9679.79324673825
74 9664.85047822888
75 9656.33963726499
76 9646.09551105256
77 9637.63774283583
78 9627.48973500273
79 9621.59741255564
80 9608.18089319511
81 9601.64936650915
82 9591.84153577843
83 9585.03502246895
84 9576.96074903473
