iter objective
1 30728.1161670601
2 28810.1171679986
3 28361.4059780241
4 27797.8464473563
5 27101.6215073194
6 26495.7374257554
7 26209.1970977352
8 26009.37671736
9 25859.129178375
10 25783.3156269844
11 25517.722199133
12 25289.1136088064
13 25122.6238337428
14 25003.4631415182
15 24835.9494793075
16 24779.8207974942
17 24756.9160908478
18 24686.3410684707
19 24515.0241079169
20 24441.4288829499
21 24383.2737265483
22 24346.5212538221
23 24302.8211216888
24 24289.3944636981
25 24276.6863804241
26 24195.9901977712
27 24112.2021432274
28 24054.3819940032
29 23974.9388380301
30 23922.1613055233
31 23904.2006683165
32 23897.219247351
33 23882.6778182444
34 23856.8996000245
35 23842.8954605272
36 23841.9763294628
37 23811.3859516323
38 23791.6903606382
39 23787.2001174994
40 23780.7615932735
41 23740.5015923553
42 23701.6522116232
43 23688.8399218912
44 23666.8948233306
45 23626.5360844934
46 23611.125562633
47 23606.7697619548
48 23603.8925818731
49 23587.4899673009
50 23567.8688685539
51 23564.5603971856
52 23545.4750609613
53 23516.554011222
54 23507.4073293907
55 23505.2392596152
56 23499.2314990537
57 23486.2306307359
58 23477.3041776699
59 23469.7908164352
60 23465.1454095716
61 23453.7168012699
62 23450.1944258152
63 23448.7738316315
64 23442.8031234841
65 23395.445611856
66 23393.5226785805
67 23380.5631847766
68 23369.2700605551
69 23318.0739246914
70 23301.2787443344
71 23298.3832814102
72 23293.4696679998
73 23288.526268043
74 23284.46355267
75 23283.6191888204
76 23277.203648062
77 23275.7099133078
78 23274.6273213648
79 23269.3168686866
80 23253.5887489252
81 23245.5497936192
82 23240.0421132355
83 23237.4078728691
84 23223.1899905371
85 23220.9323091765
86 23220.1595899489
87 23217.0200542737
88 23198.8367764383
89 23192.4854058294
90 23185.6481488299
91 23179.2970769979
92 23172.7824571985
93 23170.7251269365
94 23169.9544858107
95 23166.3325010591
96 23158.3598950837
97 23152.3010157676
98 23151.8976360489
99 23146.7238250054
100 23138.9394813882
101 23136.9374331891
102 23136.3191875685
103 23133.8533144034
104 23122.8663005096
105 23120.8155141417
106 23113.075626417
107 23109.3505971141
108 23100.6294013805
109 23097.3946043683
110 23096.826705258
111 23095.4442986758
112 23090.2183963636
113 23085.8878376776
114 23083.1988986408
115 23079.7237106224
116 23075.5395117767
117 23074.232108038
118 23073.5293569281
119 23070.0196342444
120 23063.8617687652
121 23063.8355143441
122 23057.5160037267
123 23049.7099720182
124 23047.1435163164
125 23046.2088254714
126 23045.7462474058
127 23044.2151692663
128 23036.2348796212
129 23035.7781423582
130 23030.0078810857
131 23023.6676126606
132 23005.3377477358
133 23002.0816769009
134 23001.2974691368
135 22999.8807017716
136 22997.8559636217
137 22997.6461283033
138 22994.6942598908
139 22992.9541441684
140 22991.5498943164
141 22991.1400689
142 22990.8270606695
143 22986.1336939633
144 22970.6002265673
145 22964.5636395954
146 22957.7252056149
147 22956.7918607103
148 22946.6215925658
149 22944.4724884237
150 22943.95820382
151 22942.6935026713
152 22940.8235591919
153 22939.3619282627
154 22938.1994965812
155 22937.208964465
156 22936.2405303622
157 22935.8986005372
158 22935.4753126172
159 22932.6336235605
160 22923.7673453637
161 22920.4881333787
162 22915.0822768963
163 22912.5321967516
164 22908.2541092181
165 22907.5106466974
166 22907.1073841366
167 22893.1969931549
168 22891.8388742335
169 22890.7713386146
170 22890.0077147423
171 22888.6529943248
172 22888.1005994756
173 22886.7697996925
174 22885.3719234281
175 22884.9669364481
176 22884.5441601853
177 22882.5223025902
178 22882.4055792334
179 22881.7542290335
180 22877.4975073366
181 22873.7288326456
182 22873.0478961295
183 22872.7465824876
184 22872.1812394869
185 22871.711922135
186 22871.1647809719
187 22870.923757957
188 22870.1483788752
189 22869.5857779688
190 22869.377987885
