iter objective
1 29739.8175050008
2 29699.5147707845
3 27192.9354831467
4 25081.4144780321
5 23904.7978744264
6 23418.5752605205
7 22686.9158086167
8 21985.1601932062
9 21621.775483637
10 21263.9063039063
11 21109.7816718193
12 20699.4202758879
13 20673.4674513726
14 20227.8654704776
15 20027.3900680274
16 19919.3976628031
17 19750.5439392367
18 19503.3474797469
19 19446.9622552361
20 19183.3770400217
21 19055.481060685
22 19019.699493633
23 18887.557706189
24 18672.8402656876
25 18656.5510332879
26 18432.1256635109
27 18329.5589372018
28 18311.0218934382
29 18196.1997026903
30 18030.3015651411
31 18024.6805496756
32 17839.6613544804
33 17755.618125517
34 17736.3353538019
35 17637.5536598539
36 17512.8582942873
37 17505.4176806017
38 17356.4786392168
39 17286.6607477884
40 17263.6727948077
41 17179.1230468
42 17083.8677272264
43 17070.0119874062
44 16951.8785883755
45 16893.1244153508
46 16865.6531983677
47 16793.6294250439
48 16719.7814614668
49 16698.0916115123
50 16605.7176422733
51 16555.9036046389
52 16523.5330324555
53 16462.8697182673
54 16405.1454517472
55 16375.7201492294
56 16304.653688684
57 16302.2427713024
58 16209.3917725959
59 16165.2362707326
60 16141.1780253629
61 16086.6517981296
62 16037.1587054795
63 16010.8452585573
64 15951.3316775586
65 15944.6366178809
66 15869.4687783744
67 15832.026664619
68 15806.5099666137
69 15760.9058484969
70 15721.5343946185
71 15692.2272872822
72 15646.4671953648
73 15630.1434451703
74 15574.6153844012
75 15572.1156518037
76 15505.3011718905
77 15473.1277904134
78 15450.0335995938
79 15411.3344646741
80 15379.2661106668
81 15350.8978555326
82 15314.8778062941
83 15294.5493890421
84 15252.8285280078
85 15241.125785722
86 15192.7956087401
87 15189.6356399643
88 15134.4486157849
89 15107.6438627415
90 15085.4150970442
91 15054.0693196225
92 15047.6142128601
93 15006.7917352228
94 14975.3785528142
95 14956.770896013
96 14922.417718504
97 14909.1391858327
98 14870.927689686
99 14862.6448800713
100 14820.7008723315
101 14816.8885677117
102 14771.6030642557
103 14771.4828271461
104 14723.5412858604
105 14701.309928423
106 14681.8568861996
107 14656.5978832693
108 14645.7679589252
109 14614.9269274165
110 14592.2831398374
111 14571.9574588645
112 14548.1998713779
113 14530.1439018405
114 14505.1154012465
115 14489.132736104
116 14462.9579373799
117 14448.8452395705
118 14421.6780860635
119 14409.1762021366
120 14381.2254438905
121 14370.0493331915
122 14341.5621525771
123 14331.4228550314
124 14302.6549737139
125 14293.272120907
126 14264.4778670904
127 14255.5943719134
128 14227.0122223314
129 14218.3862611585
130 14190.2231296652
131 14181.6376951494
132 14154.104770644
133 14145.4007748612
134 14118.6442647417
135 14109.6878589783
136 14083.8277612617
137 14074.5110884115
138 14049.6393384568
139 14039.8760866197
140 14016.0532625464
141 14005.7902506882
142 13983.0577045036
143 13972.2757185285
144 13950.6476724045
145 13939.3333300751
146 13918.8026863682
147 13906.9634360929
148 13887.51838593
149 13875.1487621949
150 13856.7700200111
151 13843.8897942184
152 13826.5451567955
153 13813.1808645128
154 13796.8352761492
155 13783.0114035197
156 13767.622642536
157 13765.9905253479
158 13725.869062503
159 13711.4515174581
160 13698.8788655331
161 13684.0514179269
162 13672.5100882348
163 13657.1271521402
164 13646.488759673
165 13630.6307606701
166 13620.8794887188
167 13604.5514894051
168 13595.6958743852
169 13578.8769919972
170 13570.9371346349
171 13553.6020162799
172 13546.6004994047
173 13528.7122937951
174 13522.6774916605
175 13504.1987995817
176 13499.1540674099
177 13480.0552135467
178 13476.0249724183
179 13456.2683571965
180 13453.2741168133
181 13432.8293055477
182 13430.8865816219
183 13409.7265603035
184 13408.8526073952
185 13386.952005066
186 13374.536601336
187 13371.3511648723
188 13340.6059530154
189 13339.7271952158
190 13316.83199977
191 13311.7739243841
192 13293.8488652399
193 13286.0766938649
194 13271.4603335974
195 13261.8503642542
196 13249.5583018959
197 13246.7465554481
198 13217.9289270849
