iter objective
1 29817.9282716647
2 29799.7040401317
3 27327.5612719406
4 25251.5706742409
5 24101.5416748132
6 23628.8004690874
7 22930.2990952347
8 22258.3528323192
9 21917.2304097277
10 21570.6886367574
11 21426.0170548488
12 21035.1228549326
13 21013.5038936938
14 20590.1684592015
15 20398.5510891587
16 20293.6027021222
17 20127.5443373278
18 19904.6481037149
19 19851.2615525766
20 19603.9466689816
21 19484.4239957891
22 19446.3161417682
23 19322.7532914312
24 19128.3074528824
25 19119.1370184821
26 18905.1201248235
27 18808.9684618419
28 18797.2927916091
29 18689.7342082771
30 18531.3514559794
31 18451.8964533607
32 18397.2316300433
33 18310.9508554499
