iter objective
1 29990.1978379139
2 29598.2507053664
3 29205.5000173749
4 28528.1872567878
5 27894.5593960712
6 27399.2839991636
7 26624.1918042094
8 25929.7351589931
9 25293.8334289476
10 24589.0693200228
11 24088.7213552111
12 23725.5253482839
13 22913.2291993097
14 22487.2531511096
15 22246.3016222787
16 21909.9957338188
17 21033.0617911978
18 20613.4762442427
19 20143.2239870945
20 19697.3618928595
21 19495.6098679881
22 19356.9492719866
23 19244.9135955436
24 18999.5400280407
25 18418.4107836173
26 18075.0787374567
27 17737.8457008002
28 17388.8651540506
29 17226.7385127407
30 17155.1386395831
31 17041.9184094458
32 16811.4928992643
33 16687.299272323
34 16423.5306537431
35 16138.8450673575
36 15987.3497690119
37 15928.6925986786
38 15863.0114335421
39 15514.9859673195
40 15108.1297758194
41 14936.7696281482
42 14777.9509337056
43 14622.6339179256
44 14525.0247496742
45 14505.2982219411
46 14427.9805142014
47 14136.7278484996
48 13917.0296542227
49 13768.4949696348
50 13588.2595168644
51 13519.9768693501
52 13487.080900229
53 13466.4877035141
54 13405.9869692823
55 13177.8128328956
56 12939.6252075803
57 12855.1847248171
58 12731.4632375222
59 12656.9096420462
60 12603.7757846076
61 12588.5224819799
62 12572.7260741498
63 12479.7447304469
64 12349.6190384367
65 12289.1903428592
66 12113.0317414726
67 12019.2308902695
68 11985.5306206401
69 11973.322727346
70 11943.620820634
71 11835.7746248715
72 11749.7083260563
73 11744.4106082011
74 11665.9761494368
75 11583.6694274278
76 11557.1091898833
77 11546.98828816
78 11529.3957862256
79 11457.2280112853
80 11385.4540257601
81 11312.2908951832
82 11189.088968483
83 11149.245907035
84 11119.7285912638
85 11110.3454141428
86 11102.1639213456
87 11046.1580603329
88 10970.3163822239
89 10912.2487087834
90 10864.9112560219
91 10811.9946862645
92 10776.1747806635
93 10768.2531685017
94 10761.6814046085
95 10733.5805917379
96 10695.0639136421
97 10665.6760851024
98 10628.330889891
99 10599.4251462465
100 10590.1520520265
101 10583.9755561342
102 10558.1559671525
103 10473.3557267016
104 10460.4741792035
105 10450.6616143773
106 10384.3087409852
107 10283.2168880348
108 10259.1104298972
109 10253.2907453064
110 10248.6503289708
111 10218.743790349
112 10210.0444629352
113 10191.9967427614
114 10135.4935268606
115 10083.4927523407
116 10071.0746332953
117 10065.8678850181
118 10055.8705492785
119 10036.6256257574
120 10019.7824242324
121 10006.2761918685
122 9992.09431586587
123 9983.61670627436
124 9978.54894380843
125 9970.578018685
126 9936.18147928408
127 9898.67976613543
128 9872.99304724306
129 9853.16343392582
130 9847.06653354124
131 9815.90585252271
132 9812.00578194672
133 9808.93503055217
134 9789.50968116276
135 9700.75447972538
136 9618.03686729461
137 9588.85174863882
138 9565.53332722191
139 9522.86807574344
140 9506.31385569821
141 9501.50392165389
142 9498.18698664433
143 9489.18413037212
144 9481.82601731765
145 9476.64000483004
146 9474.87560565889
147 9460.87349252236
148 9455.04637535518
149 9453.85449436443
150 9449.10572014355
151 9418.50886876775
152 9412.4572961395
153 9402.942079966
154 9386.38066432029
155 9375.06944044471
156 9369.57818907073
157 9367.81486956561
158 9361.88757879808
159 9344.93692858874
160 9337.51492868214
161 9327.95427109538
162 9312.34704004866
163 9299.21540687972
164 9296.75917360062
165 9294.55710726535
166 9287.4750208564
167 9264.08266054636
168 9247.07699301164
169 9235.41030711383
170 9231.18445112085
171 9208.96923234734
172 9201.28592034682
173 9199.92131806497
174 9198.1112031865
175 9185.04798753113
176 9170.07742585573
177 9155.84595561933
178 9147.03391289017
179 9132.35737259821
180 9125.16765578158
181 9121.68817651619
182 9120.84310257298
183 9116.11324546397
184 9107.3752969132
185 9105.67086164487
186 9095.60675576507
187 9089.3994624929
188 9083.30709757074
189 9081.97869885886
190 9080.87919056935
191 9071.9979328396
192 9062.85082274841
193 9055.61393640341
194 9044.59423205049
195 9033.97890581778
196 9029.16447841194
197 9027.95293935298
198 9026.78291664435
199 9019.67986692029
200 9019.26241549834
201 9013.1636543432
202 8998.49017494227
203 8989.52863810056
204 8987.43397509289
205 8986.36159663391
206 8984.77814538533
207 8980.02522904882
208 8973.36826085799
209 8970.5515528892
210 8959.81432340899
211 8953.96116041368
212 8949.56308285239
213 8948.77228084625
214 8947.85747724742
215 8942.96756369087
216 8922.50011496417
217 8911.1874709918
218 8901.28955901305
219 8893.60706236899
220 8888.48983147311
221 8886.48612666598
222 8885.60135836832
223 8882.33468990312
224 8873.02700811159
225 8870.05947034617
226 8869.82487456004
227 8861.58354965194
228 8852.27368317837
229 8848.75683666538
230 8848.0995133036
231 8846.67676922052
232 8842.76520665861
233 8838.21512021873
234 8835.11570163174
235 8831.67263856982
236 8823.74492321482
237 8821.66395130597
238 8821.06953562895
239 8819.47468629981
240 8813.90895460747
241 8812.95098871459
242 8812.95098871447
243 8811.508425873
244 8796.61260532217
245 8793.51121688529
246 8793.04977164958
247 8791.52587651005
248 8787.97075513579
249 8784.42533413587
250 8780.29839641819
251 8774.50001251312
252 8770.34289335305
253 8769.17214891079
254 8768.46650957222
255 8767.23076075461
256 8763.00192343277
257 8761.91486921772
258 8757.59626447865
259 8745.75838699844
260 8741.37359774558
261 8739.97838522407
262 8739.40602066518
263 8738.44821995095
264 8732.55231107261
265 8725.61229449074
266 8720.26571557705
267 8714.05206987606
268 8712.12641383625
269 8706.90526854953
270 8705.75609959724
271 8705.2423557719
272 8704.72230040829
273 8702.59694724631
274 8696.09107250534
275 8691.83699453243
276 8690.20473384638
277 8682.47271435051
278 8678.03918307094
279 8676.89460697095
280 8676.33047419293
281 8674.33301133556
282 8669.24725085308
283 8668.39527195798
284 8666.09484649409
285 8663.90037394425
286 8657.19934246716
287 8656.36244799273
288 8655.97482697207
289 8655.20159484684
290 8651.439174053
291 8648.00741278893
292 8646.60826660075
293 8643.15519313493
294 8640.2186205925
295 8639.35288026049
296 8638.81884353805
297 8637.28225614391
298 8631.8351396661
299 8628.90339504145
300 8626.82654058628
301 8619.62771322516
302 8616.40827473628
303 8615.21619888804
304 8614.70713220143
305 8614.33898745034
306 8612.48644227624
307 8611.77847621383
308 8609.3460447177
309 8606.67544450001
310 8605.47421644996
311 8604.8546539761
312 8604.30742706697
313 8602.3617416453
314 8602.0235227037
315 8587.21611077867
316 8580.4744543792
317 8576.64679364233
318 8572.35343123589
319 8559.18908710403
320 8555.7810101387
321 8555.2690602782
322 8554.02699707471
323 8553.40741037337
324 8552.01007127114
325 8551.96637275548
326 8549.49228728515
327 8549.1209818446
328 8548.74340613259
329 8545.30414542993
330 8545.19736515016
331 8544.09585283718
332 8542.68170646295
333 8541.75194676503
334 8541.21174491758
335 8540.75918769598
336 8539.33679858412
337 8535.06534901569
338 8533.95230570613
339 8532.6245096427
340 8526.48760207331
341 8523.79841626375
342 8523.22889374404
343 8522.82936139947
344 8521.94323840236
345 8519.24635752967
346 8518.88094313121
347 8516.24274895141
348 8515.82224290085
349 8508.19138610318
350 8507.10511174294
351 8506.71109273034
352 8506.51397107746
353 8504.6704181749
354 8502.89090782951
355 8500.90768627979
356 8498.17924348703
357 8495.65321620919
358 8494.86746713823
359 8494.6037440697
360 8494.09314276615
361 8491.54632916356
362 8491.28848100144
363 8488.81913332649
364 8487.51145331388
365 8483.09459276524
366 8481.4053387473
367 8481.04564205666
368 8480.87393930545
369 8479.39134387302
370 8477.90586593068
371 8475.63366608055
372 8473.68474798169
373 8471.41088595173
374 8470.37596216098
375 8470.11225330705
376 8469.79693260748
377 8467.40529806614
378 8464.94737989648
379 8464.42452928282
380 8462.33604676827
381 8460.40004403968
382 8458.55070892846
383 8458.13180759699
384 8457.94452762388
385 8456.94469515212
386 8453.84926016374
387 8452.03799928677
388 8450.5931144216
389 8449.52941115672
390 8446.90088362631
391 8446.43456236895
392 8446.22092843731
393 8445.23133518195
394 8442.46073406845
395 8441.28128775951
396 8440.67565252313
397 8438.93945857751
398 8435.24049047475
399 8434.73239116321
400 8434.50416889697
401 8434.26671593343
402 8432.14712190897
403 8428.39394807197
404 8426.47891800364
405 8426.08501453453
406 8422.28924980971
407 8420.37885241912
408 8419.60437710009
409 8419.44327829653
410 8418.88690165809
411 8417.39809429913
412 8416.16177813367
413 8415.9084817025
414 8414.10091300807
415 8413.22240531771
416 8412.93783175356
417 8412.67079475678
418 8411.88197989119
419 8409.73963918342
420 8408.28580053798
421 8406.59019257533
422 8406.33504744897
423 8404.31025244726
424 8403.59178837353
425 8403.47418923414
426 8402.96909821181
427 8400.33907462598
428 8397.46098032036
429 8395.71132133936
430 8394.96277358112
431 8394.31022247487
432 8391.56334424013
433 8391.3404090868
434 8391.04982531936
435 8390.00105058642
436 8387.75032384025
437 8387.03248010339
438 8384.85327078326
439 8382.59910042241
440 8381.6697169505
441 8381.38029777049
442 8381.17939270525
443 8380.53163744119
444 8379.1370005095
445 8378.37988642962
446 8377.45490825758
447 8376.53146329793
448 8375.28688720119
449 8375.06079332382
450 8374.89416462383
451 8373.02057679705
452 8370.88471842771
453 8369.39148158285
454 8367.38798265487
455 8364.88527501871
456 8363.10569488063
457 8362.76947575802
458 8362.60423389568
459 8361.8344071057
460 8361.11548023111
461 8360.3601944554
462 8359.26131049403
463 8358.57818969382
464 8358.30893831967
465 8358.14026821771
466 8357.54067690615
467 8355.02085163948
468 8354.62224819044
469 8353.8191135959
470 8352.85445821223
471 8347.99324854532
472 8347.37765012431
473 8347.19631033504
474 8346.98382025412
475 8346.09316753451
476 8344.49387133266
477 8344.21940167493
478 8342.89445721054
479 8340.34087436955
480 8339.18779728931
481 8338.92482396429
482 8338.77417339149
483 8338.15304702054
484 8335.85085264113
485 8335.21657670735
486 8333.84134401143
487 8333.00830571025
488 8330.41586372034
489 8329.86695349149
490 8329.71796632351
491 8329.57830870723
492 8328.51343595912
493 8328.01293262189
494 8327.3335286064
495 8325.22424886332
496 8323.13932503501
497 8322.59120409849
498 8322.43800798173
499 8322.03718056928
500 8320.85499345542
501 8319.83732346903
502 8319.66834560636
503 8319.58579229709
504 8317.45985164442
505 8317.05721489626
506 8316.94363155835
507 8316.64339277687
508 8315.60408267008
509 8315.06712961788
510 8313.95007341207
511 8313.29043618577
512 8311.37677446529
513 8310.80638297777
514 8310.68807919001
515 8310.42485214879
516 8309.20306432117
517 8308.08133424471
518 8307.85010034539
519 8307.18946552994
520 8305.74855307077
521 8305.06528649232
522 8304.94725315617
523 8304.51021779613
524 8303.27266393841
525 8301.96228609524
526 8301.15482948964
527 8300.40370337832
528 8300.02827802515
529 8299.6613557732
530 8299.51856102542
531 8299.2626611043
532 8297.99776047495
533 8297.84200130431
534 8296.56304816429
535 8293.37112268429
536 8291.29060979847
537 8290.49612757231
538 8290.32651881698
539 8290.19361353201
540 8289.48549742586
541 8289.41907993308
542 8288.70969824051
543 8288.3415149226
544 8287.39089919395
545 8287.23245851278
546 8287.11524724852
547 8287.00888127979
548 8286.35715836302
549 8284.04807287244
550 8283.13641538928
551 8283.02501437015
552 8280.67262393687
553 8279.55709893298
554 8279.33933913123
555 8279.18279162335
556 8278.78802714736
557 8277.70804522594
558 8277.55543186742
559 8277.38750252254
560 8274.60043687193
561 8273.29003676969
562 8272.7806201477
563 8272.65020032304
564 8272.44362342831
565 8271.93421771138
566 8271.4846286211
567 8271.00802512556
568 8269.94293168086
569 8269.46275757807
570 8269.30711781288
571 8269.18794041725
572 8268.76204787238
573 8267.23178019936
574 8266.52332939941
575 8265.64065263388
576 8265.53357423123
577 8263.80773798133
578 8263.11560736176
579 8263.02129576805
580 8262.89266833434
581 8262.25064063119
582 8261.09468426709
583 8260.35677208324
584 8259.77820098227
585 8259.09251945833
586 8258.45769333508
587 8258.33967064974
588 8258.18092453599
589 8257.32453969838
590 8257.30138581455
591 8256.20161954061
592 8255.81874136365
593 8254.05277532317
594 8253.4880660041
595 8253.34300336579
596 8253.27386542704
597 8252.91184174632
598 8252.00706282093
599 8251.56447638496
600 8250.87173238236
601 8250.80593643753
602 8250.10437286536
603 8249.88128250066
604 8249.81621011052
605 8249.1744367385
606 8247.8991465358
607 8247.35769827487
608 8246.06631933463
609 8245.24816004663
610 8244.18484111513
611 8244.03744443013
612 8243.95471219638
613 8243.65605121003
614 8242.71105442248
615 8242.2690528758
616 8241.854871387
617 8240.61923764222
618 8240.11368680003
619 8239.97740901299
620 8239.78348467831
621 8239.19282907499
622 8238.4425715767
623 8238.20163619496
624 8236.91824833382
625 8236.4914498246
626 8236.11613935021
627 8236.03492386999
628 8235.9506902336
629 8235.2614172058
630 8233.97067070851
631 8233.7937286894
632 8232.79495434447
633 8231.40178319309
634 8230.85490076952
635 8230.7342396886
636 8230.61845178638
637 8230.0838359281
638 8229.65912544151
639 8229.31877924048
640 8228.85726048168
641 8228.62572307515
642 8228.39211509468
643 8228.31549031597
644 8228.06166233086
645 8226.077089702
646 8225.57888727589
647 8224.67529529115
648 8222.62549526338
649 8220.75734478856
650 8220.35723221675
651 8220.21899430137
652 8220.08532255448
653 8219.64856379182
654 8219.23171895878
655 8219.04255594102
656 8218.95671009749
657 8217.7992078373
658 8217.63172795458
659 8217.55828807372
660 8217.28595397244
661 8215.65529515439
662 8214.78877317993
663 8214.09487792902
664 8213.53498905381
665 8212.86636188819
666 8212.59036705144
667 8212.49434970581
668 8212.37117223804
669 8211.63476502709
670 8211.53250564914
671 8211.03036286112
672 8210.56514872202
673 8209.8580004828
674 8209.71598255263
675 8209.63964960512
676 8209.57833778331
677 8208.48253301815
678 8207.69810244744
679 8207.29471184583
680 8204.75901792858
681 8203.30714869799
682 8202.35751360556
683 8202.19084564654
684 8202.07293908234
