iter objective
1 29993.9232588657
2 29586.1085431076
3 29207.2687312993
4 28540.8275922835
5 27856.0979206976
6 27103.0914116371
7 26538.1589127928
8 25927.3930710449
9 25224.3717579927
10 24728.4421747635
11 24341.0089921257
12 23742.7369333434
13 22841.1978380629
14 22461.4266659545
15 22092.4408809098
16 21287.4461645586
17 21043.6626874094
18 20892.7964220499
19 20771.6260847655
20 20331.1106192383
21 19771.8228001257
22 19214.8553829419
23 18458.719168875
24 17920.8783752183
25 17811.1044484064
26 17741.778063333
27 17604.7155675558
28 17201.9766871795
29 16888.6219008225
30 16791.1309034534
31 16654.972484205
32 16356.1219547695
33 16279.9736216406
34 16241.5885402517
35 16202.1145519445
36 15940.7437171309
37 15803.3106717907
38 15565.4459655016
39 15464.215616658
40 15024.4196332767
41 14845.4115669165
42 14798.8759200322
43 14766.0501244623
44 14670.2943796405
45 14448.1416698903
46 14304.6961832088
47 14231.6460312329
48 14092.180255323
49 14023.9908660291
50 14005.5357509869
51 13978.1006289903
52 13879.888646133
53 13763.7332943295
54 13727.0629145729
55 13476.9434581611
56 13330.4538406311
57 13292.2398963364
58 13274.0882648556
59 13232.8607321299
60 13090.7914427439
61 12967.0329916414
62 12884.2761088424
63 12781.8028314216
64 12756.3344075127
65 12723.9720558675
66 12710.7440918291
67 12698.8201950526
68 12621.9580201201
69 12527.9788615725
70 12428.3509468204
71 12344.2792665241
72 12240.321534008
73 12175.7624086821
74 12163.4984040155
75 12145.2937221315
76 12102.6995983165
77 12043.0158655417
78 12029.2887632005
79 11951.8006213682
80 11910.7643868778
81 11891.1719113085
82 11884.0497377322
83 11868.0750160586
84 11759.4537964047
85 11632.2526548487
86 11558.422137414
87 11554.2305089843
88 11468.6441620185
89 11422.1389649682
90 11397.352083213
91 11391.6298008066
92 11369.0875709331
93 11318.0268302593
94 11303.1162327196
95 11270.7415871305
96 11211.3745798198
97 11175.1276987507
98 11169.3025936823
99 11159.9754227894
100 11116.7531932894
101 11066.3876051358
102 11024.4326479966
103 10954.8488798567
104 10918.176364595
105 10897.4703735062
106 10891.2716693762
107 10884.6563043956
108 10854.6434297825
109 10841.09221884
110 10808.1150917882
111 10773.6646349344
112 10739.8073007876
113 10732.0559501955
114 10727.2394256135
115 10707.3164603444
116 10650.5576390168
117 10611.081847492
118 10594.6589273868
119 10593.5846276767
120 10497.3278379666
121 10471.7439212308
122 10467.4929897067
123 10460.6771986015
124 10442.5972164307
125 10419.1136983408
126 10404.5630994973
127 10374.9973521534
128 10354.0154188889
129 10347.1719340332
130 10342.1877176853
131 10324.9582614111
132 10281.5563547857
133 10257.2803342611
134 10221.8484385762
135 10213.3674126282
136 10177.5124647747
137 10167.4615947441
138 10164.9758519361
139 10161.8828781437
140 10131.6285755984
141 10117.2400300361
142 10103.3918180929
143 10037.1626312731
144 9977.93285254666
145 9965.81606847138
146 9960.75053048501
147 9953.99989019146
148 9941.06924759637
149 9934.47948288672
150 9917.87757823189
151 9899.37622236797
152 9892.49079847361
153 9889.18738814694
154 9886.6985352111
155 9880.4545277239
156 9859.49853207323
157 9841.63652993951
158 9828.20791899512
159 9811.68396637614
160 9803.56693786084
161 9798.98598269216
162 9796.47773008265
163 9792.18533827928
164 9762.46921255762
165 9729.77875603767
166 9724.3656743978
167 9692.62461054479
168 9663.17370742063
169 9649.58151565218
170 9646.11187239698
171 9644.42914384567
172 9634.43040603401
173 9604.63646511107
174 9583.85931281243
175 9567.78019768551
176 9546.36358689972
177 9535.52313982365
178 9530.44660416989
179 9528.74845675544
180 9525.04296290522
181 9503.70097842584
182 9494.65411552706
183 9469.49034636809
184 9458.41037550184
185 9414.40046598238
186 9405.98968930795
187 9404.00726877068
188 9399.11531221137
189 9393.74344344434
190 9391.96697802799
191 9387.15423889961
192 9376.18529131057
193 9374.25025643992
194 9372.99026372444
195 9368.74023593071
196 9348.11372665354
197 9345.63142977653
198 9329.19715122039
199 9305.97870037564
200 9298.45231951408
201 9294.27295130572
202 9293.01204272636
203 9289.42983476093
204 9278.01204499385
205 9267.59359166257
206 9265.00481680285
207 9251.83330776769
208 9245.31971007793
209 9243.11625888042
210 9241.62245694841
211 9237.118297381
212 9220.13343966993
213 9210.534041197
214 9205.88327647722
215 9192.34006873392
216 9187.94582036084
217 9186.17756793599
218 9184.7812028624
219 9183.4009403246
220 9175.86862932848
221 9166.27242609117
222 9159.6248920878
223 9155.84179789795
224 9148.89452066964
225 9136.70232218503
226 9134.03561549304
227 9133.12832834364
228 9131.60539516792
229 9122.09913843748
230 9108.85305846052
231 9098.63627788047
232 9086.38734938853
233 9075.83591328123
234 9066.78236002233
235 9065.32955716472
236 9064.2257218064
237 9060.25503327059
238 9054.42602811018
239 9049.83900440922
240 9044.43215030533
241 9039.56070396271
242 9036.88586814619
243 9035.93643115328
244 9034.84028175943
245 9026.65232047495
246 9013.83501091979
247 9009.93856801083
248 8994.41895082327
249 8982.98914262581
250 8979.00966547412
251 8977.85368293525
252 8976.59100774206
253 8972.95171499419
254 8967.83369396221
255 8966.85821093863
256 8957.85884431668
257 8955.32206680753
258 8951.46090553
259 8950.65811758372
260 8950.01047001511
261 8943.09986633116
262 8935.39223999145
263 8925.70565573301
264 8925.25822557912
265 8912.73829407405
266 8906.66786900965
267 8904.81021056964
268 8904.28499397015
269 8901.63155080322
270 8894.89093115087
271 8890.43405431691
272 8887.95911673934
273 8884.6123036893
274 8876.29708479378
275 8874.79794127773
276 8874.12592524556
277 8873.57445995715
278 8871.1188776678
279 8859.61052705576
280 8850.98961085133
281 8846.87887619789
282 8842.82634015675
283 8831.99195706172
284 8829.30596605661
285 8828.66735520057
286 8827.56524705607
287 8821.84650689536
288 8813.24410977785
289 8809.06012643463
290 8802.18015945706
291 8795.43757606297
292 8791.65842061775
293 8790.85293272234
294 8790.23002481979
295 8787.91010119896
296 8783.836422671
297 8781.12074644638
298 8777.34478042629
299 8773.58733989511
300 8770.69960006731
301 8770.15737657777
302 8769.37660757225
303 8765.57790318873
304 8759.68397220457
305 8755.3537949422
306 8751.80411164636
307 8745.37246894327
308 8743.07638830876
309 8742.53643897925
310 8741.49284752644
311 8737.48854629749
312 8734.5908734295
313 8734.27615576214
314 8729.22335623824
315 8726.26431382191
316 8725.53141766443
317 8724.8788029207
318 8722.2621342256
319 8714.53246425314
320 8713.694012531
321 8710.70454775516
322 8708.5538052422
323 8698.649721539
324 8693.70755554707
325 8693.21083580157
326 8692.82459525276
327 8690.84461526091
328 8686.18478294137
329 8683.2534856026
330 8681.18496702133
331 8678.79691587186
332 8676.0636296211
333 8675.60217712861
334 8675.04237414052
335 8670.92976346018
336 8666.22176405162
337 8664.19633016002
338 8661.06256868591
339 8657.85223794667
340 8653.89322423448
341 8652.95739908265
342 8652.64095951862
343 8652.04427692346
344 8646.68370124576
345 8640.90088083277
346 8640.78786511235
347 8635.04780118119
348 8628.02395940056
349 8626.05293046321
350 8625.04521326264
351 8624.62808013361
352 8622.87048142922
353 8621.62972493804
354 8619.12793464059
355 8615.38235555648
356 8613.69239176109
357 8613.13095644749
358 8612.69272604105
359 8611.31350888107
360 8607.10568658261
361 8604.1945362917
362 8603.75289658543
363 8597.92856025077
364 8595.29376819298
365 8594.42226209661
366 8594.03386968346
367 8592.92566095804
368 8590.16742707264
369 8587.35479716076
370 8587.27334858659
371 8586.89661943646
372 8581.94065060172
373 8581.03392671274
374 8580.73476658174
375 8580.30262723627
376 8571.20374631862
377 8558.77713288203
378 8551.58160836813
379 8545.25650595696
380 8534.61541494768
381 8527.2513390471
382 8525.26636298357
383 8524.32264718146
384 8523.87369150685
385 8522.39092631738
386 8522.06471555644
387 8520.59329962184
388 8519.10550817845
389 8518.3095579723
390 8518.02269607089
391 8517.63496754145
392 8514.24307052657
393 8514.06799856433
394 8512.26942273855
395 8511.71890543063
396 8511.66163116974
397 8507.83012425412
398 8507.12487548027
399 8506.88462411151
400 8506.55063630537
401 8504.14072311912
402 8501.6544248927
403 8499.64767652635
404 8494.80584249434
405 8491.97288672973
406 8490.92529426327
407 8490.63072250206
408 8489.96314831539
409 8488.19560267448
410 8487.18363456597
411 8486.94828014191
412 8486.45404934136
413 8480.46743177091
414 8479.70958269402
415 8479.45870156164
416 8479.1819919427
417 8477.15527139896
418 8477.13979070161
419 8476.5815824064
420 8476.13721651553
421 8475.70893455091
422 8475.07090069635
423 8474.42685497916
424 8473.88984677209
425 8473.60675191441
426 8472.96428819595
427 8467.04376190725
428 8461.18685158233
429 8458.51230629839
430 8456.84320093597
431 8449.12318443014
432 8447.08057207256
433 8446.71228866239
434 8446.29132457223
435 8445.30828340326
436 8443.03997729222
437 8442.13186505539
438 8441.15977110323
439 8439.57309685539
440 8437.65720728734
441 8437.10834015112
442 8436.9634615351
443 8436.35081090268
444 8433.44687008437
445 8430.76228533312
446 8429.56549237306
447 8427.10052704101
448 8426.26323893732
449 8425.28870391902
450 8425.03594332732
451 8424.82225955603
452 8423.38986726549
453 8421.09597649345
454 8420.73640605743
455 8417.84425643368
456 8416.38424998196
457 8415.78691084985
458 8415.58785434462
459 8415.17483423509
460 8412.87359082276
461 8410.76023568265
462 8409.15048086599
463 8408.08618134632
464 8406.81691678466
465 8406.26184625085
466 8406.04372299209
467 8405.76309347642
468 8404.73050875549
469 8402.0757407229
470 8402.0287941776
471 8399.96063333548
472 8397.88738553703
473 8395.8687352541
474 8395.56188205943
475 8395.38848801612
476 8394.50046435697
477 8391.12191129148
478 8389.42675154598
479 8387.62089287787
480 8384.087415363
481 8382.74135488936
482 8382.15955369593
483 8381.8729251185
484 8381.68194658929
485 8380.74889601691
486 8380.26299954039
487 8379.69446565924
488 8378.88721329384
489 8376.54836317233
490 8376.1424168362
491 8375.97966789402
492 8375.44019390969
493 8372.85405027708
494 8370.29314816892
495 8369.31930390738
496 8366.99370990339
497 8366.56178811436
498 8365.88533720376
499 8365.71756909013
500 8365.46237841457
501 8363.96415430665
502 8363.4533454239
503 8362.51580546251
504 8361.35909274521
505 8360.00027573451
506 8359.73723015452
507 8359.57615746227
508 8359.22009988544
509 8357.14715589465
510 8354.91240897208
511 8353.46963103392
512 8352.7762127124
513 8350.94596652359
514 8350.06909649919
515 8349.82542664813
516 8349.64279785936
517 8348.42608660327
518 8345.99547287633
519 8344.15014829606
520 8342.47738243217
521 8341.52636190077
522 8340.66671400026
523 8340.24824330568
524 8340.13317218968
525 8339.79086380055
526 8337.76938247678
527 8335.69425140115
528 8334.52336323038
529 8333.92775169741
530 8332.5180606478
531 8331.79363954406
532 8331.62155026875
533 8331.3800854304
534 8330.28641465331
535 8330.20981284598
536 8329.93809477302
537 8329.54120435105
538 8328.73659056889
539 8328.42035092137
540 8328.33261279055
541 8328.18381797057
542 8325.13275931721
543 8324.22009373013
544 8323.14819822938
545 8319.43659205732
546 8317.33497819183
547 8316.77038324116
548 8316.58500402675
549 8316.20937819978
550 8315.14872719232
551 8314.2332115347
552 8314.17049319432
553 8312.96368507353
554 8311.68538503581
555 8311.23019328813
556 8311.1007647007
557 8310.8164088817
558 8309.20764632927
559 8308.14651987644
560 8307.59903325715
561 8305.77422819136
562 8304.15881215885
563 8303.74466577472
564 8303.60040375114
565 8303.38721195517
566 8301.90683773095
567 8301.8324629547
568 8301.23954971143
569 8300.84234502562
570 8296.50998344446
571 8295.09175238831
572 8294.70521662052
573 8294.60827402644
574 8294.18472159741
575 8293.81184437133
576 8293.2440164176
577 8292.62637967399
578 8292.30116433694
579 8292.11598556823
580 8292.0227107881
581 8291.67662649391
582 8288.37427418719
583 8286.61122630826
584 8285.62133529871
585 8284.47085911822
586 8282.8241064268
587 8282.34558753905
588 8282.22115752321
589 8282.07007387977
590 8281.36376399668
591 8280.40582822694
592 8279.90344468284
593 8278.94479842026
594 8277.63973247003
595 8277.12378130951
596 8276.98229706271
597 8276.8596493137
598 8275.89828884605
599 8275.15600874279
600 8274.14969947294
601 8272.42872667207
602 8271.48301341326
603 8271.07474598308
604 8270.92098929322
605 8270.64499282805
606 8270.06530699345
607 8269.95239434821
608 8269.40939102096
609 8268.81860021602
610 8267.83168798729
611 8267.65181844068
612 8267.57705205334
613 8267.16864304924
614 8265.29505231149
615 8265.05939118027
616 8264.58555387683
617 8261.8036224697
618 8260.13176558404
619 8259.75160473437
620 8259.61083737653
621 8259.29240005024
622 8258.68667379956
623 8258.50694210056
624 8257.94379540317
625 8257.0782566229
626 8256.46567799328
627 8256.34169387194
628 8256.23164013563
629 8255.48652517793
630 8254.69134097207
631 8253.69078467513
632 8252.57462489141
633 8251.44962803177
634 8251.02460764025
635 8250.88943250257
636 8250.79988723671
637 8250.60092476545
638 8249.52024105376
639 8248.91600580399
640 8248.11557978032
641 8245.75958806115
642 8244.29053148113
643 8243.76941360457
644 8243.64984293007
645 8243.45634688733
646 8242.877202435
647 8242.65128598509
648 8242.27730637066
649 8241.53803985452
650 8240.49501519828
651 8240.34098406785
652 8240.25569589528
653 8240.01774219308
654 8238.67455721917
655 8237.89869311328
656 8237.84361014215
657 8236.70408330754
658 8236.1421781017
659 8235.80232823031
660 8235.70218202333
661 8235.57126717029
662 8234.76823996895
663 8234.70298431045
664 8233.66846500391
665 8232.09629591492
666 8231.29631794011
667 8231.05263025158
668 8230.94428851661
669 8230.66025639873
670 8229.94080745
671 8229.37360453901
672 8228.94450112858
673 8228.42598480666
674 8228.2302346236
675 8228.09232307471
676 8228.00099307704
677 8227.7739097161
678 8226.40738350545
679 8224.93974939249
680 8223.89432906911
681 8222.33432688627
682 8219.09580350503
683 8217.91605227498
684 8217.7249103335
685 8217.5345392805
686 8217.10816954708
687 8216.90686164847
688 8216.51501974003
689 8216.27007344735
690 8215.89604533075
691 8215.77042894957
692 8215.71880635394
693 8215.51724872684
694 8213.92997935718
695 8213.04692903122
696 8212.27577617596
697 8211.85972407108
698 8211.29173316054
699 8210.98538643853
700 8210.91615519558
701 8210.75626011713
702 8209.96421730434
703 8209.26009497416
704 8208.80599602534
705 8208.43760799011
706 8207.60706174697
707 8207.33131087517
708 8207.26378779571
709 8207.1437671146
710 8206.57106080611
711 8205.96269128774
712 8204.69850547915
713 8203.77626642938
714 8203.49129455002
715 8203.00912384999
716 8202.91997036029
717 8202.78142153546
718 8202.23750372189
719 8201.70111145733
720 8201.43658237098
721 8200.88976757285
722 8200.5943721075
723 8200.47450897999
724 8200.38321504789
725 8200.15936288356
726 8199.4373896267
727 8198.6473295544
728 8198.24002085255
729 8197.75238901838
730 8197.38579022883
731 8197.15984814951
732 8197.09429315463
733 8196.95378868464
734 8196.144664784
735 8195.26386484609
736 8195.05469804301
737 8194.10903279843
738 8191.67189831108
739 8191.21709861374
740 8191.09428470459
741 8190.84340256238
742 8190.53774824437
743 8190.23749790127
744 8190.00417829079
745 8189.84597132691
746 8189.66968203722
747 8189.60950792945
748 8189.5120026693
749 8188.97036061228
750 8187.46429128291
751 8186.83867037747
752 8185.63544712881
753 8183.95486151005
754 8183.35628897837
755 8183.21780013326
756 8183.14751202933
757 8182.94888230272
758 8182.21758451573
759 8181.40871840579
760 8180.93452188705
761 8180.64460939728
762 8180.26646007902
763 8179.84374519226
764 8179.77787734399
765 8179.69867048411
766 8179.41090978313
767 8178.68413954555
768 8178.25911754544
769 8177.99304810808
770 8177.89818922978
771 8177.33562237635
772 8177.14335242904
773 8177.10096759495
774 8176.93914502346
775 8175.61287355537
776 8173.89078653663
777 8173.27944436523
778 8172.34315612034
779 8172.02333245284
780 8171.20019868063
781 8171.07831631392
782 8171.02587415675
783 8170.92539070343
784 8170.40456061805
785 8170.07198765694
786 8169.74404915388
787 8169.33812502741
788 8169.16281559791
789 8169.05388620048
790 8168.99432233057
791 8168.78484117133
792 8168.2479835857
793 8168.1096239131
794 8167.98274374713
795 8167.22471791386
796 8166.76748090426
797 8166.66928269312
798 8166.63017843707
799 8166.443508507
800 8165.48786100768
801 8165.11013528937
802 8164.74178941108
803 8163.49185184503
804 8162.75856997644
805 8162.48669717458
806 8162.40991523216
807 8162.31146106323
808 8162.03063887453
809 8161.79216242257
810 8161.77255762349
811 8161.43757429771
812 8160.79857333142
813 8160.69801513049
814 8160.64664682942
815 8160.60826689036
816 8160.11609278187
817 8159.68422602689
818 8159.51665381177
819 8159.26382192745
820 8158.57480771282
821 8158.41063469321
822 8158.35581144517
823 8158.16189240451
824 8157.65906179022
