time objective
42.182855 30359.2070332515
63.425237 28885.7772814621
84.539153 27613.6335619942
105.43595 27270.2204187488
127.109969 25789.2158936156
148.672705 25191.1574449306
170.0275 24852.6640407311
191.665313 24510.4653447262
213.320219 24012.8290678047
234.705333 23667.3292922941
256.284401 23476.5163241445
277.891988 23095.8564701162
299.438615 22821.0749527433
321.019837 22685.7941834207
342.288712 22508.7321195387
363.37445 22248.2707499397
384.375237 22075.6587924737
405.23994 22031.3041851021
426.301153 22000.0208601749
468.225352 21860.142882724
489.219078 21814.6695225131
510.264467 21748.4819305394
531.229098 21561.9611826571
552.134477 21509.0086349075
573.148292 21482.0993844368
594.098122 21445.5192933839
615.136539 21410.6970061254
636.013701 21386.2901537297
656.941702 21354.8747373069
678.038277 21300.7371307908
698.931099 21280.4745225236
719.859762 21272.6661146883
761.748177 21253.2963655232
782.772809 21240.5432116497
803.769934 21213.4297494189
824.627573 21203.6609493073
846.03124 21195.5963039219
867.177979 21194.0073355862
