time objective
26.680351 30653.3628098862
40.176178 28467.1096491512
53.808033 27872.8120653268
66.365148 27167.1900505961
77.775863 26469.0031015651
87.310999 25839.8667724174
95.684387 25357.3091048368
104.132138 24983.6675014742
112.453996 24777.2856993755
119.492083 24680.3221762415
125.957119 24444.703714462
131.7914 23941.4007052952
136.653676 23874.0895593864
141.186066 23860.1153123507
145.263573 23488.2743519643
149.158497 23367.8463900828
152.929566 23317.5717157474
156.611502 23295.1378066934
160.208601 23218.7324900911
163.605653 23080.9067029674
166.575088 23022.9655377
169.511075 22885.5924195155
172.384966 22814.7417364211
175.166772 22785.563621009
178.057057 22773.9794779501
180.928046 22743.9855206189
183.437211 22641.2172866547
185.705761 22574.9662913582
187.94496 22552.6338343107
190.16373 22546.2846674718
192.243695 22437.7528425122
194.31704 22409.1548774905
196.371322 22402.2508619264
198.331383 22383.4869372425
200.241325 22337.327634885
202.035679 22298.189864511
203.847667 22281.7905977118
205.60935 22264.1958637294
207.318439 22223.5652586974
208.966853 22214.9858370507
210.60885 22209.0384848387
212.237869 22191.2011217302
213.820974 22142.9492262333
215.335231 22118.5758834923
216.828008 22103.2225630228
218.320273 22078.8824603986
219.740387 22031.5671444471
221.143777 22026.1642885792
222.55569 22022.4106852791
223.942475 22017.297661968
225.32001 21983.1989474798
226.657555 21950.12954065
227.970007 21937.79596567
229.284393 21923.4770883038
230.576232 21891.2753167072
231.813292 21870.6491177107
233.024395 21866.8384764405
234.213063 21863.0570351034
235.381724 21851.9232193389
236.514628 21849.2916789452
237.627837 21841.1692015137
238.711064 21837.6159930117
239.784251 21799.9407364399
240.855958 21796.088774255
241.917871 21794.1587988258
242.974566 21787.2405699439
244.020229 21760.3740828439
245.065294 21746.5435849759
246.082565 21745.8293997916
247.098206 21724.8508267602
248.091199 21715.1522037485
249.101237 21712.5007379312
250.080214 21710.3989614947
251.054649 21704.3004351848
252.011917 21683.5797284892
252.962905 21672.9848361876
253.924112 21660.0800232173
254.856235 21645.910081096
255.767776 21639.0077017824
256.67941 21636.5333324636
257.567163 21634.5977095528
258.449396 21630.2122785307
259.321994 21618.4945694203
260.199965 21608.7672751501
261.063194 21604.7941145915
261.923438 21595.5520470642
262.760793 21587.6019813364
263.586658 21585.6998836132
264.422317 21584.171825058
265.24199 21577.5946346633
266.043619 21568.0953592154
266.861526 21561.8522086895
267.664302 21551.1008025835
268.450726 21547.7258103919
269.220544 21543.7394048321
269.98809 21542.7031018658
270.750463 21541.7560539458
271.51984 21535.9232376549
272.291304 21532.8840771988
273.064271 21526.5604043507
273.795359 21522.1454114018
274.525026 21511.5443942748
275.258107 21508.2678624001
276.001163 21507.5000327829
276.725606 21504.7535856766
277.45069 21497.3919850319
278.17652 21495.2376174791
278.898864 21491.3776436198
279.611512 21484.6937609725
280.308893 21481.0731812773
281.000266 21478.0408838221
281.686699 21477.5989277141
282.378207 21475.6886261203
283.07766 21469.2199626944
283.776739 21466.6003366404
284.476222 21465.1396672963
285.152899 21460.1086453551
285.82265 21452.8451881666
286.48739 21451.526017628
287.162901 21451.0043558338
287.829073 21448.2694116361
288.486357 21437.1062141727
289.147375 21431.8821738325
289.831855 21425.1587089305
290.492655 21416.1230039335
291.129222 21412.06994551
291.767825 21409.3438573194
292.40071 21408.9087203289
293.029151 21407.4000092462
293.662545 21403.6870653092
294.302213 21401.4390090264
294.941261 21399.0316518097
295.563445 21398.0925077848
296.175611 21393.8665651575
296.783329 21392.8408177679
297.392194 21392.5058113348
297.997951 21390.7592580293
298.608913 21379.220651693
299.23155 21373.1044991561
299.85402 21367.7038531707
300.459236 21362.9483807329
301.044151 21360.9665840859
301.622302 21359.6310582505
302.206495 21359.1888329276
302.795175 21358.6612853834
303.376542 21355.6412936262
303.975605 21352.6040416818
304.567678 21352.0147906256
305.16476 21349.1155509817
305.743252 21346.1086908103
306.321958 21345.1175973666
306.889283 21344.7426559049
307.450624 21344.1919935238
308.010612 21341.2896465403
308.567233 21338.3196619001
309.149143 21335.6173929845
309.709424 21330.4258809767
310.258487 21327.0128987886
310.797764 21325.3473770152
311.343701 21324.9648814558
311.883022 21324.439597968
312.424156 21322.5787225344
312.963833 21321.0095162055
313.53398 21319.0982908891
314.093711 21316.0365703307
314.617493 21314.6356424593
315.144994 21314.1441217168
315.671059 21313.7419195989
316.195492 21312.1610725444
316.722735 21309.2798103268
317.257558 21308.490462508
317.80511 21305.4723003902
318.321396 21302.0999750627
318.832766 21300.3194885809
319.346489 21299.9042508448
319.854401 21299.6476555395
333.677843 21292.5613082467
334.218009 21285.0244771499
334.761104 21281.9256809394
335.293071 21280.3923100654
335.828957 21279.8450683547
336.361634 21278.7242723
336.896707 21277.365296736
337.450941 21275.9877868249
337.98733 21275.8790215725
338.527995 21274.4239807049
339.060312 21274.0369237669
339.59017 21273.7377485524
340.121811 21271.2482302921
340.648999 21268.5298624819
341.211337 21265.1294781548
341.753638 21263.6204925936
342.280291 21258.48508509
342.803652 21257.0294844858
343.323799 21256.6101311317
343.845187 21256.310143664
344.365903 21254.7565939846
344.882784 21253.740556924
345.418876 21253.0074479413
345.957314 21249.5907305205
346.467676 21248.1156488844
346.979781 21247.7523029717
360.640359 21247.0706078651
361.147552 21246.9183629986
361.650741 21246.3937518552
362.155689 21246.1475202418
