time objective
79.578104 30653.3628098862
175.194905 28601.4072653867
253.505667 28453.3556307393
339.06548 27604.4116329679
424.536883 26678.9480454259
493.767786 26572.5100638073
579.210483 26142.7831371351
672.806674 25809.8737370548
758.894451 25650.3853081873
836.841393 25624.057386591
922.751463 25407.2584368849
1004.813642 25316.8686189106
1084.846412 25227.1925194227
1157.176952 25147.3089540927
1237.412555 25053.0059732309
1309.907325 25007.5976990194
1389.829261 24905.5424208309
1462.33904 24880.1106415884
1542.506231 24776.4916871747
1615.158913 24760.8842834266
1695.489117 24661.4401881283
1768.078633 24646.9068534536
1847.887054 24557.4274186937
1920.17469 24539.2671143357
2000.123374 24462.6866991804
2072.433679 24438.5190692683
2152.288138 24375.9823681151
2224.760484 24345.2242198603
2304.707107 24296.3314562976
2369.437842 24286.5861171074
2449.838579 24195.6409690561
2522.656279 24178.1513171329
