time objective
0.72391 30022.2453491009
1.370902 29664.2299409372
2.073084 29322.1968811465
2.853756 28777.4020700899
3.716879 28308.9150932877
4.615026 28082.4525636607
5.69342 27598.521464974
6.738807 27142.7154528277
7.772333 26826.7630668935
8.874363 26445.0378635343
10.025451 25883.2680688483
11.241312 25594.4953038636
12.497489 25126.4308326299
13.77918 24736.894219254
15.092859 24606.2460122478
16.447332 24508.1492711839
18.240171 24326.4668368066
19.662577 24100.0580162181
21.150045 23943.4402032599
22.652346 23917.6270858718
24.199224 23713.4576578192
25.796481 23650.4439003527
27.405487 23616.2882993035
29.066951 23544.9518273534
30.799446 23204.4145059051
32.584974 23051.0383056505
34.419107 22966.2739866681
36.223553 22925.8280759373
38.050324 22891.5587962638
39.893722 22868.4303562965
41.794442 22857.7566691407
43.678118 22821.6979633967
45.577945 22610.4087959262
47.518271 22601.5997527418
49.406594 22518.3293932829
51.275143 22427.3707062328
53.148775 22391.8533134069
55.001309 22381.0432501005
56.836319 22373.6229514798
58.650561 22334.65846614
60.459446 22234.1951195441
62.203031 22199.4946051511
63.923304 22160.8387946026
65.641816 22147.7938894324
67.353597 22103.0581136008
69.038227 22089.2691036075
70.692663 22085.9912731458
72.35043 22070.5523299094
73.977241 22064.9839916057
75.628531 22054.0055145751
77.278744 22029.2902766102
78.929355 21994.4949483409
80.515981 21989.3209101259
82.086415 21985.3685246909
83.718131 21972.6448334596
85.308431 21933.2423001864
86.96152 21915.8672391373
88.564399 21899.4252396922
90.140116 21889.1682563058
91.648922 21866.1105141914
93.116529 21860.5318713286
94.575737 21857.9723461753
96.035747 21854.2623015946
97.494779 21806.7286203044
98.950069 21786.541727215
100.404651 21771.021653204
101.825805 21750.141449875
103.254265 21742.6929409886
104.68947 21737.7274731661
106.068973 21735.0859850679
107.465317 21730.2798924043
108.834879 21710.9856271673
110.207331 21695.338730623
111.66727 21686.3358175016
113.067369 21672.7611719295
114.439598 21665.7790405964
115.77548 21660.7785011666
117.099113 21659.3928113533
118.413138 21655.7510121281
119.718597 21634.6431085523
121.031584 21623.5720108961
122.353975 21609.703242544
123.659017 21595.8714632786
124.934859 21589.5170292156
126.186414 21586.5087171024
127.434286 21584.9487358023
128.675765 21579.5785515976
129.9081 21568.4779884542
131.150419 21558.6997842393
132.386202 21555.9811451912
133.676007 21554.7349739976
134.903786 21540.0833868452
136.12733 21535.9722353978
137.33112 21535.1904150592
138.535775 21533.6696647916
139.72332 21522.7876478866
140.91107 21522.3751925467
142.154047 21516.8131113867
143.321616 21490.1248650206
144.50246 21474.4659794436
145.645856 21470.7300191429
146.799063 21469.6720445396
147.933815 21467.0949662909
149.079252 21462.1111833428
150.232107 21457.9734159304
151.382405 21454.9880542761
152.506606 21452.7711863503
153.631903 21449.2964353052
154.752212 21448.1792219686
155.867065 21447.6290328277
156.987078 21442.5759462787
158.094948 21431.0542801589
159.308224 21426.3813650894
160.475607 21415.1054766332
161.577718 21406.3034060967
162.675754 21403.5484510102
163.753097 21402.5977411517
164.839865 21401.6341203187
165.915837 21397.2754326888
166.986132 21393.8309501012
168.117977 21388.8905220283
169.208311 21382.10134332
170.280832 21381.0064892806
171.353789 21378.2949431007
172.409218 21377.8636013993
173.478096 21376.7004923692
174.533468 21371.7504761405
175.619001 21368.5186969881
176.694852 21366.3197499887
177.747982 21364.9733894002
178.82851 21357.7529184258
179.868348 21356.6379005464
180.91815 21356.2373420114
181.953868 21353.5410444724
182.986697 21343.4568726365
184.075982 21339.0616185857
185.150524 21336.0938588835
186.197588 21330.7354903909
187.226066 21327.7791231839
188.244884 21326.812724113
189.273801 21326.2693608004
190.289028 21324.3205333266
191.29718 21320.021331059
192.329505 21317.6534303062
193.351088 21315.2689566634
194.35813 21314.9313304337
195.37084 21309.6178008734
196.368795 21308.7084720432
197.36208 21308.4120805094
198.352764 21306.7884282882
199.338454 21299.2058782053
200.369716 21295.5424236926
201.391323 21293.0195316469
202.396705 21289.7966096882
203.379944 21287.6208792992
204.352766 21286.9969032259
205.33636 21286.6487938296
206.308432 21285.0086004429
207.367631 21284.9503644904
208.351322 21283.5927656959
209.322115 21283.2109965331
210.303242 21282.0337614519
211.270629 21280.8043659892
212.23643 21280.3531737173
213.217373 21279.9710976433
214.188565 21277.4171833571
215.162548 21267.1733694183
216.19413 21264.3715417309
217.199946 21259.3606960355
218.163135 21253.7763057572
219.125651 21248.6468272278
220.084365 21247.8515896014
221.059355 21247.5692765646
222.004445 21246.8333956379
222.947002 21245.0764533448
223.924854 21243.9033555088
224.894992 21242.9603998666
225.837203 21242.3168974339
226.79602 21240.5026073302
227.741922 21240.0605326002
228.686061 21239.8377066479
229.638056 21238.9889659405
230.575237 21233.2878632723
231.52265 21228.0645167592
232.508936 21226.4250871689
233.473591 21224.7830245744
234.416544 21218.6785592973
235.350856 21216.2873196723
236.268833 21215.8685924241
237.185623 21215.5902269294
238.097436 21214.9145927267
239.005954 21213.8145791571
239.941939 21213.113239448
240.87624 21211.8691003896
241.784208 21211.3779788972
242.690789 21210.9064298355
243.598405 21210.6917552301
244.498987 21210.3789287765
245.410895 21208.958667653
246.325492 21207.6670478084
247.273693 21206.5068613022
248.213401 21203.8913267057
249.118353 21202.0849184053
250.021091 21201.4146823983
250.936548 21201.1896884674
251.837118 21200.8617252137
252.73663 21199.4650960977
253.652761 21196.8962562358
254.598007 21195.3885562832
255.51856 21194.0022257263
256.428793 21191.6880954787
257.324144 21190.83216779
258.22367 21190.6042059699
259.132483 21190.449817191
260.024724 21189.8550090673
260.914258 21187.0344397825
261.859033 21185.6101870814
262.801899 21184.4224691586
263.686354 21183.7054680541
264.604855 21182.3685129201
265.484603 21181.8921363625
266.365249 21181.7753415044
267.259848 21181.4153381535
268.138349 21180.2205079789
269.03885 21179.7954816676
269.957053 21179.4954762259
270.836845 21178.1605842287
271.712118 21177.0818996977
272.610455 21176.9140493059
273.489735 21176.720539133
274.367759 21175.3945183848
275.284013 21173.9398274989
276.207255 21173.3916345903
277.102179 21172.5040915963
277.994795 21171.8621597249
278.879261 21171.2764641382
279.748343 21171.1730635652
280.623062 21170.8485237955
281.498078 21169.5154248636
282.385881 21168.5427075739
283.304481 21167.6796264741
284.197099 21166.6783924794
285.066253 21166.1752631174
285.93531 21165.9911381623
286.797689 21165.8319652162
287.661517 21165.2260493139
288.52065 21163.7063415196
289.390597 21163.1080154772
290.263279 21162.5092789087
291.118073 21161.817306014
291.980236 21159.782438075
292.831468 21159.3839127578
293.68656 21159.2803615566
294.538832 21159.0616108889
295.382285 21158.0694734876
296.255026 21157.1006567509
297.150371 21156.4386836139
298.016473 21155.761710109
298.866481 21155.4426946913
299.719705 21155.1271889604
300.573415 21155.0288812039
301.435569 21154.8699835145
302.294171 21153.443939508
303.136709 21152.3321688316
304.002378 21150.9697337547
304.854655 21149.3858722245
305.682453 21146.9144426927
306.504375 21146.0000663566
307.344872 21145.7603195407
308.161055 21145.5820962129
308.977326 21145.1231885382
309.804215 21145.0703374359
310.644757 21144.6038704337
311.460329 21144.0143344434
312.277264 21143.7451635552
313.102832 21143.6368275273
313.915994 21143.5609220618
314.727563 21142.9093658295
315.555543 21142.6330691013
316.414477 21142.5445601251
317.230577 21141.9567929658
318.058538 21138.8837221938
318.875663 21138.5557003151
319.691762 21138.4441939036
320.512316 21138.2424009404
321.335084 21137.8265448197
322.150862 21137.5690493677
322.986205 21137.2788057939
323.799071 21136.9804841699
324.611078 21136.033330309
325.42548 21135.7832369271
326.23831 21135.7152188335
327.047704 21135.64947563
327.852957 21135.0289119162
328.663769 21133.8828569615
329.518699 21133.7891184657
330.345066 21132.638276131
331.145006 21131.0904036789
331.951688 21130.7948243913
332.751204 21130.6827708951
333.550868 21130.5892954947
334.36097 21130.1821433263
335.16065 21129.850257043
336.002452 21129.4283307824
336.810666 21129.3594776524
337.620294 21128.6468131594
338.428373 21128.1197045992
339.236913 21128.0364153018
340.050491 21127.9887802823
340.85709 21127.6649358662
341.66072 21126.6067096026
342.517355 21126.031907215
343.362609 21125.5348045376
344.167459 21125.4822920292
344.978632 21124.7839808914
345.780466 21124.6480092405
346.581308 21124.5824658983
347.379921 21124.3358496685
348.183321 21123.6333096035
349.001439 21123.1288709352
349.836351 21122.6782564031
350.655525 21122.4129695133
351.446214 21121.9635086091
352.240991 21121.8150868976
353.042072 21121.7682736802
353.837773 21121.7008674838
354.630414 21121.0306711158
355.445731 21120.7366774989
356.271199 21120.5473268481
357.084843 21119.5696364511
357.882594 21119.1745872611
358.686281 21119.0386052477
359.482504 21118.9729786842
360.274637 21118.8195194993
361.069186 21118.2951515436
361.886534 21117.855581444
362.704221 21117.7797259061
363.517078 21117.1389044044
364.323758 21116.7127002375
365.118139 21116.6002248392
365.910234 21116.5427952139
366.704514 21116.4490810133
367.491314 21116.170205309
368.30286 21115.8862964919
369.114174 21115.4778685366
369.925318 21115.2987662218
370.713645 21115.0440822226
371.500412 21114.9118631329
372.290928 21114.8556862638
373.076113 21114.7927376244
373.859935 21114.2733374669
374.644558 21113.6672506409
375.493593 21113.2064462402
376.298137 21112.2867375119
377.083418 21111.4451531629
377.878096 21111.0625786915
378.659751 21110.9562988473
379.446792 21110.915230561
380.236941 21110.7631050543
381.021162 21110.428779884
381.846371 21110.2093952891
382.652756 21109.9883153669
383.442721 21109.7846194842
384.227924 21109.6310320078
385.009999 21109.5882831263
385.807207 21109.5399427314
386.59258 21109.1010583188
387.375506 21108.6390435688
388.204453 21108.5339685299
389.010175 21107.2949021818
389.805064 21106.3054626513
390.594735 21106.0437830817
391.375176 21105.9690842023
392.152469 21105.9199226813
392.92823 21105.7945739801
393.717567 21105.5231204693
394.515857 21105.3976969949
395.311738 21105.2001367303
396.088584 21104.959477326
396.87534 21104.8096449359
397.645945 21104.7718288353
398.418672 21104.7229412095
399.202185 21104.3142797413
399.979677 21104.0810964107
400.802599 21104.0478590688
401.601281 21103.3430231893
402.394347 21102.1085039806
403.175062 21101.8426488864
403.948567 21101.7569988137
404.733613 21101.6242565448
405.511013 21101.5323136115
406.288348 21101.4535593125
407.067767 21101.3799738393
407.846593 21101.1854864343
408.624961 21101.1355078496
409.398758 21101.1109923518
410.183129 21101.0246449755
410.953368 21100.2974027999
411.767329 21100.0629541741
412.579416 21099.7576426755
413.35221 21099.6655900756
414.120655 21099.1661824302
414.898611 21099.0494297773
415.671509 21099.0192070576
416.440812 21098.9869091108
417.209811 21098.6176345642
418.000806 21098.1847146539
418.812788 21097.9059526884
419.600931 21097.8317079618
420.367754 21097.5429066112
421.138796 21097.3292129594
421.901023 21097.2816018069
422.666471 21097.2543737208
423.43564 21097.152682404
424.202325 21096.819769228
424.98675 21096.6778151178
425.774604 21096.5709741204
426.550929 21096.2853227253
427.316704 21095.8993195163
428.080917 21095.8422813326
428.85333 21095.8121943064
429.619279 21095.7860247717
430.384692 21095.4878000637
431.173353 21095.2408733803
431.970139 21095.1895560645
432.756479 21094.9884500979
433.522958 21094.5564574724
434.297676 21094.3999414425
435.06443 21094.3573839443
435.828968 21094.3310356912
436.591095 21094.1704567867
437.357722 21093.9276067396
438.160378 21093.7626178099
438.940989 21093.6097154111
439.731226 21093.4529538738
440.494627 21093.2905889306
441.253795 21093.2679303268
442.013267 21093.2306012319
442.785723 21093.1012685789
443.55402 21092.8096501254
444.353946 21092.7431195594
445.140909 21092.4827525863
445.902563 21092.3446918737
446.665752 21092.2677227662
447.426282 21092.242947219
448.196486 21092.1614454617
448.9593 21091.7763937534
449.762964 21091.5829339987
450.592888 21091.4788122868
451.357226 21091.2815083582
452.119905 21091.2246234962
452.881819 21091.1764306341
453.654545 21091.1579334462
454.413351 21091.0809518113
455.17423 21090.781127398
455.978473 21090.6982378524
456.758175 21090.4899836651
457.517508 21090.2547443316
458.277073 21090.1504069306
459.038876 21090.124844785
459.797331 21090.0966619086
460.553762 21089.9136676014
461.336645 21089.7203440348
462.113039 21089.6989238379
462.892133 21089.4946512037
463.647601 21089.3090115342
464.410098 21089.21255745
465.165416 21089.182794059
465.921136 21089.1659460795
466.674177 21089.0312312369
467.434967 21088.4452053059
468.231627 21088.2844731872
469.023227 21088.0505610719
469.807296 21087.6774196254
470.56436 21087.5589114436
471.31847 21087.5026311645
472.077327 21087.4755745069
472.844349 21087.3674752186
473.599531 21087.2008707467
474.373795 21087.1547769079
475.173813 21087.0552725587
475.940576 21086.8177952461
476.694167 21086.7676623398
477.448045 21086.7373619873
478.210332 21086.7222016323
478.963973 21086.6398826858
479.719363 21086.326327484
480.498526 21086.3024446135
481.297092 21086.1263837738
482.052984 21085.9110125173
482.804306 21085.6366760315
483.579174 21085.5871326861
484.330877 21085.5681544848
485.082932 21085.4798824667
485.837926 21085.3702134181
486.610077 21085.2943153284
487.383081 21085.158248054
488.132908 21085.1199233784
488.894702 21085.0483397445
489.643569 21085.0269397375
490.39343 21085.0139376838
491.142232 21084.8768940036
491.895517 21084.6169970304
492.714902 21084.485231636
493.48891 21084.2430644247
494.249477 21084.0041176605
494.999843 21083.8838065563
495.748627 21083.8550547653
496.499228 21083.8263504259
497.260585 21083.7472848858
498.01646 21083.7090320179
498.787209 21083.6314207863
499.54117 21083.4994578102
500.299051 21083.4105344296
501.051988 21083.3876422634
501.803322 21083.3777035863
502.555425 21083.2987455032
503.304425 21083.034514553
504.096242 21082.8909378612
504.871389 21082.8870711533
505.619812 21082.8190406569
506.370132 21082.496838302
507.116689 21082.4354345447
507.873127 21082.4214010003
508.617979 21082.4015247073
509.365194 21082.1615144359
510.133364 21082.0746642407
510.93042 21081.9492386267
511.699876 21081.6606390101
512.447651 21081.5742500521
513.209346 21081.5009281305
513.958293 21081.4852456495
514.704349 21081.4697253433
515.44879 21081.3976084864
516.204206 21081.3416135935
516.992401 21081.2579328013
517.761659 21081.1288290829
518.515878 21081.0880742948
519.262503 21081.0506425931
520.014856 21081.0384178637
520.761898 21081.0177518935
521.51978 21080.8662572174
522.289394 21080.6857521262
523.058188 21080.6741278387
523.829966 21080.5922160381
524.578534 21080.3525850505
525.327971 21080.207539306
526.076399 21080.1554980162
526.848224 21080.1472691568
527.594274 21080.1224632075
528.341962 21080.0028064388
529.115594 21079.9200501701
529.913407 21079.8677172477
530.660022 21079.8275631882
531.40298 21079.6988810287
532.153287 21079.6756321341
532.897619 21079.6654355899
533.640565 21079.6314660808
534.384193 21079.4804106519
535.157499 21079.4420456858
535.946631 21079.3471867666
536.689259 21079.2745771
537.438737 21079.1395391794
538.185525 21079.0959907083
538.930642 21079.0872838635
539.677126 21079.0501914644
540.433373 21078.9127490107
541.219402 21078.8399781875
541.984923 21078.8054783757
542.731709 21078.7917054013
543.477218 21078.6361388928
544.218204 21078.6180271586
544.961802 21078.6061476631
545.704738 21078.5926111028
546.446625 21078.4667447786
547.186248 21078.0519880827
547.96633 21077.9640284743
548.756178 21077.7265143864
549.496171 21077.5697583155
550.232064 21077.3238008463
550.974685 21077.2908698641
551.712898 21077.2753685993
552.448151 21077.2509550033
553.18267 21077.1824187454
553.944554 21077.1261758454
554.703069 21077.1053003566
555.460085 21077.040606088
556.194916 21077.003413159
556.940584 21076.990894149
557.684666 21076.9748401586
558.422477 21076.9222640597
559.165284 21076.8028639095
559.953506 21076.7382450769
560.753906 21076.6739634228
561.49746 21076.6098950537
562.245308 21076.5882208781
562.985189 21076.5628261718
563.723608 21076.5577627754
564.461388 21076.5236750271
565.209258 21076.3569975175
565.967097 21076.2187915377
566.747491 21076.1631789863
567.509388 21076.023889843
568.249367 21075.9181615945
568.984615 21075.8724811118
569.720668 21075.8632522154
570.477023 21075.8305029653
571.217708 21075.7532462098
571.995012 21075.7072952734
572.756235 21075.6839256203
573.495194 21075.6201547803
574.230375 21075.5803301284
574.963567 21075.5723066383
575.706813 21075.5630739329
576.443934 21075.5238093185
577.179823 21075.3941970316
577.956169 21075.319946425
578.746376 21075.2796344291
579.486063 21075.2405274752
580.227212 21075.1562739857
580.971757 21075.1429260273
581.710587 21075.1347781552
582.446816 21075.0915448122
583.181321 21074.9885944331
583.969202 21074.9277859949
584.72515 21074.8910889681
585.465056 21074.8628165629
586.204338 21074.7621587942
586.943781 21074.7530581424
587.677389 21074.7411971494
588.407702 21074.6779352496
589.140513 21074.5199164438
589.910775 21074.4593115379
590.683682 21074.3618639886
591.41436 21074.2574529047
592.15281 21074.1972892287
592.881635 21074.1839055442
593.614038 21074.1773988686
594.343077 21074.16621395
595.078521 21074.1052646645
595.832322 21074.0665239188
597.353455 21074.0665239188
598.086511 21074.0018313866
598.816895 21073.9863020004
599.54768 21073.9756652087
600.291356 21073.9507382057
601.024694 21073.9058697767
601.778651 21073.8737650889
602.531532 21073.8324910289
603.278484 21073.8101788569
604.013966 21073.7801356226
604.748486 21073.7705664441
605.488707 21073.7656441613
606.225743 21073.7515206724
606.960978 21073.6595394365
607.715577 21073.5330612048
608.501066 21073.5084310588
609.25502 21073.4503155621
609.989409 21073.3180467702
610.72319 21073.2737803228
611.459148 21073.2598775243
612.191136 21073.2529368406
613.734041 21073.2529368405
614.46498 21073.2270892318
615.203337 21073.1546112764
615.97394 21073.1085433821
616.736244 21073.0882712179
617.467742 21073.0592639151
618.201798 21073.0104218393
618.93265 21072.9944703701
619.673792 21072.9900176798
620.408198 21072.9825022515
621.140746 21072.9229106852
621.9021 21072.8778205709
622.659316 21072.8746153764
623.415319 21072.8162427207
624.148261 21072.7405153624
624.893648 21072.7265248463
625.629217 21072.7186567769
626.361734 21072.7035998559
627.094252 21072.6463299342
627.859981 21072.606194375
628.615615 21072.5969964058
629.371195 21072.5244144567
630.108302 21072.4727740497
630.83923 21072.4611789807
631.569447 21072.4535023747
632.299073 21072.4468663257
633.031398 21072.4207407266
633.762698 21072.3545598863
634.53366 21072.3094320628
635.282348 21072.2987558301
636.018892 21072.2563500301
636.74983 21072.1956396806
637.479056 21072.1875577136
638.212778 21072.1821691867
638.941424 21072.1461291716
639.668627 21072.0726223059
640.438077 21072.0355489179
641.200388 21071.99254933
641.931915 21071.9767218172
642.665347 21071.9117066817
643.400039 21071.9030083316
644.146533 21071.8989007989
644.87687 21071.8762632326
645.610451 21071.8150006091
646.403288 21071.7877298842
647.182667 21071.7808241587
647.912503 21071.7226222209
648.640943 21071.7027453188
649.381093 21071.692487818
650.109903 21071.6884803001
650.838677 21071.6759183993
651.5668 21071.5759097619
652.348091 21071.5261304841
653.119269 21071.4816849234
653.871412 21071.4477786257
654.601889 21071.4061829949
655.331634 21071.3964977572
656.059728 21071.3905775511
656.789088 21071.364735434
657.539568 21071.3204556827
658.285657 21071.3118690043
659.034199 21071.279972989
659.761357 21071.2289237332
660.505209 21071.1991941455
661.237376 21071.1826925764
661.966938 21071.1797414687
662.704373 21071.1649195645
663.434258 21071.104382039
664.204017 21071.0723696809
664.971218 21071.0470743881
665.711089 21071.0410917287
666.43977 21071.0006862339
667.168786 21070.9907120816
667.896942 21070.9865179728
668.634811 21070.9714539738
669.363039 21070.9169249629
670.111744 21070.9022455322
670.890773 21070.8608021933
671.619836 21070.8173837959
672.355909 21070.7732429951
673.08362 21070.7669971752
673.812416 21070.7623983597
674.539481 21070.7433183513
675.266909 21070.6657281527
676.015799 21070.632740846
676.787024 21070.6029275193
677.515936 21070.5914502102
678.246245 21070.4918152812
678.979 21070.4615948763
679.705065 21070.4573127806
680.431095 21070.4485344988
681.156963 21070.4187402018
681.910662 21070.3977420849
682.65824 21070.3870329348
683.408696 21070.3524555034
684.134175 21070.3312792869
684.869263 21070.3243656881
685.596284 21070.3207176242
686.323963 21070.2899324248
687.053917 21070.2490497545
687.829702 21070.2059806503
688.581632 21070.176322322
689.310091 21070.1474404083
690.041277 21070.1026143094
690.769547 21070.0961580631
691.496253 21070.0926287735
692.225288 21070.0782197897
692.961257 21070.0436247626
693.710649 21070.0325969419
694.460024 21070.0156663768
695.188019 21069.9728679438
695.926315 21069.9497023806
696.655568 21069.9409759194
697.383347 21069.9385381017
698.112657 21069.9243711483
698.839315 21069.8718004342
699.611625 21069.8543498651
700.364379 21069.844944749
701.12506 21069.8410994532
701.853222 21069.7712630654
702.579294 21069.7625641318
703.305735 21069.7590510029
704.042764 21069.7470817801
704.771964 21069.7151302592
705.520733 21069.7090407347
706.274922 21069.6909003172
707.006319 21069.6560501126
707.735763 21069.6281431506
708.461242 21069.6223158939
709.197809 21069.6195038588
709.926178 21069.6005506247
710.654414 21069.5484179953
711.402153 21069.5416295883
712.180914 21069.5007413482
712.907278 21069.4451188826
713.636694 21069.4143657352
714.367778 21069.4059588442
715.09795 21069.4025515037
715.824845 21069.3928672912
716.551273 21069.3597351856
717.301345 21069.3378096644
718.066345 21069.3159779667
718.808195 21069.2907617842
719.52931 21069.2796235302
720.255055 21069.2748332639
720.977748 21069.2702782163
721.700065 21069.2521269568
722.421642 21069.2191498419
723.194274 21069.1945112257
723.935932 21069.1740137299
724.658385 21069.1492612468
725.385859 21069.1332138112
726.106926 21069.129471274
726.827795 21069.1252783676
727.548738 21069.1009903488
728.277681 21069.0573476103
729.042507 21069.037471881
729.790945 21069.0155956992
730.515651 21068.9629061764
731.249601 21068.9350756836
731.989256 21068.9302852597
732.721731 21068.9274980381
733.44972 21068.9185649785
734.175174 21068.8957788272
734.922263 21068.877129312
735.666893 21068.8674039965
736.402333 21068.8666716235
737.126927 21068.8289144275
737.850622 21068.823859164
738.574251 21068.8207843555
739.308382 21068.81170003
740.033387 21068.7800607088
740.782248 21068.7580123094
741.551228 21068.7352634089
742.304427 21068.7114290681
743.031194 21068.7017799849
743.756138 21068.6950057785
744.506344 21068.69271259
745.230133 21068.6853987902
745.954128 21068.650146944
746.699912 21068.6283552139
747.476539 21068.6102892744
748.223764 21068.5806047612
748.946551 21068.574448977
749.668301 21068.55646278
750.401221 21068.5545423209
751.124644 21068.5462877498
751.849457 21068.5272476363
752.600747 21068.5164283536
753.35033 21068.5035617603
754.072912 21068.4875271093
754.795947 21068.4766309553
755.529081 21068.4723851432
756.25069 21068.470103822
756.977518 21068.459737421
757.700391 21068.4116589168
758.463883 21068.4053115569
759.229052 21068.3853737886
759.955168 21068.3550061242
760.685642 21068.2937170429
761.411301 21068.2801848008
762.135333 21068.2777026059
762.858359 21068.2721165567
763.583718 21068.2576329816
764.304941 21068.2553867199
765.047511 21068.2412038819
765.769994 21068.2358112416
766.500993 21068.2025340703
767.223404 21068.1959958767
767.947637 21068.1942550511
768.666202 21068.1848416856
769.391391 21068.1503485116
770.134779 21068.1368168454
770.899432 21068.1184153399
771.623526 21068.0966709003
772.359019 21068.0634875457
773.088145 21068.0582108289
773.818925 21068.0558400837
774.56691 21068.0513797129
775.301036 21068.0331390987
776.035154 21068.0217563935
776.817334 21068.0079851039
777.566759 21067.993212159
778.313687 21067.9662981915
779.055522 21067.9520854984
779.781651 21067.9496034477
780.503377 21067.9477614655
781.228669 21067.9341275171
781.949048 21067.90384204
782.726351 21067.8892536465
783.474935 21067.8781824459
784.195977 21067.8466062865
784.918036 21067.8282498585
785.643455 21067.8253978269
786.374273 21067.8221780539
787.101338 21067.8107821841
787.822072 21067.7964061711
788.567069 21067.7847868811
789.306204 21067.7758844739
790.048735 21067.7515572069
790.806634 21067.7438770311
791.544504 21067.742136721
792.275932 21067.7385805095
792.998689 21067.7238698826
793.728883 21067.7202264878
794.49408 21067.7017792379
795.23933 21067.671512815
795.963173 21067.6559157805
796.692308 21067.6510232582
797.415206 21067.6482600216
798.135777 21067.6420482982
798.860359 21067.6245850896
799.602716 21067.612047647
800.345022 21067.6051516712
801.089882 21067.5874199325
801.826223 21067.5755001928
802.555611 21067.5720674566
803.290604 21067.5697299032
804.024112 21067.5628186702
804.764882 21067.5427180248
805.523745 21067.5337913531
806.281947 21067.531847685
807.047097 21067.4986585156
807.787064 21067.4851627208
808.529315 21067.4817998806
809.262427 21067.4789946741
810.006894 21067.4720031387
810.744189 21067.453392488
811.503761 21067.4411291595
812.262366 21067.4369017977
813.005879 21067.4211992287
813.745423 21067.3985585617
814.488395 21067.3935929856
815.225459 21067.3918716275
815.96596 21067.3883896769
816.699078 21067.3734650682
817.443642 21067.3563036497
818.235334 21067.3555506508
818.988379 21067.3091564111
819.721596 21067.2873046093
820.455282 21067.275494458
821.193287 21067.273547298
821.925545 21067.2700406824
822.652968 21067.2599097601
823.388734 21067.2500876729
824.161357 21067.2372038211
824.909752 21067.2186275562
825.637503 21067.2096179543
826.375132 21067.2059790203
827.103786 21067.2039943233
827.833548 21067.200396052
828.561812 21067.1864443769
829.299793 21067.1802223339
830.072385 21067.1739305851
830.803435 21067.1705062015
831.537666 21067.1250704564
832.270125 21067.1198371316
833.000426 21067.1180411729
833.731363 21067.1125380011
834.472207 21067.1018236087
835.225565 21067.0958889194
835.979823 21067.0882775122
836.707258 21067.0818316456
837.448937 21067.0722049221
838.178328 21067.0697483576
838.912253 21067.0687513723
839.64203 21067.064449125
840.371778 21067.0383769948
841.16744 21067.0263570708
841.917274 21067.0151458962
842.668008 21066.9865897552
843.396481 21066.9720022315
844.121917 21066.9698228242
844.858544 21066.9675897268
845.596518 21066.9598460194
846.34885 21066.9528754767
847.097345 21066.9461451735
847.851233 21066.9410500867
848.58595 21066.9394235848
849.316015 21066.9360006091
850.046997 21066.9346249592
850.78461 21066.9321380868
851.514183 21066.9063126625
852.26748 21066.8883373524
853.063039 21066.8776274043
853.824483 21066.8472699073
854.557018 21066.825584907
855.286793 21066.8198921875
856.017143 21066.8180767092
856.755632 21066.8149548305
857.48763 21066.8054131023
858.2403 21066.7993086435
858.992422 21066.793620908
859.722941 21066.7905165013
860.459159 21066.7796759987
861.187254 21066.777285795
861.919929 21066.7761990368
862.647217 21066.7731912767
863.372854 21066.7492533419
864.119475 21066.7308966216
864.892827 21066.727861624
865.639788 21066.6975315551
866.368671 21066.6903254104
867.099626 21066.677451992
867.827075 21066.6759956708
868.550777 21066.6742913789
869.272545 21066.6681404476
870.007202 21066.6630285084
870.759147 21066.6624358405
871.489699 21066.6610206601
872.216709 21066.6398833113
872.954576 21066.6357640233
873.690198 21066.6347583741
874.419529 21066.6330160378
875.149847 21066.6223317027
875.901809 21066.6117502218
876.673418 21066.6039586493
877.420767 21066.5975345017
878.155227 21066.59206604
878.881387 21066.5893404046
879.608081 21066.5881054152
880.334313 21066.5861220019
881.070418 21066.5753284367
881.799914 21066.5680090528
882.570447 21066.5675121766
883.322808 21066.5331868739
884.049774 21066.5143546809
884.775363 21066.5106189354
885.501516 21066.508976221
886.253576 21066.506674362
886.978617 21066.4987989234
887.706429 21066.4916301194
888.475913 21066.4829149948
889.234954 21066.4684973277
889.963789 21066.4641960249
890.68941 21066.4590784744
891.416117 21066.4580663954
892.154443 21066.4563612689
892.882314 21066.4496725671
893.609461 21066.4387375373
894.390394 21066.4316285013
895.142369 21066.422726517
895.869585 21066.4081028827
896.599711 21066.4028138569
897.337701 21066.4015657249
898.065435 21066.4000905673
898.793962 21066.3913737197
899.523551 21066.3872476598
900.303565 21066.380104859
901.055593 21066.3597745311
901.782262 21066.3561167014
902.521912 21066.3484555163
903.252108 21066.3475948711
903.981283 21066.3463873614
904.710602 21066.3389524532
905.440653 21066.3301567604
906.234121 21066.323020067
906.983692 21066.3028899599
907.709244 21066.2886508553
908.443729 21066.2846273334
909.167962 21066.2833495498
909.892015 21066.2811575184
910.622706 21066.2761358894
911.372583 21066.2716302088
912.122751 21066.2664328691
912.846979 21066.2638262673
913.583878 21066.2621007705
914.309012 21066.2602536617
915.038703 21066.2596404862
915.763668 21066.2548287302
916.497139 21066.2313866249
917.265614 21066.2296437742
918.032939 21066.2168743188
918.761674 21066.1927792832
919.491308 21066.1825347739
920.216586 21066.1796151455
920.941221 21066.1788606685
921.672932 21066.1764041029
922.39979 21066.1660701105
923.149785 21066.1621257649
923.917185 21066.1546875762
924.654736 21066.1502146492
925.383696 21066.1430652322
926.111507 21066.1393898587
926.839202 21066.1388108458
927.570516 21066.1369019893
928.300047 21066.1287239581
929.047634 21066.1256193443
929.823964 21066.1241503486
930.549676 21066.1177047269
931.286254 21066.1064577541
932.011856 21066.1043595354
932.754783 21066.103649859
933.480126 21066.1018635911
934.206068 21066.0887297963
934.975179 21066.0817958023
935.734411 21066.0778378765
936.486174 21066.0710660738
937.212385 21066.0631439358
937.944185 21066.0604165133
938.675978 21066.0594357416
939.405322 21066.0586459359
940.131067 21066.0533115602
940.869008 21066.0405383314
941.642999 21066.0362767659
942.395994 21066.028753209
943.125957 21066.0194950989
