time objective
0.349033 30024.1854104797
0.610013 29663.0413333992
0.93252 29326.6625304901
1.315289 28802.9650137426
1.755755 28461.2431637094
2.257387 28130.0082937504
2.81835 27793.9664218777
3.432284 27453.8935260479
4.104905 27011.9719259501
4.85056 26307.6423160262
5.657799 26084.3884517953
6.500008 26080.4076099723
7.38409 25280.8361277115
8.326797 24885.5447441149
9.310368 24713.1386441744
10.314373 24628.256827724
11.382412 24559.680305338
12.47898 24370.7358573597
13.62919 24154.8694201824
14.819089 24039.3368033321
16.043517 23814.4624763824
17.288126 23692.6618931672
18.562284 23656.971831022
19.815264 23624.7219282471
21.121993 23413.160096319
22.430694 23202.3643973765
23.774672 23131.4040780709
25.137938 23019.0717218129
26.53365 22886.7915115322
27.893424 22850.0370935211
29.246541 22835.2534923725
30.633091 22822.7468452136
32.008511 22747.6126282627
33.36857 22662.4876376359
34.715634 22613.7931962008
36.058207 22490.0587569515
37.376264 22414.5435096708
38.684877 22394.6643333519
40.026311 22386.0192989369
41.380809 22375.0124632665
42.726639 22352.8259843507
44.037158 22326.1494197309
45.332023 22292.9069571728
46.62036 22262.2101444324
47.895498 22244.9619573315
49.188465 22239.0640945974
50.468555 22233.2216410243
51.753814 22200.9670233517
53.02637 22161.6782961936
54.266758 22133.6773467825
55.512229 22068.3808490275
56.71956 22036.7614472603
57.928775 22029.1862013116
59.128304 22024.5786670815
60.326175 22014.4833964312
61.523266 21984.7927252801
62.709414 21967.5433371436
63.908653 21961.7019644454
65.091819 21946.1298826405
66.238919 21910.8588108017
67.391852 21903.8890659173
68.542 21901.4696827701
69.673152 21896.3779465541
70.803138 21868.7880934348
71.907031 21853.7321966585
72.990315 21826.0731035769
74.058681 21779.3210413486
75.098525 21759.6892475388
76.135317 21753.0688148495
77.174833 21750.3641664037
78.214747 21745.1068848284
79.273006 21734.4798537164
80.338036 21727.5654940321
81.405592 21717.8282674479
82.444219 21711.8863898522
83.441924 21707.424352982
84.452311 21705.1536873096
85.459816 21702.4764661153
86.461212 21681.280611322
87.473656 21671.9039266319
88.501905 21661.6573417019
89.498729 21629.643587318
90.480386 21614.8423408857
91.432964 21609.7812849296
92.41017 21607.7941323891
93.374612 21606.290816315
94.339041 21603.0680767469
95.31071 21587.7538978773
96.253532 21585.4556415351
97.206385 21579.2539107367
98.143424 21567.4383475706
99.061181 21554.0881089897
99.971734 21551.9706752646
100.875258 21550.7444245031
101.785784 21548.1105690909
102.685118 21535.7242955235
103.605873 21531.8969965329
104.523218 21531.1873957657
105.451106 21514.0799867503
106.362653 21508.575442262
107.274012 21505.2609794662
108.210316 21504.4910701937
109.082063 21501.2254067586
109.972663 21496.436402858
110.846377 21492.5048216938
111.725232 21489.2690157128
112.581209 21477.9645888806
113.458717 21475.5979478493
114.303854 21474.7457327725
115.139105 21472.1726506167
115.987337 21463.9570317392
116.831342 21457.5920567303
117.704002 21454.0945024226
118.51518 21450.3715030435
119.332762 21443.7971618734
120.131442 21441.9117400064
120.966625 21441.2491381316
121.785234 21438.1393813112
122.597831 21416.4175803379
123.468045 21411.8091097061
124.294324 21406.4120826165
125.113067 21398.999509994
125.894261 21396.4948881201
126.67 21394.9686133541
127.453346 21394.1707671573
128.231289 21392.9850597971
129.149858 21392.9665268026
129.929404 21391.2641206682
130.683697 21386.1514381482
131.466917 21382.4539287583
132.271047 21379.0911940123
133.040762 21377.6652712806
133.811002 21372.9102917646
134.557414 21371.9692821818
135.330724 21371.3936372903
136.060634 21367.900342428
136.789772 21351.5115359596
137.554121 21345.80399684
138.320582 21341.8254035176
139.024058 21340.2157359312
139.736662 21331.8404690017
140.427683 21329.2986089772
141.136074 21328.834595331
141.846822 21327.9361481204
142.557339 21325.165986574
143.311453 21322.7230091885
144.043406 21321.0455046641
144.75714 21320.3833613994
145.49692 21317.7871709478
146.198409 21317.0923725102
146.905332 21316.7357089015
147.63016 21315.7617380373
149.15525 21315.7617380373
149.840274 21312.5522372532
150.540605 21306.6392407663
151.263462 21304.7169237598
151.975155 21296.1823110471
152.658755 21290.5775636073
153.349942 21288.8797748671
154.016973 21288.2831447115
154.704471 21287.8924070278
155.373149 21286.0038638261
156.060248 21283.9263037989
156.739564 21282.5595689402
157.411633 21279.4340767583
158.067782 21277.1651518911
158.741142 21276.6079544372
159.403575 21276.1920223139
160.082063 21274.9106374534
160.735852 21271.0841728488
161.398664 21269.251355512
162.056003 21268.8305994394
162.741258 21268.0603360681
163.373387 21260.8559322147
164.022234 21259.6546922119
164.692399 21259.3234168901
165.330111 21258.7744517112
165.995722 21256.9579066834
166.688845 21252.5648856054
167.41072 21252.0341384923
168.056676 21250.9158039063
168.701967 21248.4843364561
169.329155 21247.6487656593
169.95797 21247.4181287469
170.605185 21246.6193536392
171.263896 21243.9768921524
171.916797 21242.0124914771
172.591553 21240.7449632144
173.24333 21240.4707479129
173.879491 21237.4424093665
174.498423 21236.8783900924
175.126094 21236.6604903688
175.750666 21236.3675443548
176.373445 21234.4233878129
177.020889 21231.8071283623
177.668975 21230.1618492655
178.324072 21227.3884293887
178.941964 21224.8134370654
179.600685 21223.6475557109
180.213853 21223.3873746614
180.815238 21222.9561565007
181.419346 21221.2404679911
182.041127 21219.5929567505
182.658405 21218.8880140563
183.288697 21217.6693006992
183.903944 21216.6237319834
184.511669 21215.4625964541
185.146135 21215.2714934401
185.789867 21215.0741216456
186.447576 21213.7549289606
187.102171 21212.7554585626
187.778344 21212.1730969014
188.416501 21210.320021003
189.043943 21209.0280487859
189.667011 21208.62628114
190.282392 21208.4222788667
190.908384 21207.8499657703
191.51995 21205.2158934037
192.156764 21204.1382141458
192.84751 21204.1028094636
193.470444 21201.4068791769
194.063657 21199.4863838385
194.672715 21198.7712262198
195.277692 21198.6292061398
195.871158 21198.2996158516
196.499997 21197.0148333411
197.093242 21195.4566661176
197.727129 21194.047145804
198.348915 21192.2434620718
198.931849 21190.5999693751
199.511939 21189.956856718
200.08728 21189.7708480167
200.671973 21189.2624511537
201.258456 21187.6677238072
201.869311 21186.8114235189
202.460188 21186.271668439
203.06011 21184.1825758141
203.681936 21183.3147326627
204.267311 21183.057712261
204.859752 21182.8631672024
205.447119 21182.6035234029
206.029671 21181.8730836342
206.618091 21181.2376255983
207.26547 21180.5197405768
207.849687 21180.092199283
208.457585 21178.4191728779
209.16305 21178.2093227046
209.843811 21178.0774793668
210.49614 21177.7513022763
211.359091 21173.2382581181
212.086233 21172.6773096066
