time nnz
327.146357 3828
408.880399 3741
783.673461 4711
896.190162 3854
969.510375 2195
1027.197872 1748
1345.763239 2197
1407.696039 1886
1460.821314 1578
1509.847873 1436
1554.96959 1334
1597.825217 1269
1639.192096 1216
1937.44429 1373
1982.595117 1302
2025.240025 1236
2066.555913 1198
2107.407552 1173
2147.927783 1158
2188.096899 1143
2226.742651 1132
2265.483356 1129
2303.781449 1117
2342.784548 1107
2380.418564 1094
2418.361252 1088
2456.706381 1083
2493.938008 1082
2530.865846 1077
2567.654852 1073
