time nnz
588.70742 181244
898.462713 178012
1255.782157 185501
1646.802375 194372
2031.96155 196041
2432.391405 191966
2770.604572 190983
3109.913494 188940
3474.313027 186578
3767.611589 184578
4009.076776 184692
4225.443226 181598
4421.058952 176391
4613.397243 169270
4807.938106 167376
5002.655697 164878
5189.479204 164749
5384.705057 161464
5579.796555 158377
5776.971307 153582
5973.819874 152862
6159.014763 148513
6352.560574 146943
6548.326155 140437
6742.258808 137615
6938.089526 128167
7122.166127 122312
7297.228323 109653
7464.691096 102415
7632.589019 91171
7800.407353 90193
7964.097659 93806
8130.45028 89051
8294.834395 88992
8462.585208 76413
8631.087646 63964
8797.891739 54155
8963.778076 54198
9131.296619 49479
9298.967845 49595
9463.971823 41491
9632.084743 27926
9966.136557 48916
10300.527487 42887
10636.468334 45023
10804.827553 35320
10973.212376 29793
11142.201935 25249
11309.958279 33857
11643.822954 27785
11811.266258 34763
12143.853715 31392
12307.67491 34437
12472.282419 30034
12637.045862 27061
12802.929965 21931
13133.895387 18829
13298.946659 24130
13464.204857 25222
13629.291756 19874
13791.760934 17264
13956.737816 10477
14289.712366 26444
14455.44059 21310
14621.733809 13802
14789.300002 9853
15116.661501 8245
15524.828982 13714
