time nnz
431.527431 181419
669.354378 181417
963.098667 181258
1286.880842 181235
1631.775347 180669
1993.107843 179939
2357.138939 178462
2644.049399 177049
2931.273584 174068
3258.571379 172559
3540.464359 169264
3764.883087 164858
3971.018607 161030
4153.001644 152975
4318.307737 148529
4477.051059 142952
4626.273794 137013
4765.66319 129219
4899.468628 120333
5028.776777 113187
5149.746393 109885
5270.923427 106557
5385.607594 101102
5494.621328 96256
5600.523906 89854
5693.027513 80546
5779.05445 71897
5860.875404 67829
5934.03036 64627
6006.882308 60019
6072.534577 56835
6134.914583 52937
6192.196618 46977
6241.955419 42304
6288.549385 40503
6333.670848 37931
6377.056067 36259
6418.241628 35087
6454.810245 32553
6488.754781 29426
6520.761075 27172
6552.335318 26810
6582.463143 25691
6610.937066 24651
6635.377883 22851
6659.415678 20715
6680.121419 18126
6699.765382 17691
6720.462126 17175
6739.089805 16496
6757.825814 15782
6774.316896 14407
6791.099888 14271
6807.22376 14088
6821.578951 13528
6836.1595 13137
6851.023283 12788
6864.356928 12412
6878.371958 12080
6890.717123 11003
6902.37571 9995
6913.09061 9526
6922.313838 9180
6932.763238 8902
6943.160346 8713
