time nnz
1.640555 200
3.617247 400
6.15225 598
9.102416 798
12.333191 998
16.272004 1198
20.431969 1382
25.327207 1576
31.142128 1751
37.098295 1949
43.530644 2148
50.077326 2342
56.962341 2419
63.739773 2594
70.914133 2657
78.317468 2855
86.281409 3025
93.823312 3209
101.463681 3245
107.972653 2987
114.430877 3121
121.34059 3177
128.330384 3308
135.582126 3490
143.55649 3672
152.858196 3809
162.504589 3424
171.089199 3579
179.154918 3746
187.579861 3615
195.273729 3699
203.319882 3752
211.537541 3789
219.919329 3770
227.788524 3481
235.193746 2882
241.675389 2975
249.355287 3101
256.823454 2910
264.599747 3079
273.102368 3212
281.142074 3221
288.500331 2977
294.649007 2765
299.686629 2868
305.814152 2983
313.216476 3036
319.898629 3056
326.771814 2786
332.95357 2586
339.340348 2698
345.347839 2710
351.34798 2637
357.608127 2595
363.966356 2478
370.819147 2484
377.120973 2628
383.485107 2715
390.203129 2708
396.6239 2536
402.721733 2359
409.512281 2478
415.262316 2362
421.064431 2314
426.960461 2444
433.301408 2465
439.012288 2430
444.263624 2274
449.303155 1985
454.915001 2061
460.48131 2176
466.226921 2289
471.362758 2311
476.145569 2349
481.101893 2182
486.084824 1966
491.024013 1827
496.562678 1782
501.780304 1877
507.458611 1943
511.889164 1863
516.250314 1794
520.771554 1810
525.331173 1802
529.691093 1769
533.637665 1732
539.066756 1751
543.025899 1688
547.219788 1708
553.309758 1773
558.105685 1655
563.048974 1751
568.195211 1832
572.61554 1765
576.286774 1613
580.085231 1517
584.361019 1448
588.924225 1534
593.750097 1630
598.717468 1649
603.265459 1644
607.249777 1585
611.12553 1524
614.995846 1434
619.205595 1406
622.663604 1446
626.74266 1515
630.290633 1481
633.582969 1406
637.177921 1337
641.968463 1375
645.547697 1419
648.964811 1448
652.045992 1406
654.97714 1367
657.799779 1330
660.80079 1298
664.241363 1338
667.372926 1380
670.947233 1350
674.172483 1365
677.491671 1357
680.265517 1324
683.110403 1263
687.56779 1278
690.484421 1312
693.701823 1298
696.68561 1283
700.103662 1293
703.339862 1282
706.228926 1263
709.075412 1201
712.287273 1220
715.612628 1230
718.433869 1220
721.353701 1205
724.424148 1204
727.457746 1207
731.62225 1222
734.512229 1194
737.401207 1197
740.479732 1214
743.629266 1226
746.714925 1214
749.669069 1202
752.68962 1197
755.619508 1198
758.754975 1187
761.766923 1175
764.804265 1154
768.953273 1176
772.415057 1213
775.661162 1206
779.08708 1218
782.34028 1217
785.620038 1203
788.723555 1167
791.512739 1157
794.29498 1157
796.992661 1191
799.842102 1169
803.045106 1160
806.144191 1157
809.042929 1149
812.24849 1131
815.219753 1120
818.320803 1131
821.3756 1145
823.807244 1144
826.412524 1143
829.496177 1132
832.396326 1129
835.463216 1119
838.22317 1123
840.729394 1118
843.6547 1128
846.323589 1134
849.07515 1129
851.637445 1121
855.648419 1122
857.904861 1103
860.639112 1103
863.730839 1122
866.68387 1127
869.649868 1126
872.336658 1117
875.243546 1098
877.990814 1099
880.964293 1097
883.679048 1106
886.665439 1105
889.589568 1102
892.353219 1097
895.449082 1091
898.27765 1096
901.121534 1088
903.932958 1094
906.749715 1093
909.627676 1101
912.679157 1101
915.306767 1097
918.267862 1083
922.119905 1095
924.785816 1098
927.408031 1108
929.958953 1108
932.605084 1102
935.215117 1089
937.939656 1090
940.727827 1086
943.341372 1093
946.30153 1091
949.267834 1091
951.990771 1090
955.026825 1088
957.724718 1087
960.393029 1081
963.298494 1083
966.351706 1082
969.118538 1087
971.898708 1090
974.650931 1086
977.52321 1083
980.369218 1085
983.046714 1084
985.792474 1084
988.530329 1084
991.395979 1085
993.994835 1083
996.715676 1082
999.479087 1079
1002.517029 1082
1005.204051 1085
1008.182411 1086
1011.121629 1083
1014.051674 1086
1016.92675 1086
1019.793886 1085
1022.603611 1080
1025.250095 1075
1028.259492 1077
1031.090209 1083
1033.804517 1083
1036.556681 1081
1039.120171 1079
1041.58697 1077
1044.362258 1078
1047.96774 1087
1051.02855 1082
1054.050487 1087
1056.444525 1089
1059.297915 1082
1062.138543 1082
1065.079444 1081
1068.300802 1081
1071.24203 1084
1074.430319 1087
1077.046997 1082
1079.814625 1081
1082.760554 1080
1085.869846 1080
1089.023054 1082
1091.997715 1083
1094.8429 1082
1097.65136 1083
1100.441416 1081
1103.094776 1082
1105.89941 1081
1108.744785 1083
1111.734904 1083
1114.727769 1083
1117.806002 1085
1120.774984 1081
1123.808039 1080
1127.046604 1079
1130.20169 1080
1133.128909 1083
1135.936366 1081
1138.838721 1080
1141.589655 1080
1144.194726 1081
1147.071713 1080
1149.917068 1079
1152.744201 1078
1155.629279 1079
1158.391257 1080
1161.099638 1079
1164.159482 1079
1167.08277 1079
1170.099977 1081
1172.998069 1081
1176.032654 1081
1178.945052 1081
1181.908296 1081
1184.654887 1081
1187.414585 1082
1190.200509 1080
1192.983279 1080
1195.562638 1081
1198.233387 1081
1200.87969 1080
1203.578141 1080
1205.894071 1080
1208.420178 1080
1210.838256 1080
1214.63189 1089
1217.228928 1075
1219.98115 1075
1222.453379 1077
1225.065199 1079
1227.890371 1077
1230.46934 1080
1232.745476 1076
1235.67797 1075
1238.448656 1076
1241.160306 1075
1243.861653 1075
1246.495943 1076
1248.947288 1076
1251.554445 1076
1254.080458 1075
1257.988482 1077
1260.228654 1076
1262.706937 1076
1265.237926 1075
1268.049958 1078
1270.698287 1079
1273.452831 1073
1276.132911 1075
1278.69811 1077
1281.313169 1079
1284.218996 1076
1286.915845 1076
1289.798412 1076
1292.48939 1077
1295.251511 1076
1298.035954 1076
1300.722012 1076
1303.658241 1074
1306.495737 1072
1309.250021 1073
1311.590385 1075
1314.29703 1076
1317.010234 1076
1319.479985 1075
1322.232742 1075
1324.825748 1075
1327.384445 1075
1329.778249 1075
1332.327092 1076
1334.884697 1076
1337.388443 1076
1339.804368 1075
1342.388093 1076
1344.886944 1077
1347.232272 1077
1349.821191 1076
1352.307075 1077
1354.939847 1076
1357.444668 1075
1359.99946 1076
1362.785159 1076
1365.486156 1077
1368.2454 1081
1370.751501 1083
1373.40652 1083
1375.932107 1083
1378.542485 1081
1381.132546 1080
1383.844498 1080
1386.390926 1079
1388.881253 1080
1391.333074 1080
1393.826138 1079
1396.449776 1080
1398.850186 1080
1401.456301 1079
1404.017254 1079
1406.740484 1079
1409.458442 1079
1412.117443 1079
1414.606811 1079
1417.317448 1079
1419.770241 1079
1422.154019 1079
1424.92829 1079
1427.462716 1079
1430.039926 1080
1432.30076 1081
1434.669053 1080
1437.276045 1081
1439.902741 1082
1442.490817 1081
1445.03847 1081
1447.70129 1081
1450.465921 1081
1453.110244 1080
1455.66522 1080
1458.208431 1079
1460.441445 1079
1463.087273 1079
1465.670876 1079
1468.321167 1079
1471.232595 1079
1474.028958 1080
1477.0042 1080
1479.715675 1080
1482.206574 1079
1484.876907 1079
1487.833298 1078
1490.666019 1077
1493.613695 1077
1496.316385 1077
1498.955717 1076
1501.537083 1076
1504.372309 1076
1507.085505 1077
1509.852339 1080
1512.819205 1079
1515.655338 1078
1518.492526 1079
1521.455818 1077
1524.389157 1077
1527.512458 1077
1530.438232 1076
1533.367637 1076
1536.241802 1076
1539.000491 1076
1542.00518 1076
1544.707633 1076
1547.71295 1078
1550.546067 1078
1553.398404 1078
1556.148429 1077
1559.026985 1077
1561.920854 1075
1564.623592 1075
1567.648619 1078
1570.530513 1078
1573.387472 1079
1576.187557 1078
1579.334862 1077
1582.172777 1077
1585.319989 1077
1588.074093 1077
1590.858404 1077
1593.714274 1077
1596.513414 1077
1599.249489 1076
1602.030844 1076
1604.989341 1076
1607.734479 1076
1610.556881 1077
1613.341935 1077
1616.285214 1076
1618.957818 1076
1622.029093 1076
1624.763432 1076
1627.587217 1076
1630.461358 1076
1633.275499 1076
1636.187166 1075
1639.02457 1077
1641.948649 1077
1645.037515 1076
1647.781524 1076
1650.666257 1076
1653.576789 1076
1656.363904 1075
1659.162959 1075
1662.04873 1075
1664.909767 1075
1667.674938 1075
1670.579443 1075
1673.565042 1075
1676.531555 1075
1679.274568 1076
1682.153456 1075
1685.141208 1075
1688.200827 1075
1691.163815 1075
1694.389285 1075
1696.787833 1075
1699.732405 1076
1702.683594 1076
1705.560308 1075
1708.436423 1075
1711.358652 1075
1714.434317 1075
1717.378252 1075
1720.227522 1075
1723.104276 1075
1726.10839 1075
1728.996423 1075
1731.929066 1075
1734.893557 1075
1737.879013 1075
1740.817181 1075
1743.863411 1075
1746.838758 1075
1749.628151 1076
1752.553774 1076
1755.419693 1076
1758.551481 1076
1761.033268 1076
1763.678178 1076
1766.442608 1076
1769.144147 1076
1771.891295 1076
1774.618169 1076
1777.283905 1077
1779.985242 1077
1782.666169 1076
1785.29307 1076
1787.681698 1076
1790.482761 1076
1793.278193 1076
1795.987768 1076
1798.695552 1076
1801.519928 1076
1804.371365 1077
1807.139307 1077
1809.908226 1076
1812.742284 1076
1815.525237 1076
1818.096287 1076
1820.740471 1076
1823.579112 1076
1825.992258 1076
1828.507952 1076
1830.790205 1076
1833.145129 1076
1835.533085 1076
1837.992911 1076
1840.408657 1076
1843.24266 1076
1845.848157 1076
1848.418885 1076
1851.331006 1076
1854.032552 1076
1856.494297 1076
1859.439339 1075
1861.876554 1075
1864.119011 1075
1866.299136 1075
1868.649495 1075
1871.098426 1075
1873.780648 1075
1876.473293 1075
1879.42235 1075
1881.778593 1075
1884.578568 1075
1887.430028 1075
1890.303193 1075
1893.172485 1075
1895.827457 1075
1898.464076 1075
1901.014936 1075
1903.953443 1075
1906.748829 1075
1909.510805 1075
1912.200818 1075
1915.08287 1075
1918.18073 1075
1920.757705 1075
1923.715525 1075
1926.268711 1075
1929.107046 1075
1931.776166 1075
1934.516428 1075
1937.416555 1075
1940.435468 1075
1943.141577 1075
1945.945966 1075
1948.60636 1075
1951.399393 1076
1954.25739 1075
1957.032337 1075
1959.731194 1075
1962.352805 1075
1965.385687 1075
1968.10365 1075
1970.775759 1075
1973.501252 1075
1976.310166 1076
1979.343575 1076
1982.077821 1076
1984.874594 1076
1987.771362 1076
1990.364459 1076
1993.440182 1076
1996.131905 1076
1998.929082 1076
2001.486714 1076
2004.085183 1076
2006.410702 1076
2008.722123 1076
2011.257296 1076
2013.74308 1077
2016.194439 1076
2018.468573 1076
2020.779303 1076
2023.146127 1076
2025.343865 1076
2027.723859 1076
2030.316398 1076
2033.070412 1076
2035.61386 1077
2037.806552 1076
2039.985699 1076
2042.844298 1076
2045.55634 1076
2048.079345 1076
2050.683006 1076
2053.182366 1076
2055.855869 1076
2058.432047 1077
2060.936334 1077
2063.455684 1076
2066.204778 1076
2068.674945 1077
2071.214837 1076
2073.664573 1076
2076.335061 1076
2078.970504 1076
2081.487207 1076
2084.1481 1076
2086.581267 1076
2089.324887 1076
2091.755068 1076
2094.424082 1076
2097.023581 1076
2099.782168 1076
2102.283336 1076
2104.814479 1076
2107.49032 1076
2110.187833 1076
2112.834625 1076
2115.668659 1076
2118.268351 1076
2120.979608 1076
2124.018568 1076
2127.0342 1076
2130.197638 1076
2133.10769 1076
2136.06127 1076
2138.969131 1076
2141.852518 1076
2144.784368 1076
2147.396434 1076
2149.959394 1076
2152.427532 1076
2155.125476 1076
2157.61291 1076
2160.632521 1076
2162.868251 1076
2165.440681 1076
2167.687267 1076
2170.269578 1076
2172.573992 1076
2175.020742 1076
2177.484709 1076
2180.202882 1076
2182.782174 1076
2185.357386 1076
2187.817904 1076
2190.551934 1076
2193.181648 1076
2196.0906 1076
2198.420075 1076
2200.694367 1076
2203.067109 1076
2205.340808 1076
2207.8348 1076
2210.305125 1076
2213.022726 1076
2215.513204 1076
2218.266619 1076
2220.849262 1076
2223.160958 1076
2225.370308 1076
2227.934599 1076
2230.619047 1076
2232.97064 1076
2235.702119 1076
2238.742554 1076
2241.214806 1076
2244.106398 1076
2246.898339 1076
2249.412102 1076
2252.118968 1076
2254.922641 1076
2257.808366 1076
2260.57413 1076
2263.469903 1076
2266.117164 1076
2269.061764 1076
2271.72695 1076
2274.513052 1076
2277.231245 1076
2279.647922 1076
2281.88662 1076
2284.485203 1076
2286.961199 1076
2289.253686 1076
2291.321493 1076
2293.629205 1076
2295.860226 1076
2298.051141 1076
2300.58868 1076
2302.976769 1076
2305.135444 1076
2307.503583 1076
2309.840568 1076
2312.530948 1076
2314.996073 1076
2317.530293 1076
2319.854252 1076
2322.48735 1076
2324.999365 1076
2327.423116 1076
2330.007255 1076
2332.374495 1076
2335.03708 1076
2337.180077 1076
2339.733963 1076
2342.392097 1076
2344.877875 1076
2347.266709 1076
2349.781038 1076
2352.202373 1076
2354.472873 1076
2357.068985 1076
2359.457978 1076
2362.063999 1076
2364.496569 1076
2366.627902 1076
2368.971244 1076
2371.163489 1076
2373.842415 1076
2376.527112 1076
2379.222059 1076
2382.066955 1076
2384.808305 1076
2387.649076 1076
2390.463102 1076
2393.548905 1076
2396.338401 1076
2399.076691 1076
2401.764859 1076
2404.41088 1076
2407.060811 1076
2409.851318 1076
2412.54304 1076
2415.447419 1076
2417.944621 1076
2420.541448 1076
2423.300614 1076
2426.190645 1076
2428.813824 1076
2431.443357 1076
2434.168127 1076
2436.874744 1076
2439.53829 1076
2442.273135 1076
2445.126072 1076
2447.93066 1076
2450.887216 1076
2453.394248 1076
2456.075665 1076
2458.668236 1076
2461.687137 1076
2464.535312 1076
2467.392144 1076
2469.820173 1076
2472.55659 1076
2475.336285 1076
2478.135934 1076
2481.321264 1076
2484.26305 1076
2487.121209 1076
2489.952438 1076
2492.720285 1076
2495.72232 1076
2498.449218 1076
2501.287319 1076
2503.865364 1076
2506.579656 1076
2508.937907 1076
2511.229603 1076
2513.81556 1076
2516.94531 1076
2519.865303 1076
2522.994537 1076
2525.857925 1076
2528.817414 1076
2531.562531 1076
2534.451244 1076
2536.825302 1076
2539.586666 1076
2542.403554 1076
2545.018634 1076
2547.947418 1076
2550.875023 1076
2553.775845 1076
2556.682602 1076
2559.472212 1076
2562.230233 1076
2564.973962 1076
2567.762878 1076
2570.102759 1076
2572.586485 1076
2575.268494 1076
2578.095671 1076
2580.593324 1076
2583.555083 1076
2586.331838 1076
2589.024181 1076
2591.624394 1076
2594.261052 1076
2596.974738 1076
2599.765875 1076
2602.428523 1076
2605.196106 1076
2607.917633 1076
2610.535854 1076
2613.361932 1076
2616.237197 1076
2619.157934 1076
2622.078216 1076
2624.792463 1076
2627.506416 1076
2630.169016 1076
2632.983421 1076
2635.622706 1076
2638.29146 1076
2641.078117 1076
2643.877703 1076
2646.507451 1076
2649.503539 1076
2652.038861 1076
2654.73341 1076
2657.489599 1076
2660.370785 1076
2663.059707 1076
2665.799216 1076
2668.229018 1076
2670.957664 1076
2673.852086 1076
2676.481925 1076
2679.269905 1076
2682.128731 1076
2684.773284 1076
2687.520137 1076
2690.417993 1076
2693.002869 1076
2695.786962 1076
2698.418067 1076
2701.086252 1076
2703.637682 1076
2706.279501 1076
2708.713181 1076
2711.217411 1076
2713.794748 1076
2716.213886 1076
2718.7472 1076
2721.191972 1076
2723.956255 1076
2726.516149 1076
2729.551841 1076
2732.196676 1076
2735.115049 1076
2737.608961 1076
2740.502929 1076
2743.115778 1076
2746.006595 1076
2748.826418 1076
2751.652476 1076
2754.302479 1076
2757.04185 1076
2759.833816 1076
2762.481644 1076
2764.941736 1076
2767.456766 1076
2769.656019 1076
2772.017628 1076
2774.813792 1076
2777.389609 1076
2780.339773 1076
2782.913621 1076
2785.93643 1076
2788.578575 1076
2791.541425 1076
2794.268028 1076
2797.353301 1076
2800.122794 1076
2802.94176 1076
2805.857638 1076
2808.529234 1076
2811.330652 1076
2814.093691 1076
2816.941872 1076
2819.802803 1076
2822.666706 1076
2825.544012 1076
2828.433294 1076
2831.069885 1076
2834.067699 1076
2837.163334 1076
2840.073326 1076
2842.923603 1076
2845.857711 1076
2848.800623 1076
2851.67953 1076
2854.59704 1076
2857.512542 1076
2860.248614 1076
2862.997275 1076
2865.887701 1076
2868.216435 1076
2870.655302 1076
2873.000606 1076
2875.387979 1076
2877.763568 1076
2880.689177 1076
2883.241263 1076
2885.930809 1076
2888.742386 1076
2891.884137 1076
2894.689868 1076
2897.782494 1076
2900.699298 1076
2903.611547 1076
2906.473498 1076
2909.420243 1076
2912.120991 1076
2915.191769 1076
2917.688811 1076
2920.430334 1076
2923.189696 1076
2925.989147 1076
2928.662454 1076
2931.614871 1076
2934.318605 1076
2937.049582 1076
2939.808409 1076
2942.490458 1076
2945.17199 1076
2947.94367 1076
2950.772879 1076
2953.465462 1076
2956.280805 1076
2959.213294 1076
2962.014451 1076
2964.841414 1076
2967.633519 1076
2970.386025 1076
2973.013486 1076
2976.018611 1076
2978.8845 1076
2981.72056 1076
2984.440224 1076
2987.172361 1076
2989.889062 1076
2992.610182 1076
2995.157315 1076
2998.037519 1076
3000.570787 1076
3003.576363 1076
3006.161192 1076
3008.989963 1076
3011.813867 1076
3014.6515 1076
3017.403312 1076
3020.332888 1076
3022.912049 1076
3025.624635 1076
3028.272039 1076
3030.976931 1076
3033.639547 1076
3036.313656 1076
3038.864295 1076
3041.49927 1076
3044.263381 1076
3046.903773 1076
3049.488951 1076
3052.020631 1076
3054.641753 1076
3057.363759 1076
3060.329803 1076
3062.947215 1076
3065.88664 1076
3068.650634 1076
3071.70242 1076
3074.440668 1076
3077.422298 1076
3080.263487 1076
3083.190761 1076
3086.02513 1076
3088.647811 1076
