time nnz
3.561844 200
7.319006 397
11.30396 589
15.460145 787
19.747702 986
24.330058 1186
29.254857 1383
34.460504 1574
40.010468 1771
45.920867 1969
52.150792 2167
58.568083 2357
65.103125 2467
71.708242 2632
78.646433 2832
85.560733 2990
92.59668 3173
99.607275 3334
106.698819 2763
113.729015 2914
120.84314 3114
127.822915 3231
134.797855 3388
141.910556 3551
149.381882 3640
156.69171 3423
176.716343 3577
190.818294 2953
204.137113 3102
214.013699 3134
226.474358 3295
238.237419 3428
250.413578 3482
261.43141 3373
271.841392 2677
282.080536 2338
291.787219 2479
301.240145 2599
317.828672 2722
335.26863 2844
351.095113 2859
360.19513 2617
369.268686 2370
378.323881 2521
387.979092 2590
403.437609 2697
413.667954 2818
422.980569 2874
431.995285 2626
439.961035 2289
455.909347 2257
465.802456 2383
474.987299 2485
484.68747 2571
494.156292 2547
503.982444 2255
513.728374 2082
523.051616 2134
532.704814 2242
541.738443 2209
551.40437 2278
560.174065 2317
568.862536 2314
577.07094 2199
585.063561 1845
593.827773 1894
602.8402 1998
612.078603 2122
620.450065 2133
628.727567 2158
637.47996 2151
646.082318 2003
654.835083 1711
663.72055 1784
673.332064 1877
681.877381 1932
690.773936 1997
698.872797 1968
707.418938 1780
715.004446 1637
723.818359 1569
731.963286 1658
740.55075 1798
748.640815 1819
755.915817 1732
763.070204 1577
771.508706 1569
780.285341 1633
788.778636 1637
796.939352 1680
805.49133 1630
812.822979 1549
820.124907 1376
829.107402 1434
837.041464 1490
845.2777 1558
852.95971 1536
860.035593 1461
866.725154 1372
873.772453 1398
881.635186 1392
889.247071 1433
897.111126 1541
904.866257 1510
912.681376 1428
920.007763 1353
927.014983 1328
935.058036 1360
942.461974 1362
949.88069 1393
956.662583 1342
963.375881 1283
970.063225 1262
976.675523 1273
983.242654 1305
990.470538 1314
997.686563 1319
1005.087117 1331
1012.404041 1308
1019.054912 1280
1025.805117 1241
1032.571637 1246
1039.743966 1274
1048.355667 1307
1055.047207 1276
1062.167352 1287
1069.232861 1293
1076.190769 1285
1083.150675 1258
1089.79223 1208
1096.481853 1213
1103.301656 1230
1109.800709 1268
1116.801083 1292
1123.896206 1269
1130.722328 1257
1137.457308 1226
1144.253051 1182
1151.089795 1188
1157.927596 1203
1164.68891 1239
1171.741225 1264
1178.250798 1232
1184.980285 1201
1191.396948 1168
1197.883017 1173
1204.507739 1187
1211.082655 1179
1217.914256 1175
1224.632214 1170
1231.542471 1157
1238.16322 1150
1244.573542 1152
1251.310008 1162
1257.808391 1172
1264.264109 1176
1270.586586 1164
1276.713173 1145
1282.754301 1128
1289.219474 1139
1295.168015 1155
1301.124412 1153
1307.091581 1156
1312.932462 1146
1319.04381 1132
1325.298895 1116
1331.115516 1129
1337.15241 1133
1343.303954 1131
1349.080576 1147
1355.241097 1145
1361.304551 1140
1367.385389 1128
1373.258502 1113
1379.315832 1119
1385.641728 1127
1392.245623 1137
1398.093718 1133
1404.159108 1124
1410.454884 1124
1416.734576 1118
1423.287152 1103
1429.654303 1110
1435.903679 1126
1441.99194 1125
1448.518629 1126
1455.015279 1121
1461.587909 1116
1467.305346 1113
1473.029964 1105
1478.986451 1106
1484.546343 1109
1490.113758 1112
1496.188896 1114
1501.765591 1117
1507.807642 1114
1513.652144 1106
1519.538581 1096
1525.474054 1101
1531.930214 1104
1538.209725 1109
1544.439401 1104
1550.613932 1101
1556.772053 1096
1563.242652 1092
1569.383225 1092
1575.220678 1098
1581.32045 1100
1587.404102 1099
1593.558751 1097
1600.00571 1096
1605.989225 1098
1612.139275 1096
1618.238571 1096
1624.296224 1095
1630.845657 1093
1637.2012 1094
1643.259047 1093
1649.42887 1090
1655.371233 1091
1661.441785 1090
1667.812375 1089
1674.03868 1090
1680.26372 1089
1686.243265 1089
1692.002018 1090
1698.134846 1088
1704.114927 1091
1710.391537 1091
1716.715104 1091
1722.718589 1091
1728.723865 1091
1735.186155 1090
1741.410789 1091
1747.737291 1091
1754.080442 1090
1760.269794 1091
1766.665397 1092
1773.288482 1095
1779.68552 1091
1785.873827 1093
1791.815811 1090
1797.945201 1087
1804.440039 1088
1810.635099 1090
1817.004839 1094
1823.001081 1092
1829.031145 1092
1834.989795 1093
1841.288639 1092
1847.211701 1090
1852.953268 1082
1858.765122 1083
1864.678305 1085
1870.595689 1086
1876.533127 1087
1882.112573 1086
1888.094766 1085
1894.013799 1086
1899.673639 1086
1905.749679 1087
1911.382694 1087
1917.43371 1084
1923.427387 1083
1929.281821 1083
1935.219299 1083
1941.512046 1083
1947.659408 1082
1953.824622 1082
1959.879778 1084
1965.639677 1086
1971.606652 1086
1977.727797 1086
1983.478393 1089
1989.178581 1086
1994.794162 1084
2000.495491 1085
2006.251152 1083
2012.421656 1083
2018.171228 1083
2023.780967 1083
2029.688174 1083
2035.370473 1080
2041.165996 1080
2047.283881 1082
2053.065648 1083
2058.869376 1081
2064.545312 1081
2070.17379 1080
2075.751365 1080
2081.541854 1080
2087.177403 1080
2093.102055 1081
2098.980627 1080
2104.627084 1079
2110.336103 1079
2115.939312 1079
2121.593903 1079
2127.704671 1080
2133.805262 1081
2139.706135 1082
2145.732315 1081
2152.252496 1081
2158.212618 1081
2164.370617 1080
2170.391967 1079
2176.474611 1079
2183.086869 1081
2189.422744 1081
2195.761678 1081
2202.087188 1081
2208.278064 1080
2214.530708 1080
2221.094973 1080
2227.385066 1079
2233.768239 1079
2239.767581 1079
2245.805533 1079
2252.234859 1078
2258.415014 1079
2264.612661 1082
2270.744869 1082
2276.797505 1082
2282.912252 1079
2289.050658 1077
2294.989726 1077
2301.114386 1077
2307.342848 1078
2313.294767 1078
2319.680525 1078
2326.008119 1078
2332.341647 1077
2338.621345 1077
2344.883642 1079
2351.053089 1077
2357.40449 1077
2363.719881 1077
2369.874476 1077
2376.137574 1077
2382.29981 1077
2388.922065 1077
2395.258525 1077
2401.676128 1077
2408.055087 1077
2414.108351 1078
2420.003671 1078
2426.345663 1078
2432.365819 1078
2438.393099 1077
2444.434417 1077
2450.496704 1077
2456.78885 1079
2462.814171 1079
2468.685467 1077
2474.683638 1077
2480.291356 1077
2485.961242 1077
2491.807622 1077
2497.60842 1078
2503.71733 1078
2509.902088 1079
2515.506053 1078
2521.048632 1077
2526.691653 1077
2532.210404 1077
2538.411032 1077
2544.198779 1079
2550.298718 1079
2556.447039 1077
2562.818672 1077
2568.870566 1077
2574.949612 1077
2581.020387 1078
2586.811599 1079
2592.865248 1079
2599.381759 1077
2605.45608 1077
2611.651954 1077
2617.648855 1077
2623.508937 1077
2629.869834 1077
2635.867748 1077
2641.969932 1077
2648.193331 1077
2654.30353 1078
2660.490902 1077
2666.545965 1077
2672.044414 1077
2677.583073 1077
2682.961018 1077
2688.081356 1077
2693.448831 1077
2699.107486 1077
2704.724731 1077
2710.381492 1077
2716.144384 1077
2721.922775 1077
2727.79498 1077
2733.927169 1077
2739.862007 1077
2745.544541 1077
2751.454315 1077
2757.225814 1076
2763.137859 1076
2769.124707 1076
2774.992015 1076
2780.759464 1076
2786.923662 1076
2793.144419 1076
2799.581088 1076
2806.27482 1077
2812.347162 1077
2818.052904 1077
2823.976749 1077
2829.441431 1077
2835.28211 1077
2840.646653 1076
2846.612837 1076
2852.599305 1076
2858.453392 1076
2863.636286 1076
2868.872202 1076
2874.631422 1076
2880.195006 1076
2885.682506 1076
2890.921098 1076
2896.743348 1076
2902.853697 1077
2909.217046 1077
2915.067968 1077
2921.172867 1076
2927.329186 1076
2933.488442 1076
2939.846152 1076
2945.536148 1076
2951.233703 1076
2956.492106 1076
2961.611372 1076
2966.968579 1076
2972.829674 1076
2978.656546 1076
2984.383495 1076
2990.121179 1076
2995.802575 1076
3001.4425 1076
3006.755341 1076
3012.665024 1076
3018.454612 1076
3024.254365 1076
3029.922264 1076
3035.702332 1076
3041.296768 1076
3047.429655 1076
3053.285675 1076
3059.315699 1076
3065.147645 1076
3070.929667 1076
3077.048272 1076
3083.242891 1076
3089.273764 1076
3095.378354 1076
3101.271108 1076
3107.060072 1076
3113.258128 1076
3119.418531 1076
3125.372955 1076
3131.60947 1076
3137.540408 1076
3143.702576 1076
3150.214929 1076
3156.402398 1076
3162.532713 1076
3168.587362 1076
3174.398375 1076
3180.395638 1076
3186.341515 1076
3192.393548 1076
3198.519443 1076
3204.616629 1076
3210.850138 1076
3217.397847 1076
3223.702738 1076
3229.876817 1076
3235.949816 1076
3241.545469 1076
3247.637793 1076
3254.105677 1076
3260.252283 1076
3266.273505 1076
3272.191892 1076
3278.213492 1076
3284.684385 1076
3290.782203 1077
3297.014384 1076
3303.128609 1076
3309.082805 1076
3315.234293 1076
3321.563243 1076
3327.113017 1076
3332.835359 1076
3338.61794 1076
3344.179697 1076
3349.87815 1076
3355.94522 1076
3361.749829 1076
3367.5415 1076
3373.338433 1076
3378.932974 1076
3384.640364 1076
3390.63072 1076
3396.473868 1076
3402.287301 1076
3408.048868 1076
3413.737433 1076
3419.565699 1076
3425.617778 1076
3431.418695 1076
3437.101788 1076
3442.582097 1076
3448.10999 1076
3454.033162 1076
3460.113433 1076
3465.985351 1076
3472.031292 1076
3477.96194 1076
3483.877073 1076
3490.119154 1076
3496.096741 1076
3502.080248 1076
3508.115306 1076
3514.04574 1076
3520.048011 1076
3526.363378 1076
3532.33242 1076
3538.274308 1076
3543.849029 1076
3549.204568 1076
3554.890553 1076
3561.164012 1076
3567.157841 1076
3573.158874 1076
3579.112708 1076
3585.005005 1076
3590.998975 1076
3597.190234 1076
3603.104989 1076
3609.045292 1076
3614.948158 1076
3620.805711 1076
3626.737676 1076
3632.858057 1076
3638.792731 1076
3644.678818 1076
3650.535646 1076
3656.44453 1076
3662.561001 1076
3668.483244 1076
3674.379718 1076
3680.283969 1076
3686.129978 1076
3692.01297 1076
3698.092854 1076
3703.951371 1076
3709.786485 1076
3715.675961 1076
3721.441911 1076
3727.100008 1076
3732.723248 1076
3738.645641 1076
3744.607184 1076
3750.564639 1076
3756.445452 1076
3762.373436 1076
3768.270291 1076
3773.563488 1076
3778.763328 1076
3784.020899 1076
3789.198364 1076
3794.385569 1076
3799.871886 1076
3805.236692 1076
3810.563699 1076
3815.876682 1076
3821.188904 1076
3826.404318 1076
3831.693021 1076
3837.159152 1076
3842.384634 1076
3847.28776 1076
3852.213644 1076
3857.456372 1076
3862.705581 1076
3867.96386 1076
3873.411448 1076
3878.650439 1076
3883.91505 1076
3889.180614 1076
3894.382201 1076
3899.577799 1076
3904.977227 1076
3910.112285 1076
3915.412398 1076
3920.597652 1076
3925.743978 1076
3930.893821 1076
3936.172161 1076
3941.688246 1076
3946.958808 1076
3952.236853 1076
3957.270193 1076
3962.094157 1076
3967.342084 1076
3972.894862 1076
3978.23153 1076
3983.438863 1076
3988.75758 1076
3994.033773 1076
3999.197245 1076
4004.401311 1076
4009.847549 1076
4015.033191 1076
4020.254433 1076
4025.5574 1076
4030.692184 1076
4035.935834 1076
4041.501709 1076
4046.726338 1076
4052.055929 1076
4057.369575 1076
4062.695004 1076
4068.004463 1076
4073.23939 1076
4078.880202 1076
4083.924916 1076
4089.217451 1076
4094.273306 1076
4099.211002 1076
4104.533208 1076
4110.13392 1076
4115.401238 1076
4120.676866 1076
4125.861367 1076
4131.128284 1076
4136.282109 1076
4141.554585 1076
4146.732431 1076
4151.590261 1076
4156.723594 1076
4162.025459 1076
4167.687932 1076
4172.573973 1076
4178.163802 1076
4183.478528 1076
4188.99032 1076
4195.125872 1076
4201.387501 1076
4207.505503 1076
4214.031545 1076
4219.387239 1076
4225.369936 1076
4231.097704 1076
4237.017905 1076
4242.395608 1076
4247.918994 1076
4254.029498 1076
4260.024029 1076
4265.959005 1076
4271.890168 1076
4277.984807 1076
4284.37264 1076
