time train-error
25.745644 0.49450000000000005
37.136573 0.39849999999999997
58.923396 0.396
79.058874 0.396
99.949912 0.38949999999999996
121.540028 0.391
142.470872 0.38249999999999995
163.022859 0.39
185.983049 0.37849999999999995
207.723239 0.38749999999999996
229.258023 0.377
246.746416 0.38049999999999995
262.840072 0.373
278.254885 0.378
295.328462 0.37
313.315134 0.36950000000000005
328.550138 0.37050000000000005
344.448119 0.36650000000000005
361.178513 0.36750000000000005
377.611313 0.36150000000000004
393.25592 0.362
408.716411 0.35250000000000004
424.034389 0.355
441.226652 0.34750000000000003
457.518767 0.35250000000000004
473.431015 0.33999999999999997
488.964829 0.35150000000000003
504.712852 0.3325
519.830445 0.3385
535.214257 0.32399999999999995
550.740547 0.32899999999999996
566.011435 0.31799999999999995
581.384231 0.3225
596.885371 0.31200000000000006
612.02427 0.31699999999999995
627.391111 0.3065
643.237535 0.3035
662.913181 0.2995
688.500658 0.2915
711.13973 0.2845
730.514247 0.2835
750.625001 0.275
768.166248 0.27749999999999997
785.305415 0.26149999999999995
802.654856 0.264
821.944812 0.252
835.808038 0.27049999999999996
848.991939 0.23850000000000005
862.287621 0.251
875.231959 0.23150000000000004
887.619841 0.235
899.417869 0.22099999999999997
912.877909 0.21950000000000003
927.339529 0.21350000000000002
941.031878 0.21150000000000002
952.768852 0.20799999999999996
963.748384 0.20350000000000001
974.859252 0.19299999999999995
986.161298 0.18500000000000005
999.391423 0.1795
1013.085804 0.17049999999999998
1023.658162 0.16349999999999998
1035.707454 0.15300000000000002
1047.212072 0.14600000000000002
1059.549724 0.13749999999999996
1072.287259 0.127
1085.247508 0.12050000000000005
1091.786592 0.12050000000000005
1098.512757 0.10450000000000004
1105.076895 0.09550000000000003
1111.743343 0.08199999999999996
1118.31836 0.07650000000000001
1124.381783 0.0675
1130.119551 0.06399999999999995
1135.851607 0.05700000000000005
1142.434814 0.05400000000000005
1149.052265 0.04700000000000004
1156.053582 0.04400000000000004
1163.04161 0.03600000000000003
1169.383394 0.03600000000000003
1175.581192 0.02749999999999997
1182.071083 0.029000000000000026
1188.599726 0.02200000000000002
1195.545862 0.02100000000000002
1202.195934 0.015000000000000013
1208.850102 0.013000000000000012
1215.589721 0.011499999999999955
1222.43356 0.009499999999999953
1229.888877 0.007000000000000006
1237.350135 0.0044999999999999485
1244.594421 0.0044999999999999485
1251.614928 0.0030000000000000027
1258.18388 0.0020000000000000018
1264.407795 0.0020000000000000018
1271.230336 0.0020000000000000018
1278.149505 0.0020000000000000018
1285.161228 0.0014999999999999458
1291.525826 0.0
1298.312909 0.0
1304.888364 0.0
1312.983261 0.0
1321.493845 0.0
1329.893583 0.0
1337.986544 0.0
1345.805278 0.0
1353.824428 0.0
1370.192599 0.0
1378.088991 0.0
1385.784249 0.0
1408.731462 0.0
1424.226654 0.0
1440.614218 0.0
1448.983756 0.0
1455.591268 0.0
1464.244317 0.0
1472.85623 0.0
1479.533222 0.0
1486.198711 0.0
1493.347815 0.0
1500.297645 0.0
1507.789245 0.0
1515.412007 0.0
1530.794749 0.0
1547.042414 0.0
1555.12384 0.0
1563.02568 0.0
1570.830055 0.0
1578.770227 0.0
1586.607765 0.0
1594.325015 0.0
1602.273663 0.0
1610.574182 0.0
1626.672725 0.0
1634.394078 0.0
1642.464066 0.0
1650.999431 0.0
1659.699705 0.0
1667.784279 0.0
1675.077869 0.0
1681.936007 0.0
1688.831409 0.0
1694.878693 0.0
1701.197069 0.0
1709.001369 0.0
1716.450147 0.0
1724.160232 0.0
1732.087725 0.0
1740.424148 0.0
1749.211899 0.0
1757.689396 0.0
1765.779917 0.0
1774.049637 0.0
1782.192207 0.0
1790.213916 0.0
1798.28618 0.0
1806.097712 0.0
1813.956669 0.0
1829.639822 0.0
1837.642111 0.0
1845.488639 0.0
1853.16973 0.0
1860.958237 0.0
1868.317287 0.0
1875.578147 0.0
1888.334445 0.0
1894.614663 0.0
1902.455185 0.0
1910.92133 0.0
1919.15071 0.0
1927.47307 0.0
1935.392332 0.0
1943.425774 0.0
1959.921839 0.0
1968.312197 0.0
1977.069033 0.0
1985.189529 0.0
1993.566733 0.0
2002.051837 0.0
2010.389697 0.0
2018.403748 0.0
2026.178302 0.0
2034.022776 0.0
2042.841982 0.0
2053.28208 0.0
2061.148586 0.0
2067.911312 0.0
2073.856314 0.0
2079.793043 0.0
2087.436967 0.0
2095.4965 0.0
2103.618813 0.0
2113.172207 0.0
2123.734764 0.0
2132.422197 0.0
2141.152266 0.0
2149.314036 0.0
2157.269222 0.0
2165.577824 0.0
2173.849321 0.0
2181.711128 0.0
2189.506887 0.0
2197.579918 0.0
2205.38839 0.0
2212.968254 0.0
2222.002447 0.0
2233.468049 0.0
2239.875329 0.0
2256.532556 0.0
2272.664477 0.0
2292.341796 0.0
2309.477001 0.0
2326.350343 0.0
2344.952306 0.0
2361.453124 0.0
2377.210167 0.0
2391.399313 0.0
2403.157932 0.0
2417.359849 0.0
2432.591146 0.0
2447.868792 0.0
2462.945806 0.0
2478.714176 0.0
2494.381226 0.0
2509.286616 0.0
2524.854201 0.0
2540.192921 0.0
2555.844704 0.0
2571.659976 0.0
2585.434918 0.0
2597.303701 0.0
2612.18506 0.0
2626.750434 0.0
2640.828282 0.0
2655.447332 0.0
2669.902999 0.0
2685.0402 0.0
2699.657365 0.0
2714.837621 0.0
2729.685799 0.0
2745.791995 0.0
2762.488275 0.0
2777.643866 0.0
2793.048009 0.0
2807.333441 0.0
2821.873761 0.0
2837.043397 0.0
2852.505616 0.0
2867.407154 0.0
2882.651064 0.0
2898.053341 0.0
2913.278279 0.0
2928.080478 0.0
2943.232218 0.0
2958.903377 0.0
2974.41829 0.0
2986.776259 0.0
2999.591137 0.0
3015.256038 0.0
3031.324919 0.0
3046.692755 0.0
3062.351902 0.0
3077.488083 0.0
3092.111524 0.0
3107.437177 0.0
3122.961286 0.0
3137.863194 0.0
3152.727305 0.0
3167.949316 0.0
3180.927414 0.0
3191.672506 0.0
3207.053602 0.0
3222.221425 0.0
3237.139473 0.0
3251.911796 0.0
3266.595894 0.0
3281.018786 0.0
3295.875846 0.0
3310.700544 0.0
3325.543522 0.0
3340.519797 0.0
3355.002666 0.0
3368.377241 0.0
3379.956977 0.0
3391.031504 0.0
3409.037454 0.0
3423.973935 0.0
3439.453231 0.0
3454.374536 0.0
3469.603948 0.0
3484.38205 0.0
3501.232461 0.0
3517.607328 0.0
3531.958462 0.0
3544.267741 0.0
3556.484017 0.0
3568.921566 0.0
3583.261063 0.0
3599.902822 0.0
3615.362321 0.0
3631.35293 0.0
3648.305951 0.0
3664.293531 0.0
3679.253666 0.0
3694.184358 0.0
3707.143632 0.0
3718.592822 0.0
3731.570761 0.0
3746.624003 0.0
3761.828765 0.0
3776.806166 0.0
3793.523654 0.0
3809.123113 0.0
3825.081969 0.0
3840.971011 0.0
3856.126257 0.0
3870.190071 0.0
3882.086814 0.0
3895.430679 0.0
3909.735955 0.0
3924.823956 0.0
3939.20806 0.0
3953.807041 0.0
3969.042668 0.0
3984.084098 0.0
4000.022868 0.0
4016.333956 0.0
4031.177371 0.0
4044.558618 0.0
4056.487334 0.0
4068.257484 0.0
4083.061133 0.0
4099.203541 0.0
4114.9602 0.0
4132.940197 0.0
4149.681887 0.0
4170.542734 0.0
4186.597766 0.0
4201.759261 0.0
4214.294971 0.0
4226.499746 0.0
4238.16631 0.0
4250.569103 0.0
4265.470336 0.0
4281.438543 0.0
4296.949539 0.0
4317.672726 0.0
4343.205 0.0
4360.08467 0.0
4374.036377 0.0
4386.750639 0.0
4402.194601 0.0
4417.164801 0.0
4431.906909 0.0
4446.540441 0.0
4461.260179 0.0
4475.65965 0.0
4486.726703 0.0
4499.807657 0.0
4512.161468 0.0
4527.515968 0.0
