time Train_Error
10.011253 0.49450000000000005
15.212168 0.4
20.62866 0.37
25.927271 0.34750000000000003
32.342691 0.31399999999999995
37.676792 0.28400000000000003
43.056614 0.27349999999999997
48.454447 0.23050000000000004
54.266517 0.1955
59.87117 0.18400000000000005
65.290728 0.16249999999999998
71.780128 0.09850000000000003
77.816793 0.10150000000000003
83.928547 0.09250000000000003
89.924448 0.08050000000000002
95.452575 0.051000000000000045
100.986365 0.041000000000000036
106.543542 0.04049999999999998
112.076018 0.03149999999999997
118.734188 0.03700000000000003
124.17368 0.03200000000000003
129.60941 0.03200000000000003
135.838819 0.01649999999999996
141.665095 0.0010000000000000009
147.304614 0.0
152.952759 0.0
158.584354 0.0
164.095706 0.0
169.651059 0.0
175.063703 0.0004999999999999449
180.535065 0.0
186.364055 0.0
194.282044 0.0
200.624393 0.0
206.135133 0.0
211.761763 0.0
217.183928 0.0
223.339851 0.0
229.674577 0.0
235.760765 0.0
241.817173 0.0
247.288602 0.0
252.78349 0.0
259.214841 0.0
265.342317 0.0
271.198193 0.0
276.713763 0.0
282.550727 0.0
288.128617 0.0
293.681072 0.0
299.721337 0.0
305.902491 0.0
311.553567 0.0
318.123413 0.0
324.093643 0.0
330.46123 0.0
335.930568 0.0
341.176998 0.0
346.44444 0.0
352.12432 0.0
357.651922 0.0
363.210334 0.0
368.746743 0.0
374.401422 0.0
379.644662 0.0
384.701905 0.0
389.742995 0.0
394.965407 0.0
400.175486 0.0
405.661568 0.0
410.873158 0.0
416.277844 0.0
422.020721 0.0
427.210404 0.0
432.220305 0.0
437.281953 0.0
442.55831 0.0
447.980137 0.0
453.262961 0.0
458.706097 0.0
464.011864 0.0
468.904204 0.0
473.801827 0.0
478.737954 0.0
483.667757 0.0
488.700424 0.0
493.824126 0.0
498.806215 0.0
503.730394 0.0
508.474011 0.0
513.137271 0.0
517.826763 0.0
522.496165 0.0
527.496318 0.0
532.283395 0.0
537.032 0.0
541.778195 0.0
546.44859 0.0
551.165247 0.0
555.700736 0.0
560.216757 0.0
564.718376 0.0
569.262182 0.0
573.917618 0.0
578.542234 0.0
583.144253 0.0
587.638249 0.0
592.040461 0.0
596.31286 0.0
600.573686 0.0
604.810491 0.0
609.101376 0.0
613.407998 0.0
617.710923 0.0
621.976764 0.0
626.263707 0.0
630.47559 0.0
634.623405 0.0
638.711227 0.0
642.910928 0.0
647.818769 0.0
654.857903 0.0
660.638533 0.0
665.23908 0.0
670.690737 0.0
675.570627 0.0
680.845865 0.0
684.853609 0.0
689.193169 0.0
693.986785 0.0
698.197145 0.0
702.358415 0.0
706.270102 0.0
710.18651 0.0
714.102887 0.0
717.996675 0.0
722.452974 0.0
726.404867 0.0
733.879339 0.0
737.74659 0.0
