time train-error
62.090498 0.49450000000000005
128.620634 0.405
201.4152 0.38
285.148542 0.39049999999999996
352.80788 0.39149999999999996
426.186727 0.38049999999999995
516.904534 0.39749999999999996
583.537785 0.37849999999999995
650.223684 0.402
744.769303 0.375
809.548873 0.37549999999999994
886.004361 0.387
968.434809 0.378
1030.505497 0.39
1103.338428 0.378
1173.779053 0.39
1244.281409 0.377
1311.465707 0.394
1382.533735 0.377
1453.948699 0.374
1523.388958 0.375
1595.652293 0.371
1662.220524 0.37450000000000006
1733.569111 0.37
1800.673829 0.38
1870.174196 0.36850000000000005
1938.023025 0.37
2004.098379 0.37150000000000005
2073.926316 0.369
2138.859212 0.37050000000000005
2206.266544 0.37
2276.777949 0.37549999999999994
2342.176424 0.36950000000000005
2408.267371 0.37749999999999995
2479.191361 0.367
2545.310344 0.36350000000000005
2612.83049 0.374
2679.954776 0.365
2747.175685 0.37450000000000006
2813.38246 0.36350000000000005
2878.356265 0.37
2948.449675 0.361
3016.493491 0.36350000000000005
3109.701876 0.361
3182.949182 0.36450000000000005
3243.256412 0.36250000000000004
3315.720469 0.364
3387.455892 0.36450000000000005
3459.337008 0.36350000000000005
3529.39715 0.362
3598.390258 0.36150000000000004
3671.886354 0.36450000000000005
3740.676073 0.36150000000000004
3806.653954 0.36
3874.781638 0.36350000000000005
3934.316859 0.35650000000000004
4009.428059 0.365
4079.065137 0.358
4144.436438 0.368
4234.733467 0.358
4296.709986 0.368
4364.335935 0.35550000000000004
4424.338111 0.358
4487.176808 0.358
4549.453781 0.35850000000000004
4603.301272 0.362
4658.895333 0.35650000000000004
4711.335231 0.36150000000000004
4766.626892 0.35450000000000004
4827.28837 0.36250000000000004
4884.384245 0.35350000000000004
4938.365791 0.361
4997.855207 0.353
5057.23662 0.35250000000000004
5113.036811 0.359
5173.554111 0.353
5226.818858 0.36050000000000004
5288.177313 0.35250000000000004
5341.908228 0.36150000000000004
5399.362004 0.353
5462.473609 0.36150000000000004
5520.604225 0.35350000000000004
5577.924682 0.365
5640.314214 0.35350000000000004
5694.217478 0.36550000000000005
5751.619549 0.353
5807.732041 0.35250000000000004
5876.327921 0.35250000000000004
5948.327831 0.349
6012.660003 0.35250000000000004
6076.877185 0.348
6136.983974 0.352
6199.593943 0.34750000000000003
6257.55921 0.35
6319.784359 0.34750000000000003
6377.143506 0.353
6439.308202 0.348
6495.855889 0.354
6555.566801 0.34850000000000003
6612.052038 0.353
6675.175176 0.354
6776.40603 0.34950000000000003
6841.802695 0.355
6924.811365 0.35
6995.068821 0.35150000000000003
7059.700555 0.34950000000000003
7139.039015 0.35350000000000004
7202.508889 0.349
7280.016924 0.35250000000000004
7346.662383 0.34750000000000003
7418.466569 0.35250000000000004
7487.605471 0.34650000000000003
7552.962012 0.351
7622.416337 0.34650000000000003
7686.321187 0.351
7755.562439 0.34650000000000003
7826.952913 0.35
7891.750231 0.348
7967.255215 0.35050000000000003
8034.440052 0.34550000000000003
8098.847353 0.35050000000000003
8165.688806 0.34650000000000003
8231.584517 0.349
8307.722218 0.346
8370.145232 0.34850000000000003
8464.458506 0.34750000000000003
