time Train_Error
0.124961 0.47350000000000003
0.29264 0.46950000000000003
0.5077 0.4495
0.774953 0.4415
1.084631 0.4345
1.431857 0.43000000000000005
1.807216 0.42300000000000004
2.234746 0.393
2.704525 0.388
3.252866 0.382
3.753824 0.37849999999999995
4.31146 0.37050000000000005
4.876791 0.37450000000000006
5.466331 0.35050000000000003
6.122705 0.35250000000000004
6.740713 0.36350000000000005
7.428461 0.34450000000000003
8.046472 0.34199999999999997
8.749794 0.33299999999999996
9.485893 0.33899999999999997
10.27203 0.3365
11.009497 0.3335
11.815261 0.3305
12.59298 0.31799999999999995
13.426195 0.3195
14.282678 0.3185
15.085934 0.3155
15.929037 0.31200000000000006
16.787561 0.30900000000000005
17.70441 0.3045
18.682579 0.29800000000000004
19.60834 0.2915
20.510451 0.29000000000000004
21.463379 0.28500000000000003
22.435824 0.2835
23.497037 0.2815
24.547998 0.27649999999999997
25.577949 0.279
26.617766 0.277
27.684118 0.262
28.752941 0.261
29.859794 0.26149999999999995
31.00325 0.26
32.146236 0.254
33.326238 0.25949999999999995
34.598 0.26349999999999996
35.927785 0.251
37.237815 0.249
38.50761 0.23250000000000004
39.837496 0.23450000000000004
41.103807 0.22999999999999998
42.403207 0.22850000000000004
43.704586 0.22450000000000003
44.985058 0.21899999999999997
46.310441 0.22050000000000003
47.639624 0.21450000000000002
48.960167 0.20799999999999996
50.33353 0.20999999999999996
51.658113 0.20950000000000002
53.032741 0.20399999999999996
54.480175 0.21399999999999997
55.971419 0.23150000000000004
57.435474 0.19799999999999995
58.829675 0.18700000000000006
60.219628 0.18200000000000005
61.696573 0.18799999999999994
63.201589 0.18100000000000005
64.657614 0.18000000000000005
66.208878 0.18000000000000005
67.724014 0.18100000000000005
69.292395 0.17049999999999998
70.874337 0.16649999999999998
72.371671 0.16649999999999998
74.072769 0.16800000000000004
75.5801 0.15800000000000003
77.17695 0.15800000000000003
78.988563 0.16549999999999998
80.768914 0.15200000000000002
82.325522 0.14900000000000002
83.966375 0.14449999999999996
85.544318 0.15249999999999997
87.11566 0.14549999999999996
88.761845 0.14500000000000002
90.358921 0.14200000000000002
91.960227 0.14500000000000002
93.590655 0.14600000000000002
95.626179 0.14200000000000002
97.339781 0.132
99.175887 0.134
100.84075 0.12649999999999995
102.488697 0.123
104.199262 0.123
105.946161 0.12150000000000005
107.732893 0.11950000000000005
109.50665 0.11050000000000004
111.270731 0.10699999999999998
113.02559 0.10150000000000003
114.773921 0.09650000000000003
116.523143 0.09999999999999998
118.250836 0.09599999999999997
120.000572 0.09650000000000003
121.740238 0.09950000000000003
123.558124 0.08550000000000002
125.333745 0.09150000000000003
127.101582 0.08499999999999996
128.842482 0.08650000000000002
130.609292 0.08599999999999997
132.388568 0.08499999999999996
134.191757 0.08499999999999996
136.000118 0.07999999999999996
137.805061 0.0635
139.607446 0.06399999999999995
141.425316 0.05900000000000005
143.265401 0.057499999999999996
145.117394 0.05800000000000005
147.06045 0.05800000000000005
149.081206 0.05349999999999999
151.022414 0.056499999999999995
153.199404 0.057499999999999996
155.182517 0.051000000000000045
157.26554 0.052000000000000046
159.39078 0.051000000000000045
161.373537 0.04600000000000004
163.610523 0.04800000000000004
165.544787 0.046499999999999986
167.496711 0.04349999999999998
169.595723 0.050000000000000044
171.737755 0.04200000000000004
173.709852 0.04049999999999998
175.708406 0.02849999999999997
177.690989 0.025000000000000022
179.692822 0.021499999999999964
181.677386 0.022499999999999964
183.804128 0.021499999999999964
185.957185 0.020000000000000018
188.118277 0.019000000000000017
190.176045 0.01849999999999996
192.228458 0.01749999999999996
194.305507 0.017000000000000015
196.460306 0.015499999999999958
198.639051 0.014499999999999957
200.700279 0.013499999999999956
202.765792 0.011499999999999955
204.830627 0.013499999999999956
206.913021 0.013499999999999956
209.074247 0.009499999999999953
211.239031 0.00649999999999995
213.434856 0.007000000000000006
215.605819 0.0044999999999999485
217.753962 0.0044999999999999485
219.926315 0.0050000000000000044
222.094082 0.0034999999999999476
224.219512 0.0050000000000000044
226.361612 0.005499999999999949
228.449586 0.00649999999999995
230.550328 0.0044999999999999485
232.68383 0.0020000000000000018
234.821554 0.0010000000000000009
236.955836 0.0010000000000000009
239.090324 0.0014999999999999458
241.235582 0.0014999999999999458
243.360765 0.0014999999999999458
245.549629 0.0030000000000000027
247.716718 0.0010000000000000009
249.926877 0.0
252.119197 0.0
254.37033 0.0
256.629959 0.0
258.881464 0.0
261.105693 0.0
263.298546 0.0
265.499148 0.0
267.691163 0.0
269.940677 0.0
272.170505 0.0
274.428632 0.0
276.665484 0.0
278.909404 0.0
281.741125 0.0
284.41084 0.0
287.137849 0.0
289.449131 0.0
292.05007 0.0
294.427163 0.0
296.746958 0.0
299.055895 0.0
301.557327 0.0
304.03517 0.0
306.352005 0.0
308.662139 0.0
311.07077 0.0
314.035322 0.0
316.955577 0.0
319.985695 0.0
323.033341 0.0
326.130598 0.0
328.939806 0.0
331.88356 0.0
336.342358 0.0
338.736789 0.0
341.202372 0.0
343.842215 0.0
346.648942 0.0
349.024734 0.0
351.414201 0.0
353.778592 0.0
356.088557 0.0
358.439106 0.0
360.818302 0.0
363.253039 0.0
365.71889 0.0
368.199054 0.0
370.61253 0.0
372.979291 0.0
375.282761 0.0
377.650022 0.0
380.013306 0.0
382.350903 0.0
384.70524 0.0
387.063442 0.0
389.481454 0.0
391.865726 0.0
394.288719 0.0
396.785512 0.0
399.280741 0.0
401.793176 0.0
404.300374 0.0
406.793686 0.0
409.24274 0.0
411.742041 0.0
414.181676 0.0
416.590351 0.0
419.000955 0.0
421.427754 0.0
423.880205 0.0
426.33336 0.0
428.770517 0.0
431.23144 0.0
433.672262 0.0
436.149303 0.0
438.631393 0.0
441.143217 0.0
443.666263 0.0
446.204852 0.0
448.753635 0.0
451.254633 0.0
453.705575 0.0
456.143513 0.0
458.601923 0.0
461.070078 0.0
463.555838 0.0
466.031229 0.0
468.499801 0.0
470.98944 0.0
473.447347 0.0
475.95108 0.0
478.445311 0.0
480.985806 0.0
483.543485 0.0
486.122683 0.0
488.724077 0.0
491.277197 0.0
493.774759 0.0
496.290421 0.0
498.790818 0.0
501.305507 0.0
503.837641 0.0
506.390641 0.0
508.869577 0.0
511.399839 0.0
513.877197 0.0
516.38463 0.0
518.923985 0.0
521.394727 0.0
523.990514 0.0
526.552818 0.0
529.108637 0.0
531.665647 0.0
534.149623 0.0
536.582003 0.0
539.054014 0.0
541.572085 0.0
544.114273 0.0
546.620347 0.0
549.105111 0.0
551.566128 0.0
554.041824 0.0
556.496658 0.0
559.017488 0.0
561.56012 0.0
564.111206 0.0
566.696447 0.0
569.298071 0.0
571.901696 0.0
574.440628 0.0
576.99812 0.0
579.570527 0.0
582.176689 0.0
584.698944 0.0
587.182741 0.0
589.683009 0.0
592.147512 0.0
594.579057 0.0
597.058071 0.0
599.585865 0.0
602.089515 0.0
604.529853 0.0
607.034771 0.0
