time train-error
0.350151 0.5
0.853645 0.42400000000000004
1.419572 0.39649999999999996
2.052276 0.383
2.851771 0.38749999999999996
3.719462 0.371
4.737699 0.36250000000000004
5.736727 0.35650000000000004
6.787789 0.352
7.884474 0.34450000000000003
9.080922 0.3305
10.411796 0.31200000000000006
11.822169 0.31100000000000005
13.283438 0.3155
14.76372 0.3015
16.477395 0.29200000000000004
18.213358 0.28500000000000003
19.858917 0.277
21.513015 0.27449999999999997
23.124205 0.25749999999999995
24.738155 0.245
26.423997 0.22999999999999998
28.118599 0.21799999999999997
30.023896 0.21850000000000003
31.774438 0.22050000000000003
33.609937 0.21499999999999997
35.369783 0.21499999999999997
37.138018 0.1995
39.032166 0.1895
40.87273 0.17300000000000004
42.791039 0.1785
44.693625 0.16000000000000003
46.635114 0.13549999999999995
48.62122 0.13549999999999995
50.606148 0.134
52.59726 0.128
54.740833 0.15049999999999997
56.880881 0.14049999999999996
59.061225 0.122
61.275093 0.10099999999999998
63.50957 0.09050000000000002
65.758771 0.08299999999999996
68.016482 0.07799999999999996
70.378102 0.08250000000000002
72.744569 0.0695
75.084756 0.06899999999999995
77.443727 0.062000000000000055
79.765412 0.062000000000000055
82.115678 0.0595
84.430411 0.0685
86.858214 0.06299999999999994
89.30571 0.05049999999999999
91.749625 0.04949999999999999
94.19587 0.046499999999999986
96.624253 0.04249999999999998
99.153607 0.052000000000000046
101.725632 0.07099999999999995
104.317862 0.0595
107.063773 0.027000000000000024
109.749308 0.016000000000000014
112.437136 0.014000000000000012
115.058059 0.014499999999999957
117.730808 0.011499999999999955
120.425471 0.01100000000000001
123.120291 0.015000000000000013
125.783902 0.01200000000000001
128.35678 0.010000000000000009
130.987775 0.008000000000000007
133.846724 0.007000000000000006
136.627545 0.007000000000000006
139.488652 0.00649999999999995
142.762639 0.013499999999999956
145.937638 0.013000000000000012
148.849161 0.0040000000000000036
151.758711 0.0024999999999999467
154.668454 0.0010000000000000009
157.562295 0.0004999999999999449
160.413739 0.0
163.302458 0.0
166.162137 0.0
169.041397 0.0
172.036023 0.0004999999999999449
175.002275 0.0
177.980677 0.0
181.024172 0.0
184.147907 0.0
187.315369 0.0
190.456293 0.0
193.517385 0.0
196.627093 0.0
199.700714 0.0010000000000000009
202.755632 0.0
205.829853 0.0
208.925974 0.0
212.083109 0.0
215.21952 0.0
218.400773 0.0
221.616433 0.0
224.860738 0.0
228.152002 0.0
231.318647 0.0
234.765264 0.0
238.125956 0.0
241.288233 0.0
244.356395 0.0
247.592311 0.0
251.757706 0.0
255.560271 0.0
259.181369 0.0
262.660628 0.0
266.063905 0.0
269.404866 0.0
272.751571 0.0
276.060446 0.0
279.296034 0.0
282.593373 0.0
285.878435 0.0
289.177463 0.0
292.516847 0.0
295.924645 0.0
299.360183 0.0
302.802953 0.0
306.277568 0.0
309.754509 0.0
313.219244 0.0
316.627558 0.0
319.983801 0.0
323.298662 0.0
326.644184 0.0
329.920213 0.0
333.234308 0.0
336.536778 0.0
339.851169 0.0
343.000835 0.0
346.737366 0.0
350.279219 0.0
353.548058 0.0
356.83429 0.0
360.243827 0.0
363.532255 0.0
366.827325 0.0
370.150353 0.0
373.495079 0.0
377.030833 0.0
380.953078 0.0
384.926872 0.0
388.702889 0.0
392.349651 0.0
395.750732 0.0
399.093034 0.0
402.458487 0.0
405.828953 0.0
409.160713 0.0
412.520234 0.0
415.93891 0.0
419.348396 0.0
422.818848 0.0
426.281758 0.0
429.720765 0.0
433.155784 0.0
436.51623 0.0
439.831818 0.0
443.094926 0.0
446.649774 0.0
450.221141 0.0
453.825831 0.0
457.134146 0.0
460.430983 0.0
463.824666 0.0
467.487859 0.0
470.90273 0.0
474.233394 0.0
477.518311 0.0
