time objective
80.106283 3694.72286873734
123.43947 1944.69414254538
169.048704 1473.37527494948
215.871486 1379.25233757218
259.78439 1176.8549529092
305.763439 973.094732630224
352.248622 768.946332569973
398.817825 691.610179521622
438.459657 506.424681185847
481.744682 467.686126439963
523.843727 442.469768122894
565.972856 404.138511049445
600.896253 377.779397175861
635.28604 358.717154157141
664.994658 341.499281051892
692.638851 331.930647172493
717.773507 324.471852478621
739.635848 319.616449934906
758.873908 303.915534906311
775.801896 291.132926028621
791.85115 284.265312602966
803.411811 280.306871552375
814.685382 264.404267863654
824.591109 261.160320090083
