time objective
0.732537 3392.41771172863
1.405165 1922.02157377894
2.075127 1775.5532783541
2.789656 1272.03822267276
3.420229 1074.74392270663
4.160483 945.320034265436
4.900202 835.938014625269
5.596375 774.843834880462
6.341022 721.743350107444
6.992713 683.356075475088
7.742586 639.644800454894
8.534454 602.44079898457
9.251571 587.763648635581
10.018235 533.050058759069
10.802573 500.485544406526
11.574959 484.500923710979
12.291898 444.18408047007
12.901305 392.412696721366
13.520827 355.321094013722
14.284516 330.546288902788
15.061332 319.238664311884
15.830838 308.116474172712
16.598204 298.091356880729
17.277676 286.100972746064
17.908893 276.567786653833
18.693564 273.50000538712
19.433679 267.873698566647
20.209912 263.72714030393
20.997594 253.242323408618
