time nnz
127.310429 7336
234.527479 7279
377.910907 7645
493.313701 6690
590.172258 5042
673.718226 4187
747.443364 3550
812.337779 3037
869.003566 2616
966.302704 3486
1033.952902 3210
1090.501616 2524
1140.807698 2236
1188.138769 2028
1231.995412 1876
1272.943765 1738
1312.325153 1640
1350.133401 1558
1385.813063 1483
1419.981078 1417
1453.057244 1375
1485.057842 1326
1516.474756 1299
1547.210773 1256
1577.290134 1228
1606.784834 1202
1635.26179 1163
1663.123631 1142
1690.352578 1112
1717.133872 1087
1743.361282 1060
1769.125612 1037
1794.759576 1026
1820.102627 1007
1883.139563 1378
1916.148743 1342
1946.725358 1230
1976.178876 1191
2005.299345 1150
2033.327754 1126
2060.624231 1109
2087.079325 1092
2113.148478 1077
2138.921949 1061
2164.39658 1043
2189.614726 1035
2214.657051 1024
2239.475066 1010
2264.107525 999
2288.530657 988
2312.654325 980
2336.498297 970
2360.194959 965
2383.725963 951
2407.099565 943
2430.292643 934
2453.250078 924
2475.969796 916
2499.064199 908
2521.615743 902
2544.049468 896
2566.372878 892
2588.364081 885
2610.326518 881
2632.211537 874
2653.961814 871
2675.827325 867
2697.519953 863
2719.039919 858
2740.400036 856
2761.761591 853
2783.043438 850
2804.358339 847
2825.573621 843
2846.742113 840
2867.987374 837
2889.799275 837
2911.079112 834
2932.01067 828
2952.877014 827
2973.776648 824
2994.560825 822
3015.422491 819
3035.934128 815
3056.405403 812
3076.946122 810
3097.540738 808
3117.889087 805
3138.084171 801
3158.301012 801
3178.500772 800
