time nnz
52.315457 34578
81.943206 34418
111.483848 32485
142.031002 34287
172.076342 33923
202.327409 33338
233.389526 32235
263.030982 31053
323.344718 32592
356.674874 32531
390.810591 32427
422.335592 32546
456.635745 32388
488.481006 32275
520.091944 31974
550.23648 31431
578.789293 31280
609.376007 30743
638.978315 29864
669.543368 28777
700.850654 28013
731.54978 27174
758.991522 26023
787.214212 25159
815.438012 24468
844.343808 24050
873.03567 23519
901.093998 23457
929.460872 23285
959.903978 22640
989.923307 22250
1018.759071 22202
1049.054087 21679
1080.244198 21139
1111.524926 20299
1142.826482 20158
1176.034117 19643
1211.633464 19528
1247.709094 18856
1279.132356 18174
1309.794659 17657
1340.681576 17190
1371.239369 17408
1402.090635 16823
1435.519162 16396
1467.42405 16094
1499.450601 16084
1529.835479 15626
1560.497872 15278
1621.56276 15225
1684.597934 14948
1750.907531 14655
1811.87924 14448
1874.728875 14202
