time nnz
47.108386 34957
79.80187 34957
115.745984 34957
149.967032 34957
183.876982 34957
219.317622 34957
254.640425 34955
289.739352 34954
325.774809 34953
360.606716 34952
394.517589 34952
432.171477 34943
468.124683 34936
503.338498 34929
540.31788 34923
577.890908 34923
637.449589 34912
675.345582 34900
713.686169 34868
752.635989 34867
790.404983 34847
829.028358 34838
868.838215 34825
908.901866 34791
950.595189 34729
993.248374 34719
1034.980844 34716
1079.032517 34707
1122.370371 34693
1163.321866 34686
1201.399677 34676
1236.512712 34626
1271.635046 34560
1307.606888 34555
1343.348622 34456
1378.85197 34442
1413.738817 34382
1449.218411 34335
1490.059292 34304
1527.37343 34258
1564.524569 34223
1604.702408 34213
1642.416571 34201
1680.705957 34174
1715.586574 34152
1750.574042 34125
1785.91408 34088
1820.745641 33855
1855.555384 33843
1894.873418 33825
1935.159885 33770
1976.830505 33710
2022.230959 33663
2063.145271 33633
2103.920641 33580
2144.91713 33535
2186.690617 33370
2225.797192 33160
2259.936066 32865
2294.184 32854
2330.190836 32851
2366.525287 32833
2401.737495 32811
2436.692756 32732
2470.629177 32609
2506.109094 32476
2540.986492 32440
2575.438038 32395
2610.374919 32321
2646.394287 32180
2681.947714 32085
2716.454289 31934
2751.687422 31760
2785.90842 31709
2820.13325 31701
2850.074308 31610
2878.582019 31518
2907.110294 31381
2934.996214 31169
2963.035259 31003
2993.323815 30879
3025.081753 30728
3056.020669 30728
3087.442339 30723
3119.976315 30658
3154.503062 30538
3187.415548 30329
3220.079478 30111
3251.219168 30062
3278.466326 30028
3305.650732 30021
3332.657099 29994
3359.599965 29943
3386.853703 29922
3414.314471 29906
3441.158907 29891
3468.429528 29814
3497.083693 29546
3527.019052 29339
3554.995428 29290
3584.110717 29232
3613.923608 29212
3641.70692 29169
3669.957389 29119
3696.549743 29063
3722.588462 28885
3748.567885 28705
3774.676483 28696
3800.478426 28696
3826.667745 28658
3852.547244 28620
3880.296617 28562
3906.646467 28409
3933.364849 28097
3961.964537 27799
3990.460426 27714
4018.617607 27701
4046.537459 27670
4075.421796 27617
4104.505272 27587
4134.286682 27550
4161.748738 27357
4188.968169 27356
4215.948915 27290
4245.068983 27258
4271.179999 27255
4296.823104 27196
4322.673543 27111
4347.655836 26907
4372.1669 26710
4396.804274 26692
4422.07363 26614
4447.739985 26551
4472.569995 26498
4497.634578 26352
4523.051413 26237
4548.66633 26089
4574.343177 26072
4601.849552 26054
4626.032494 26010
4650.704554 25975
4675.909046 25956
4699.675091 25907
4723.243761 25762
4746.624181 25590
4769.681778 25393
4792.98784 25356
4815.83998 25346
4839.530372 25317
4862.724249 25276
4886.916444 25216
4912.764534 25148
4938.173836 25042
4962.420505 24915
4988.739878 24883
5015.910757 24876
5042.077591 24838
5068.638824 24771
5094.957237 24742
5119.803324 24699
5144.123794 24627
5168.385165 24380
5192.631034 24351
5216.888391 24327
5240.953549 24323
5264.930342 24271
5288.287598 24233
5311.343212 24199
