time nnz
134.399737 34956
290.813148 34989
413.798155 34905
587.420898 34990
735.294306 34972
883.363907 34981
1049.461537 34983
1201.77539 34978
1354.9673 34988
1500.686385 34985
1648.85069 34978
1802.784919 34989
1939.082886 34959
2106.877779 34993
2260.210381 34978
2403.903522 34973
2559.433898 34991
2705.072795 34980
2851.826477 34980
2997.752647 34991
3127.348502 34959
3280.67775 34990
3408.864094 34959
3553.011785 34984
3683.855875 34959
3828.59563 34985
3963.017431 34982
4099.360758 34981
4249.073881 34990
4377.442062 34965
4523.363255 34986
4649.946271 34952
4796.790273 34986
4930.445847 34972
5065.865174 34971
5216.921854 34985
5345.729003 34961
5490.912151 34984
5610.006357 34972
5747.199326 34983
5865.724886 34949
6002.62492 34982
6113.142064 34929
6253.54486 34984
6382.252459 34975
6511.074435 34977
6648.544082 34982
6767.086126 34963
6895.935175 34976
7034.145759 34983
7153.61602 34946
7291.804356 34980
7411.522887 34948
7540.503583 34973
7677.143266 34976
7796.482373 34952
7934.236282 34974
8054.00387 34951
8192.692423 34973
8312.110531 34939
8441.110654 34961
8577.855329 34973
8697.878835 34942
8825.86539 34957
8964.578678 34964
9085.709659 34934
9223.800229 34963
9342.768203 34936
9471.427878 34955
9610.444002 34960
9729.828744 34938
9860.393737 34954
10004.049293 34963
10123.285504 34943
10251.767862 34956
10390.951506 34960
10500.46464 34912
10639.233421 34968
10762.736597 34929
10901.382558 34957
11011.268521 34911
11150.412834 34955
11270.276874 34919
11399.16881 34937
11538.903959 34959
11653.173711 34883
11790.32459 34955
11905.440606 34915
12038.697376 34950
12144.319745 34880
12277.909464 34955
12393.712625 34907
12517.206242 34933
12650.173395 34941
12755.909652 34893
12889.385695 34938
12995.389517 34877
