time nnz
1.081643 140
2.28339 280
3.522612 420
4.93674 560
6.582686 697
8.320241 836
10.239618 976
12.336885 1115
14.712396 1246
18.019696 1384
20.716243 1511
23.539309 1639
26.622869 1773
29.827481 1888
32.98899 2017
36.609561 2137
39.824965 2239
43.214253 2337
46.761547 2433
50.489866 2481
54.664299 2515
58.965196 2652
63.469994 2755
68.831617 2860
74.113559 2932
79.520327 2630
84.404654 2733
89.512535 2765
94.744206 2863
100.504298 2974
106.358369 3082
111.975097 3142
117.212991 3148
122.654919 2974
128.000202 2629
133.387827 2742
139.06427 2881
144.383022 2948
149.839143 3028
155.741745 3122
161.520784 3151
167.555909 3068
173.21976 2772
178.637986 2656
183.644692 2763
188.78313 2858
194.199072 2934
199.435628 2912
204.877771 2818
210.353984 2625
215.352432 2569
220.303046 2623
225.381727 2718
230.646237 2814
235.863999 2822
240.894742 2786
246.226577 2573
251.246009 2420
256.240272 2509
261.218265 2516
266.273664 2579
271.422489 2625
276.522233 2652
281.250812 2502
285.655552 2288
290.316809 2372
294.959151 2454
299.742833 2555
304.795949 2587
309.759638 2583
314.525776 2460
319.004006 2308
323.687057 2311
328.175236 2374
332.749698 2408
337.628388 2406
342.359851 2336
347.157278 2253
351.470967 2326
356.075585 2385
360.576298 2496
365.339258 2508
370.05759 2492
374.92059 2185
379.894287 2121
384.257505 2152
389.202452 2215
393.69696 2275
398.256547 2289
402.719466 2261
407.471994 2130
412.381754 2105
417.110257 2057
421.524185 2126
426.253073 2201
430.564859 2224
435.074296 2187
439.429037 2088
443.215696 2081
447.696984 2123
452.013728 2127
456.046031 2112
460.040683 2052
463.991189 2001
467.97466 2037
472.592624 2126
477.054962 2138
481.559643 2144
485.489416 2086
489.412143 1886
493.155839 1793
496.894285 1857
500.743022 1910
504.981609 1954
509.098657 1988
513.31162 1981
517.147804 1909
520.871481 1829
524.501858 1759
528.04597 1821
531.755874 1836
535.58907 1859
539.299281 1866
543.284605 1828
546.796904 1751
550.346311 1774
553.902695 1763
557.511996 1798
560.99989 1841
564.572217 1862
568.242791 1820
571.801819 1694
575.529033 1662
578.487395 1682
581.992784 1703
585.486528 1715
589.042305 1738
591.965233 1754
595.140703 1772
598.440709 1762
601.316347 1639
604.679587 1564
607.931811 1589
611.009336 1624
614.147099 1674
617.462419 1710
620.307176 1673
623.386941 1618
626.62196 1530
629.854291 1552
633.367297 1582
636.900036 1577
640.015244 1591
643.27472 1595
646.459382 1585
649.505712 1557
652.078046 1478
654.991627 1443
659.01819 1477
662.349363 1500
665.70159 1515
668.496085 1472
671.498636 1488
674.5092 1519
677.608768 1514
680.647638 1486
683.72273 1488
686.893897 1443
690.141568 1439
693.646745 1460
696.911943 1449
700.085772 1459
703.311374 1476
706.24966 1458
709.17046 1460
711.821423 1483
714.671715 1468
717.653434 1422
720.836569 1413
724.304849 1420
727.357492 1448
730.560405 1458
733.645084 1456
736.623481 1433
739.40374 1372
742.322562 1324
745.371173 1361
748.493498 1402
751.924337 1460
755.305931 1478
758.37298 1472
761.192589 1436
763.987224 1341
766.922081 1303
769.664546 1334
772.476695 1318
775.199668 1358
778.447292 1372
781.510037 1368
784.379048 1346
787.160073 1297
789.589098 1233
792.198134 1271
795.120448 1352
797.756314 1380
800.364598 1353
802.739881 1326
804.979825 1264
807.511645 1245
810.024025 1260
812.81864 1292
815.70642 1290
818.224252 1293
820.615806 1287
823.107728 1293
825.50105 1270
827.939998 1227
830.351035 1181
832.756444 1196
835.308936 1219
837.875913 1253
840.614504 1271
843.234657 1273
845.675894 1242
848.298502 1192
850.623782 1169
853.179195 1190
855.801403 1219
858.578896 1271
861.037573 1280
863.491136 1236
865.826576 1181
868.442375 1169
870.997935 1196
873.786914 1207
876.551622 1225
879.022927 1237
881.298975 1208
883.57546 1137
885.894946 1144
888.50651 1135
890.811539 1163
893.314497 1183
895.997573 1202
898.323712 1180
900.803861 1148
903.242152 1122
905.553321 1109
907.911727 1128
910.414031 1156
912.903077 1163
915.350469 1171
917.727319 1196
920.030495 1198
922.324437 1168
924.653526 1091
926.824648 1067
929.178401 1092
931.576791 1122
934.119487 1175
936.614123 1185
939.050885 1175
941.344903 1114
943.668947 1060
946.009035 1058
948.332774 1076
950.880456 1102
953.333293 1125
955.908207 1146
958.25725 1150
960.643184 1126
962.987556 1071
965.436267 1078
967.646199 1076
969.753724 1066
971.845446 1050
974.117476 1063
976.242862 1101
978.513739 1091
980.564775 1068
982.682145 1042
984.986068 1051
987.014937 1064
989.389733 1067
991.618226 1045
993.814975 1039
996.297159 1046
998.841426 1067
1001.199012 1055
1003.58855 1050
1005.952149 1060
1008.370661 1055
1010.613561 1034
1012.811632 1003
1015.2881 1022
1017.826143 1041
1020.300929 1040
1022.768276 1074
1025.248316 1079
1027.482443 1073
1029.672567 1042
1031.824018 1005
1033.990082 1011
1036.249775 1009
1038.62541 1041
1040.967939 1059
1043.180512 1045
1045.357293 1022
1047.411994 1014
1049.518473 994
1051.8454 999
1054.15401 1014
1056.520806 1018
1058.843912 1034
1061.259692 1050
1063.428523 1039
1065.556269 1016
1067.63625 990
1069.685869 971
1071.897531 984
1074.130869 1003
1076.14609 989
1078.429751 1016
1080.773672 1034
1082.895444 1011
1085.09453 975
1087.355157 952
1089.890068 968
1092.488223 994
1095.110882 1020
1097.636648 1031
1100.097796 1028
1102.395904 1002
1104.679171 969
1106.940664 960
1109.330266 969
1111.72559 969
1114.065033 985
1116.47167 1000
1118.884462 987
1121.290475 1000
1123.493852 977
1125.789799 952
1127.935971 927
1131.391452 948
1133.862265 950
1136.3824 974
1138.849836 984
1141.162364 963
1143.42038 942
1145.620826 927
1148.014353 936
1150.494993 955
1152.787466 979
1155.285203 1000
1157.62707 988
1159.760115 961
1161.925405 934
1164.015712 934
1166.075949 944
1168.134549 941
1170.142137 930
1172.54848 940
1174.686801 931
1176.916697 938
1179.10253 938
1181.119957 919
1183.156937 920
1185.216268 911
1187.324701 912
1189.584357 936
1191.790248 959
1194.036304 961
1196.184036 955
1198.335964 949
1200.358045 927
1202.353164 911
1204.527115 900
1207.832671 915
1210.266615 924
1212.622578 935
1215.029923 938
1217.479104 926
1219.673923 913
1221.869828 892
1224.411507 907
1226.990277 930
1229.552678 964
1231.905678 966
1234.125977 942
1236.326972 920
1238.495609 905
1240.659916 892
1242.968551 897
1245.45244 919
1247.719439 914
1249.951644 915
1252.152197 897
1254.347041 889
1256.625235 887
1259.080328 901
1261.320574 909
1263.511106 897
1265.699782 895
1267.882126 892
1270.000932 890
1272.149481 891
1274.406339 901
1276.617555 894
1278.827443 887
1281.024698 877
1283.225301 872
1285.61049 883
1287.877821 894
1290.152244 900
1292.338158 890
1294.59739 896
1296.797866 896
1298.898382 883
1300.966729 866
1303.272257 874
1305.448614 878
1307.578959 903
1309.640238 898
1311.634303 888
1313.588153 874
1315.563124 866
1317.514446 859
1319.609674 865
1321.687334 891
1323.829579 904
1325.886094 892
1327.779161 878
1329.699799 862
1331.646461 859
1333.705964 868
1335.828623 885
1337.842894 897
1339.908751 889
1341.881131 880
1343.861057 880
1345.765569 869
1347.680272 857
1349.699529 867
1351.820708 871
1353.792695 878
1355.913654 888
1357.8623 879
1359.71838 870
1361.582926 859
1363.456636 850
1365.430786 855
1367.408859 858
1369.509294 871
1371.597662 883
1373.724281 907
1375.757692 892
1377.765534 878
1379.697062 857
1381.570152 843
1383.69867 854
1385.787943 865
1387.687305 881
1389.570089 879
1391.523982 875
1393.40337 861
1395.264099 863
1397.139866 849
1399.264187 864
1401.276454 866
1403.223936 864
1405.173515 860
1407.077761 850
1408.963085 846
1410.774117 836
1412.738777 833
1414.864319 849
1417.05233 876
1419.130687 881
1420.878447 860
1422.76618 848
1424.724262 859
1426.645047 852
1428.530114 847
1430.382376 841
1432.256871 833
1434.219802 835
1436.325724 852
1438.302518 856
1440.212935 849
1442.108347 837
1443.991531 830
1445.930099 836
1448.035879 851
1450.033963 857
1451.79288 847
1453.524251 844
1455.355636 833
1457.173469 825
1459.11241 836
1461.142478 852
1463.202735 853
1465.259247 848
1467.280967 841
1469.268488 834
1471.240549 821
1473.477899 839
1475.735999 861
1477.976676 876
1480.150876 867
1482.227146 860
1484.20513 834
1486.004432 827
1487.757744 834
1489.657823 839
1491.53177 838
1493.37851 837
1495.240999 837
1497.110641 834
1498.983955 824
1501.020571 835
1503.12211 848
1505.167791 852
1507.084737 836
1508.968537 837
1510.84958 831
1513.57581 835
1515.477238 827
1517.314715 824
1519.303155 832
1521.139076 833
1523.059201 832
1525.22478 865
1527.189154 844
1529.116887 836
1530.983455 828
1532.881104 824
1534.781614 822
1536.73661 827
1538.627006 831
1540.533908 825
1542.416363 822
1544.212119 822
1546.065917 819
1547.795145 820
1549.772205 829
1551.649385 829
1553.421501 830
1555.203621 826
1557.036092 818
1558.912642 822
1560.761662 820
1562.583313 820
1565.332688 821
1567.196312 814
1569.070921 812
1571.108182 823
1573.02193 823
1574.893076 828
1576.761481 821
1578.57484 813
1580.372068 808
1582.268629 815
1584.295761 830
1586.042857 826
1587.938822 835
1589.736185 826
1591.570769 819
1593.414005 811
1595.266313 807
1597.091949 809
1598.938259 811
1600.820004 813
1602.674367 808
1604.514548 810
1606.335397 808
1608.160376 809
1609.96746 810
1611.836231 811
1613.66061 814
1615.463444 812
1617.143768 806
1618.947566 803
1620.769424 796
1622.783724 809
1624.804574 823
1626.775904 831
1628.70685 833
1630.547922 829
1632.414308 823
1634.25983 809
1636.100636 812
1637.977353 812
1639.873894 815
1641.77794 824
1643.62604 819
1645.459414 815
1647.216843 807
1649.005844 805
1650.87028 811
1653.564181 825
1655.570681 833
1657.522105 824
1659.452513 826
1661.270215 817
1663.093368 811
1664.912169 802
1666.769804 806
1668.703011 817
1670.573355 813
1672.453384 819
1674.275647 815
1676.087406 807
1677.746816 798
1679.572395 800
1681.450024 801
1683.479693 812
1685.349527 812
1687.198087 806
1689.082461 808
1690.926008 804
1692.62952 798
1694.442562 794
1696.318444 797
1698.26643 804
1700.239527 814
1702.12901 814
1703.98491 813
1705.796438 803
1707.563141 790
1709.52839 795
1711.499578 800
1713.530303 800
1715.518166 806
1717.462911 794
1719.379389 792
1721.312155 790
1723.305835 793
1725.369247 799
1727.368191 802
1729.365563 808
1731.283562 802
1733.050462 799
1734.865701 795
1736.539461 797
1738.285284 792
1740.111973 800
1741.93466 797
1743.803095 804
1745.684705 805
1747.565353 799
1749.461025 796
1751.34504 791
1753.250694 788
1755.244163 795
1757.340218 807
1759.448919 825
1761.452931 823
1763.362098 815
1765.243413 806
1767.106058 797
1768.933053 792
1770.872355 796
1772.733853 797
1774.650501 800
1776.545723 796
1778.407937 792
1780.253005 786
1782.105207 790
1784.035952 794
1786.024454 803
1787.982496 797
1789.854957 796
1791.743386 801
1793.697747 795
1795.59317 788
1797.394434 783
1799.234538 787
1801.192409 795
1803.142714 800
1805.02227 797
1806.870765 790
1808.678647 785
1810.541127 789
1812.39169 786
1814.24459 787
1816.066012 785
1817.87875 785
1819.687661 782
1821.396392 781
1823.25656 784
1825.231951 796
1826.975073 794
1828.929019 806
1830.8616 813
1832.770941 817
1834.64329 813
1836.510261 791
1838.385858 787
1840.274657 788
1842.183437 793
1844.046338 796
1845.901672 792
1847.748818 790
1849.446772 787
1851.155374 779
1853.041556 783
1854.940956 792
1856.724384 789
1858.540339 784
1860.378756 782
1862.213286 782
1864.074287 786
1865.893559 783
1867.723352 783
1869.52122 781
1871.334175 776
1873.175262 779
1875.008868 778
1876.892774 784
1878.740866 787
1880.492773 786
1882.297811 783
1884.162207 778
1885.996912 781
1887.833218 785
1889.641123 783
1891.474101 778
1893.286199 778
1895.058448 776
1896.837614 776
1898.661323 777
1900.546295 778
1902.391441 777
1904.230196 777
1906.031136 776
1907.694674 776
1909.474348 775
1911.284912 773
1913.141004 772
1915.109345 782
1916.998816 787
1918.710095 782
1920.515491 776
1922.345435 779
1924.194046 778
1925.99253 774
1927.775322 771
1929.623452 770
1931.531757 778
1933.302369 782
1935.165805 782
1937.032684 788
1938.909358 787
1940.755414 785
1942.567928 778
1944.367428 774
1946.055453 775
1947.660056 779
1949.205048 780
1950.740829 779
1952.293072 782
1953.816153 779
1955.224149 781
1956.715588 777
1958.370914 772
1960.034764 773
1961.749198 776
1963.503776 784
1965.161288 797
1966.761589 789
1968.490162 785
1970.203085 774
1971.907094 771
1973.6121 769
1975.190518 776
1976.528402 777
1977.979835 779
1979.40957 778
1980.725006 777
1982.05932 775
1983.374696 772
1984.681074 763
1985.952189 767
1987.240449 773
1988.5278 777
1989.792791 775
1991.077678 777
1992.328141 774
1993.598704 768
1994.867396 763
1996.157402 766
1997.491749 772
1998.869674 778
2000.193217 776
2001.489722 771
2002.782601 768
2004.065394 764
2005.359379 762
2006.658651 763
2007.955232 765
2009.235511 763
2010.529309 765
2011.804722 766
2013.070235 766
2014.345197 761
2015.627185 761
2016.929721 762
2018.289425 771
2019.588384 770
2020.879471 771
2022.138663 769
2023.37086 765
2024.635634 765
2025.923826 766
2027.180979 768
2028.446821 774
2029.764222 766
2031.011938 765
2032.291756 768
2033.566543 770
2034.821952 764
2036.07388 763
2037.300897 759
2038.566838 759
2039.865173 764
2041.178735 769
2042.457438 767
2043.741802 767
2044.99287 764
2046.257043 760
2047.511643 755
2048.789009 759
2050.136692 768
2051.449002 773
2052.717998 773
2053.983179 773
2055.236038 769
2056.482633 761
2057.738011 759
2059.023641 762
2060.292873 762
2061.526916 762
2062.796746 767
2064.047358 768
2065.30569 767
2066.507881 762
2067.754484 755
2069.016114 757
2070.295632 759
2071.575098 763
2072.831618 760
2074.076197 759
2075.325556 758
2076.577876 758
2077.835901 756
2079.108034 757
2080.398123 767
2081.666424 764
2082.931595 765
2084.199488 768
2085.437082 765
2086.692488 756
2087.886166 755
2089.1327 757
2090.423562 760
2091.699638 762
2092.933547 761
2094.198422 760
2095.464314 758
2096.72352 756
2098.035971 760
2099.364511 762
2100.686339 767
2101.947438 762
2103.206866 761
2104.44156 760
2105.621385 758
2106.840405 753
2108.100572 755
2109.396544 756
2110.653742 759
2111.901835 758
2113.150782 756
2114.397701 756
2115.647831 757
2116.838975 755
2118.080755 753
2119.354859 754
2120.585734 752
2121.879716 755
2123.144914 757
2124.398802 756
2125.674486 754
2126.87438 751
2128.117406 748
2129.335152 746
2130.654537 752
2131.954092 758
2133.221772 757
2134.476896 755
2135.763254 763
2136.961089 758
2138.19301 752
2139.416932 748
2140.69296 754
2141.950709 752
2143.22882 751
2144.519126 751
2145.814455 747
2147.023022 747
2148.292614 746
2149.596912 747
2150.902052 747
2152.260601 748
2153.58172 753
2154.914891 758
2156.228338 755
2157.530281 753
2158.821085 748
2160.128336 745
2161.465192 747
2162.824021 753
2164.062196 751
2165.300165 751
2166.500953 750
2167.71813 744
2168.937141 743
2170.181108 744
2171.46412 747
2172.735478 748
2173.988828 750
2175.18465 749
2176.416476 747
2177.646144 745
2178.900423 742
2180.187767 743
2181.485541 748
2182.794541 751
2184.066203 752
2185.325579 751
2186.578158 748
2187.85344 746
2189.110085 744
2190.388416 745
2191.590929 743
2192.848919 744
2194.116575 743
2195.382101 741
2196.648531 741
2197.956911 744
2199.227795 743
2200.561741 748
2201.833201 748
2203.113053 748
2204.364456 746
2205.610596 741
2206.883096 739
2208.142225 741
2209.389966 745
2210.667628 745
2211.959146 746
2213.167959 743
2214.366815 740
2215.583643 744
2216.855478 748
2218.077749 750
2219.280284 746
2220.492076 745
2221.696944 742
2222.899301 742
2224.087877 742
2225.322066 745
2226.525867 741
2227.729924 743
2228.921667 743
2230.141849 744
2231.342544 744
2232.560997 742
2233.759022 739
2235.000244 742
2236.20132 743
2237.448494 746
2239.35645 748
2240.577102 745
2241.767742 743
2242.955821 740
2244.151761 740
2245.45162 742
2246.680706 747
2247.895982 743
2249.079667 742
2250.275486 742
2251.455965 743
2252.654074 745
2253.839753 742
2255.009459 739
2256.186894 739
2257.422064 740
2258.613545 741
2259.873679 744
2261.07631 742
2262.288343 741
2263.472973 741
2264.703911 738
2266.681824 741
2267.878849 738
2269.075837 739
2270.279602 738
2271.476133 737
2272.677098 738
2273.907381 739
2275.125338 742
2276.342624 740
2277.560389 738
2278.796427 740
2280.003021 742
2281.191544 738
2282.380635 737
2283.57982 736
2284.821944 738
2286.053298 741
2287.290328 743
2288.491742 743
2289.730489 741
2290.943012 738
2292.189958 737
2293.420277 738
2294.705952 741
2295.958024 742
2297.231811 740
2298.452886 740
2299.674759 743
2300.914726 742
2302.166034 739
2303.388232 737
2304.711671 740
2305.994029 741
2307.294921 742
2308.559701 743
2309.834185 743
2311.079073 742
2312.329103 737
2313.5633 737
2314.859309 738
2316.123283 741
2317.35806 744
2318.596007 742
2319.843989 740
2321.072214 740
2322.325783 736
2323.548259 735
2324.800453 736
2326.066712 739
2327.341714 740
2328.549616 739
2329.792281 738
2331.011413 739
2332.269953 738
2333.450601 737
2334.706403 737
2335.928201 735
2337.192064 738
2338.414523 741
2339.764051 743
2341.069151 741
2342.368501 737
2343.656465 735
2344.956687 733
2346.331304 736
2347.57175 740
2348.769924 737
2349.967761 735
2351.178479 736
2352.417146 736
2353.597675 735
2354.776629 733
2355.990918 734
2357.218869 737
2358.417765 738
2359.613622 739
2360.794453 739
2361.976058 737
2363.156493 736
2364.329222 735
2365.539854 736
2366.725763 739
2367.900902 738
2369.066271 736
2370.257289 739
2371.439635 737
2372.613546 736
2373.788135 736
2374.970933 734
2376.211972 737
2377.467615 739
2378.683266 741
2379.892534 742
2381.074325 741
2382.265172 741
2383.458412 737
2384.687015 738
2385.874699 733
2387.110085 736
2388.285204 734
2389.470395 736
2390.649577 735
2391.825046 734
2393.008608 732
2394.229196 734
2395.440163 736
2396.616346 734
2397.782777 734
2398.949657 733
2400.117073 732
2401.282952 732
2402.456666 732
2403.678786 734
2404.868293 736
2406.04809 735
2407.22993 735
2408.42878 735
2409.606417 735
2410.769071 735
2411.924562 733
2413.140257 732
2414.434131 735
2415.668412 737
2416.903528 735
2418.125749 734
2419.352542 734
2420.569735 733
2421.844301 734
2423.10803 736
2424.342244 736
2425.568702 735
2426.796525 734
2428.030985 734
2429.255583 732
2430.488927 733
2431.743547 734
2433.011227 734
2434.22 734
2435.381012 733
2436.549613 732
2437.733183 731
2438.94569 731
2440.191914 736
2441.393228 734
2442.590497 735
2443.802511 739
2444.987584 736
2446.178821 734
2447.369446 733
2448.596768 734
2449.825757 735
2451.034945 736
2452.236576 735
2453.430162 734
2454.625522 733
2455.827253 732
2456.988996 732
2458.150012 732
2459.402937 734
2460.611834 732
2462.527869 733
2463.673452 733
2464.85404 733
2466.035078 732
2467.21675 732
2468.392874 732
2469.608977 732
2470.824518 732
2471.986957 731
2473.158107 734
2474.312251 732
2475.474278 732
2476.668164 732
2477.843641 733
2479.009873 732
2480.173794 731
2481.321324 731
2482.512165 734
2483.685632 736
2484.82635 735
2485.962212 738
2487.130181 737
2488.282284 735
2489.439162 735
2490.602106 735
2491.758462 735
2492.915361 734
2494.082401 735
2495.250118 736
2496.409704 735
2497.569701 734
2498.729961 732
2499.95748 735
2501.158394 736
2502.356207 737
2503.522564 736
2504.695312 736
2505.859574 735
2507.015716 734
2508.169126 733
2509.352326 734
2510.572572 735
2511.74848 736
2512.896066 735
2514.044526 732
2515.18405 731
2516.365819 732
2517.571603 736
2518.74986 736
2519.911188 737
2521.070058 734
2522.216818 733
2523.363717 730
2524.539271 730
2525.703318 730
2526.840433 730
2527.984063 731
2529.11988 731
2530.265834 731
2531.414608 731
2532.566432 731
2533.769094 731
2534.925704 732
2536.076061 731
2537.225019 730
2538.41961 731
2539.610666 734
2540.800192 734
2541.955456 731
2543.116176 732
2544.272902 731
2545.437086 731
2546.602192 732
2547.769254 731
2548.958506 732
2550.177762 736
2551.331196 735
2552.489953 735
2553.646872 734
2554.827591 732
2556.013713 731
2557.207577 732
2558.421334 732
2559.642009 734
2560.827178 734
2562.013377 734
2563.192965 734
2564.37078 732
2565.54179 732
2566.722551 732
2568.001679 734
2569.186831 733
2570.37471 734
2571.554528 732
2572.744586 730
2573.928986 731
2575.083521 730
2576.295743 734
2577.487153 737
2578.665816 736
2579.831373 734
2580.996186 734
2582.16399 730
2583.373859 732
2584.600539 736
2585.788883 736
2586.987596 737
2588.159085 738
2589.345486 737
2590.517567 735
2591.699506 735
2592.919565 735
2594.094753 734
2595.270278 733
2596.438463 732
2597.608057 733
2598.774401 733
2599.932347 733
2601.086652 733
2602.246067 732
2603.424119 733
2604.586102 731
2605.74557 730
2606.899013 730
2608.058115 730
2609.211842 730
2610.371869 730
2611.53332 731
2612.782496 736
2613.960846 734
2615.168273 736
2616.338362 734
2617.512325 731
2618.679353 731
2619.844821 731
2621.046043 733
2622.236511 733
2623.407132 733
2624.536854 732
2625.690631 732
2626.83559 731
2627.96072 731
2629.147702 731
2630.336134 734
2631.486133 732
2632.634468 732
2633.792167 733
2634.945 732
2636.109698 731
2637.261951 731
2638.40633 729
2639.577739 729
2640.788768 730
2641.928624 730
2643.099798 731
2644.235167 730
2645.370351 730
2646.530912 730
2647.679001 730
2648.830497 731
2650.081569 733
2651.234696 733
2652.396865 732
2653.549009 732
2654.701368 731
2655.883618 731
2657.048853 731
2658.242248 732
2659.411948 733
2660.569137 731
2661.727494 731
2662.884412 729
2664.032322 730
2665.237838 733
2666.445501 734
2667.60594 735
2668.748179 734
2669.907536 733
2671.067923 731
2672.227423 731
2673.407444 731
2674.560505 731
2675.711847 732
2676.865162 732
2678.01165 732
2679.151236 731
2680.291909 731
2681.430222 730
2682.624894 730
2683.818642 733
2685.012467 735
2686.164391 734
2687.317813 734
2688.471355 733
2689.634999 730
2690.823213 732
2691.981811 732
2693.176291 733
2694.364487 734
2695.526108 732
2696.687316 732
2697.88239 732
2699.077236 733
2700.272624 732
2701.455424 731
2702.686586 732
2703.870193 733
2705.095397 733
2706.277404 733
2707.470035 732
2708.668247 732
2709.870241 733
2711.130791 733
2712.325681 732
2713.541215 732
2714.725068 732
2715.909938 732
2717.091319 732
2718.252502 732
2719.405794 732
2720.596991 732
2721.765802 732
2722.944128 733
2724.114899 732
2725.287449 732
2726.462382 732
2727.638052 732
2728.817873 732
2730.0283 732
2731.221936 732
2732.419765 732
2733.621437 732
2734.827237 732
2736.017852 731
2737.24242 731
2738.446577 732
2739.687797 735
2740.897736 734
2742.096502 736
2743.275552 735
2744.461008 735
2745.649622 732
2746.836359 730
2748.028019 731
2749.247528 732
2750.438912 732
2751.617947 732
2752.78702 732
2753.961973 731
2755.127823 730
2756.305991 731
2757.504831 731
2758.708867 731
2759.897471 733
2761.089782 733
2762.284453 732
2763.464312 732
2764.646336 732
2765.829834 730
2767.025131 730
2768.24731 732
2769.424487 731
2770.578272 730
2771.762601 731
2772.953155 731
2774.135328 731
2775.326944 732
2776.488471 732
2777.686454 732
2778.876179 732
2780.065318 732
2781.240141 732
2782.449776 733
2783.66621 734
2784.854547 734
2786.043431 733
2787.227288 733
2788.398128 733
2789.567974 733
2790.737299 733
2791.901137 731
2793.064635 731
2794.257873 731
2795.459251 731
2796.715799 733
2797.892284 731
2799.072043 732
2800.250821 732
2801.428863 732
2802.601343 731
2803.831057 731
2805.003505 731
2806.184699 732
2807.365867 731
2808.543833 730
2809.722077 730
2810.938058 731
2812.179444 732
2813.349507 731
2814.512282 730
2815.713869 730
2816.900818 730
2818.074974 730
2819.301595 732
2820.555033 733
2821.745112 733
2822.934778 733
2824.125631 733
2825.313899 733
2826.496953 731
2827.678978 731
2828.840124 731
2830.014 733
2831.181744 734
2832.357323 734
2833.530207 732
2834.708214 732
2835.881671 731
2837.051742 731
2838.267572 733
2839.45427 731
2840.659577 731
2841.837715 732
2843.055266 731
2844.27316 731
2845.499164 730
2846.756279 731
2848.047673 731
2849.300445 731
2850.52861 732
2851.762828 731
2853.002604 731
2854.221314 731
2855.466651 731
2856.739295 731
2857.967773 732
2859.191301 731
2860.420079 731
2861.646442 731
2862.872391 732
2864.062201 732
2865.223759 732
2866.418867 732
2867.585552 732
2868.752135 732
2869.918783 732
2871.132988 733
2872.310549 732
2873.530088 733
2874.713022 733
2875.898057 733
2877.091354 732
2878.297716 732
2879.49991 732
2880.705342 732
2881.896871 732
2883.126159 732
2884.375391 734
2885.612355 735
2886.823619 735
2888.021649 733
2889.185389 733
2890.361704 733
2891.505448 733
2892.68856 733
2893.854065 732
2895.044604 733
2896.222371 735
2897.386801 732
2898.551191 732
2899.715698 732
2900.898341 732
2902.077249 732
2903.230513 732
2904.38027 732
2905.521709 732
2906.667442 731
2907.818942 729
2909.00404 729
2910.203293 731
2911.367785 731
2912.526398 730
2913.654888 730
2914.786821 730
2915.958295 729
2917.142777 729
2918.339058 731
2919.505571 733
2920.66557 732
2921.827904 731
2922.987898 729
2924.147492 729
2925.300671 729
2926.491381 731
2927.688655 732
2928.863096 733
2930.017523 732
2931.161591 732
2932.303127 732
2933.444633 731
2934.590934 730
2935.793724 734
2936.982216 734
2938.143572 733
2939.302115 733
2940.446964 733
2941.5784 732
2942.723484 732
2943.900824 732
2945.077541 732
2946.236601 734
2947.386492 733
2948.539283 732
2949.698448 731
2950.861266 731
2952.055985 732
2953.230152 734
2954.403605 734
2955.570615 733
2956.726381 733
2957.886227 732
2959.041633 732
2960.204354 731
2961.401937 731
2962.594054 732
2963.762831 732
2964.92221 731
2966.071647 731
2967.218467 731
2968.370143 731
2969.54401 731
2970.699157 731
2971.85673 731
2973.000506 731
2974.14709 732
2975.284995 731
2976.431599 731
2977.64626 732
2978.795256 731
2979.946084 731
2981.094059 731
2982.242553 732
2983.383693 731
2984.536913 731
2985.71139 731
2986.877154 731
2988.086333 732
2989.293685 732
2990.473646 732
2991.656995 732
2992.840367 731
2994.02364 731
2995.208324 730
2996.452602 731
2997.665149 731
2998.855002 731
3000.049035 731
3001.239995 731
3002.431405 731
3003.622414 730
3004.889063 732
3006.05345 733
3007.207732 733
3008.364458 733
3009.527968 732
3010.698154 731
3011.842497 730
3013.03856 732
3014.221924 732
3015.401098 732
3016.564717 733
3017.73197 732
3018.901149 731
3020.065821 731
3021.229918 730
3022.41356 730
3023.565566 730
3024.720928 730
3025.868286 730
3027.018257 730
3028.181573 730
3029.442112 732
3030.609144 732
3031.769201 731
3032.931234 730
3034.08929 729
3035.256227 729
