time nnz
0.499947 140
1.186841 280
2.320969 420
3.913157 560
5.186109 700
6.597758 839
8.27816 979
10.187345 1119
12.208915 1255
14.48244 1392
16.86703 1528
19.239889 1667
22.066261 1807
24.870218 1947
28.165661 2086
31.868679 2220
36.130094 2354
40.185673 2494
44.866777 2634
50.162542 2774
55.319068 2910
61.010966 3047
66.831891 3178
72.785749 3263
79.193704 3399
85.499928 3539
90.938857 3676
97.071348 3811
103.522862 3945
109.95232 4084
116.710221 4222
123.636598 4353
131.034833 4450
138.317464 4589
145.634017 4674
153.388451 4814
160.945933 4948
168.136703 5087
175.600032 5223
184.95505 5341
194.374789 5420
203.821395 5559
213.335424 5698
222.14638 5838
230.799179 5969
240.280975 6101
250.527281 6224
260.858855 6292
270.563843 6258
280.232706 6233
290.514241 6372
300.988619 6504
311.452336 6637
321.625418 6776
331.47946 6916
341.662591 7025
352.847643 7160
364.294381 7207
375.799636 7347
388.005968 7460
400.803788 7585
412.574298 7714
424.733244 7835
437.274363 7939
449.046677 7679
462.187827 7818
474.927225 7957
486.520884 8090
499.254385 8226
513.105102 8361
526.432086 8476
540.518178 8556
554.95524 8690
581.626446 8827
600.340101 8967
616.776863 9098
632.779648 9202
647.567048 9289
661.524465 9269
677.424266 9102
692.613291 9223
707.900987 9356
723.503856 9417
737.759116 9532
753.123086 9638
768.713386 9682
785.06758 9636
801.854901 9546
817.289904 9684
834.314692 9812
851.130355 9933
867.817645 10035
885.026851 10164
902.171393 10232
919.919696 10242
938.207714 9825
957.274581 9960
974.484727 10095
992.643732 10235
1010.940404 10374
1028.169271 10502
1048.008629 10618
1068.19319 10701
1088.000192 10701
1107.109169 10641
1125.743456 10762
1143.802659 10831
1162.65379 10881
1179.340695 10816
1196.031257 10498
1212.936867 10214
1229.093521 10342
1245.620621 10481
1261.642142 10588
1278.428649 10703
1294.623981 10830
1312.525476 10925
1329.103872 10944
1345.85844 11039
1362.761498 10999
1380.277233 11123
1397.655646 11171
1415.726371 11228
1433.115874 11261
1451.352601 11186
1471.589278 11002
1490.515534 11116
1508.932665 11252
1527.9853 11327
1546.107704 11404
1564.81702 11493
1584.868769 11521
1603.42782 11510
1623.486858 11393
1642.053401 11486
1661.030606 11623
1679.617773 11743
1698.12603 11856
1716.415747 11866
1735.580822 11873
1753.231098 11879
1771.663386 11805
1789.83526 11690
1808.031344 11799
1827.046891 11743
1845.788001 11771
1863.546415 11784
1884.660532 11798
1905.783403 11814
1925.788588 11811
1946.610589 11719
1967.334312 11108
1988.690127 11219
2009.181896 11359
2029.013625 11499
2049.957287 11631
2068.90864 11740
2089.587825 11824
2110.120153 11910
2131.8246 11797
2153.160532 11927
2174.264071 12052
2195.455891 12031
2215.606114 12073
2233.827966 12109
2253.536671 12026
2271.897521 11971
2290.43653 12052
2309.269823 12000
2329.158271 12081
2350.06176 12115
2368.753214 12128
2387.568732 12084
2406.873902 11285
2424.910701 11386
2443.130987 11501
2461.642153 11641
2479.099466 11759
2498.730818 11867
2518.919651 11974
2538.219943 12054
2557.849199 12071
2576.926768 11885
2595.123289 11722
2615.315361 11656
2634.816708 11782
2654.085803 11889
2673.938384 11965
2693.639198 11953
2713.737032 12026
2732.328548 11926
2751.697618 11862
2772.157196 11917
2790.281168 11917
2809.247356 11864
2825.648822 11658
2842.297742 11748
2857.913993 11490
2872.307494 11610
2886.578676 11689
2901.018361 11753
2915.243486 11845
2931.319859 11918
2945.115961 11917
2959.459401 11554
2974.735968 11233
2991.713063 11350
3008.138354 11468
3026.882884 11596
3044.728624 11683
3061.612286 11761
3079.855126 11788
3096.633006 11684
3115.898064 11549
3134.251648 11662
3153.740954 11756
3173.665819 11784
3193.371337 11749
3212.376102 11814
3229.794795 11676
3247.024519 11606
3264.532911 11625
3279.605992 11688
3293.432477 11711
3308.570534 11719
3323.298908 11710
3337.605023 11567
3352.319325 11110
3366.385424 11224
3380.881116 11356
3395.870854 11493
3410.684448 11608
3423.55691 11718
3439.065004 11789
3453.86681 11793
3467.714563 11520
3482.048125 11422
3499.691271 11540
3514.711642 11633
3532.653735 11697
3550.387734 11709
3566.571914 11723
3583.063056 11700
3599.693365 11492
3616.878032 11549
3633.519999 11649
3652.151624 11728
3667.530722 11673
3684.030956 11696
3698.96018 11693
3712.06855 11628
3727.173388 11037
3741.020317 11151
3754.736943 11276
3768.773173 11388
3782.302921 11480
3796.670054 11547
3811.862508 11564
3826.415763 11461
3839.919448 11526
3854.941425 11618
3869.437507 11698
3885.422532 11671
3901.596585 11692
3917.620258 11657
3933.010192 11660
3948.575253 11628
3966.101395 11197
3982.570224 10844
3999.60739 10974
4015.58241 11113
4032.327842 11250
4048.997486 11347
4066.5838 11417
4083.108257 11431
4101.186234 11286
4119.898393 11203
4137.016988 11302
4154.578161 11413
4172.133792 11400
4187.13907 11443
4203.694291 11434
4220.674208 11447
4237.097491 11453
4254.578229 11308
4272.13834 11331
4286.76535 11035
4301.256489 11154
4315.736081 11230
4331.597513 11347
4346.74853 11398
4360.696745 11397
4374.991985 11305
4389.67209 11139
4403.062557 11220
4417.38686 11303
4432.822842 11392
4447.606412 11374
4464.070529 11289
4480.676239 11180
4495.493094 11071
4510.07276 11163
4525.284562 11256
4541.525407 11367
4556.806966 11433
4572.615386 11466
4590.006779 11396
4606.960032 11131
4624.489897 11227
4640.136874 11306
4655.157092 11363
4670.633836 11325
4685.765356 11235
4700.808891 11015
4714.955172 11079
4728.486766 11022
4743.251154 11046
4757.120487 11145
4770.563711 11259
4785.546931 11297
4799.42227 11341
4812.297984 11342
4826.664891 11323
4841.501756 11026
4854.012647 11067
4868.189016 10667
4883.029018 10805
4895.674984 10938
4911.245373 11054
4928.043334 11158
4944.539965 11156
4961.309819 11152
4977.331683 11113
4994.74619 11034
5011.407213 11076
5028.748788 11164
5046.768293 11274
5064.418223 11360
5080.036922 11254
5098.452314 11273
5116.779527 11246
5131.223525 10926
5147.642129 10652
5164.34911 10780
5179.686893 10905
5194.894195 11001
5211.518459 11082
5227.727604 11150
5243.679711 11206
5259.79329 11126
5274.441179 11168
5290.239688 10923
5304.888527 11023
5319.43613 11104
5334.522935 11109
5348.714617 11041
5363.941912 11016
5375.440845 10958
5385.98705 10814
5396.243221 10852
5408.769386 10978
5419.795774 11106
5430.861096 11089
5441.980397 11084
5452.566583 11121
5464.462572 11103
5475.437743 11059
5486.169355 10968
5497.123323 10714
5507.023863 10610
5518.787577 10724
5529.770116 10817
5540.346594 10895
5551.298538 10935
5561.72747 10933
5572.719295 10856
5583.495785 10664
5593.240432 10649
5603.443664 10747
5614.338063 10749
5624.629633 10729
5635.997456 10697
5646.501641 10701
5656.918289 10684
5667.635859 10692
5677.986964 10716
5689.21661 10711
5700.354977 10695
5710.013894 10570
5720.086679 10486
5730.146925 10553
5740.232673 10658
5750.552118 10655
5760.849728 10713
5770.634426 10749
5780.775416 10760
5790.865682 10738
5801.185652 10439
5811.284742 10044
5820.624391 10177
5831.009007 10298
5841.796348 10403
5852.570785 10505
5863.210594 10590
5873.446988 10667
5884.142947 10636
5895.814476 10705
5906.580939 10469
5917.930755 10542
5929.222439 10583
5943.001545 10601
5955.515365 10539
5967.098887 10311
5979.934573 10029
5992.211043 10148
6005.293283 10279
6017.914025 10345
6028.294888 10392
6038.991646 10426
6050.378585 10409
6060.91533 10335
6071.977726 10062
6082.06452 9979
6092.602096 10097
6103.728108 10168
6114.181547 10264
6124.860497 10346
6135.689126 10412
6146.375326 10436
6158.025437 10397
6168.489157 10172
6179.347584 10248
6188.934786 10343
6198.559513 10425
6209.07544 10454
6218.974348 10423
6228.585872 10329
6239.109417 10148
6248.712281 10043
6260.189327 10109
6270.892371 10176
6281.176759 10211
6292.729022 10205
6303.518663 10192
6315.146966 10120
6326.956001 9989
6336.706863 10064
6346.978932 10178
6357.259179 10234
6367.594323 10291
6378.675645 10303
6388.83502 10287
6399.016026 10249
6409.987597 10069
6419.897072 9850
6430.331068 9944
6440.337499 10061
6450.129299 10175
6460.23418 10264
6470.041306 10309
6479.730979 10306
6489.832882 10129
6499.034862 10181
6508.912531 10248
6519.184236 10289
6528.945712 10274
6539.062947 10123
6549.216706 10133
6559.13704 9879
6569.85231 9938
6579.390579 10005
6589.255391 10025
6599.404246 10008
6608.997461 10004
6619.319255 9975
6630.096961 10001
6639.557203 9978
6649.13257 9957
6658.263791 9971
6667.671463 9991
6677.702981 9978
6686.991909 9926
6697.355332 9677
6706.899147 9727
6716.704093 9630
6727.38155 9736
6737.296603 9845
6747.74866 9922
6757.85404 9977
6767.522708 9996
6778.089146 9967
6787.970055 9718
6797.972827 9534
6807.859037 9655
6817.299953 9751
6827.477254 9831
6838.681488 9880
6850.175723 9903
6863.44078 9906
6873.645822 9768
6883.687769 9797
6894.585866 9858
6905.113277 9962
6916.377798 10038
6928.138889 10092
6939.091327 9972
6950.24796 9927
6960.772878 9839
6970.619277 9499
6980.632819 9569
6990.071793 9672
7001.043774 9741
7012.051721 9785
7021.912324 9823
7032.343469 9814
7042.213183 9691
7052.495586 9718
7063.580922 9844
7073.58389 9968
7083.001111 10055
7092.626616 10055
7102.134412 10063
7112.952254 10024
7123.248729 9827
7133.010856 9569
7142.769835 9608
7152.463687 9709
7164.40509 9817
7175.966697 9920
7185.680416 9918
7195.708002 9881
7206.328017 9763
7217.369382 9519
7228.344225 9464
7237.827162 9591
7248.963582 9670
7258.837774 9703
7268.81201 9676
7278.999945 9534
7287.644033 9384
7296.650892 9484
7306.051328 9567
7315.139557 9589
7324.463227 9604
7333.563654 9619
7342.328725 9610
7351.534421 9594
7360.309809 9330
7369.717124 9372
7379.153308 9470
7388.026142 9561
7397.36346 9581
7406.431325 9650
7415.608178 9648
7425.299478 9619
7434.410399 9568
7443.315689 9215
7452.319747 9337
7461.603197 9465
7471.874596 9531
7482.246377 9615
7491.157432 9685
7501.056018 9735
7510.79565 9765
7520.860061 9668
7532.472026 9705
7543.443407 9497
7552.370173 9551
7562.251816 9617
7571.993111 9596
7581.980501 9577
7592.133543 9517
7601.265165 9314
7610.641298 9365
7620.854006 9466
7630.449593 9502
7640.788025 9556
7650.261367 9585
7659.701454 9574
7669.520102 9538
7679.091424 9492
7689.150004 9439
7698.667355 9267
7707.770012 9289
7717.517893 9405
7727.235847 9523
7736.999039 9627
7747.596142 9679
7757.633054 9712
7768.851758 9708
7779.794253 9615
7789.923928 9656
7800.809568 9699
7812.267325 9482
7822.338691 9464
7833.667031 9466
7845.105207 9414
7854.471366 9333
7864.802838 9217
7874.170503 9275
7883.772233 9352
7894.400802 9326
7903.961211 9246
7913.773507 9120
7923.331493 9056
7932.333755 9165
7943.044743 9220
7952.605152 9310
7962.121439 9328
7971.630363 9340
7980.64556 9318
7990.70805 9321
8001.230079 9293
8010.494081 9129
8019.47477 8732
8028.157917 8812
8037.100514 8926
8046.787619 9046
8056.372492 9139
8067.242267 9203
8077.450901 9210
8086.439496 9137
8096.331972 9187
8106.65235 9221
8116.412419 9285
8126.051609 9302
8135.002285 9265
8144.381006 9081
8153.459947 8881
8161.911223 8970
8170.819583 9061
8179.461171 9125
8187.769929 9100
8196.534868 9073
8205.134485 8995
8213.91056 8893
8222.771072 8915
8231.213684 8969
8239.940523 9028
8248.609118 9015
8257.051003 8999
8266.155384 8965
8274.882585 8913
8283.112442 8863
8291.689598 8825
8299.890882 8768
8308.563929 8753
8317.611152 8820
8326.049726 8893
8335.307027 8935
8344.760272 8942
8354.461217 8938
8365.893824 8861
8375.102268 8500
8384.076925 8452
8393.454743 8585
8402.933142 8716
8413.77389 8822
8423.450828 8916
8434.254592 8976
8443.588843 9010
8452.433272 9006
8461.921971 8891
8471.159236 8921
8480.149324 8807
8489.448646 8786
8498.047595 8806
8506.766005 8820
8515.50382 8812
8523.865729 8756
8532.625228 8463
8540.850481 8561
8549.003592 8658
8557.401977 8698
8566.077528 8746
8575.691167 8786
8584.985404 8812
8593.357219 8784
8602.730308 8570
8611.21268 8486
8620.4257 8620
8629.889312 8737
8638.843767 8838
8649.969252 8872
8660.589101 8887
8670.083413 8858
8680.373496 8666
8690.753176 8731
8700.633911 8811
8711.132246 8731
8721.319948 8763
8731.440761 8752
8743.310779 8592
8753.165643 8607
8763.480975 8693
8774.714097 8762
8785.069114 8837
8795.79856 8789
8804.942345 8749
8813.480754 8588
8822.259485 8402
8831.100742 8483
8839.821404 8581
8849.57979 8592
8858.16 8605
8866.998379 8597
8875.560029 8580
8886.060411 8544
8896.895581 8480
8906.689519 8489
8915.963063 8451
8924.776375 8494
8932.410194 8476
8941.588749 8471
8950.414701 8453
8959.361954 8408
8967.523728 8318
8975.024144 8159
8983.814392 8101
8992.697689 8234
9001.40483 8328
9010.487449 8429
9018.726105 8508
9026.733734 8548
9034.819339 8570
9043.004467 8552
9051.780233 8457
9059.942673 8371
9067.875983 8420
9076.140628 8423
9084.07213 8432
9093.70306 8429
9103.126237 8372
9111.708014 8201
9120.6639 8265
9129.280785 8346
9139.469893 8380
9150.889771 8391
9159.454181 8367
9167.892953 8289
9176.420551 8326
9184.650203 8274
9193.734562 8264
9202.347612 8222
9210.76648 8197
9219.563966 8176
9228.547184 8209
9238.369799 8267
9247.940413 8258
9256.681123 8233
9265.594339 8175
9274.099246 8123
9283.523812 8155
9292.388269 8187
9301.57089 8227
9311.339418 8230
9319.796255 8187
9328.520211 8144
9336.960468 8062
9345.236089 8011
9354.988523 8115
9363.696892 8222
9373.222906 8290
9381.051547 8349
9388.910939 8329
9397.119868 8165
9405.132843 8121
9413.997281 8175
9422.708421 8171
9430.727536 8172
9439.249247 8183
9447.324881 8180
9456.06994 8169
9465.138296 8147
9473.720591 8104
9482.202822 7989
9490.515547 7887
9499.08189 7987
9508.49576 8100
9518.126506 8200
9529.62811 8232
9541.740795 8261
9552.417316 8287
9565.978072 8222
9578.935097 8044
9590.288102 8046
9602.869053 8161
9612.846503 8181
9622.544516 8199
9632.505404 8220
9642.561252 8212
9650.49426 8169
9659.017624 7927
9667.102644 7851
9675.71651 7915
9684.361748 8014
9692.298748 8091
9700.71094 8138
9708.665748 8150
9716.961369 8091
9724.919894 7948
9732.656545 7918
9740.740717 7990
9748.227773 8005
9756.082996 8014
9764.967281 8028
9773.349936 8028
9782.473688 8026
9791.002367 7991
9799.883677 7866
9809.947412 7898
9819.574419 7834
9827.822039 7959
9835.992285 8040
9844.088941 8060
9852.976746 8089
9861.143123 8078
9869.346631 8008
9878.34957 7897
9886.248903 7963
9894.066745 8061
9902.308407 8151
9909.970891 8117
9917.762253 8132
9925.902256 8102
9933.718389 7907
9942.556462 7818
9951.01257 7908
9959.14882 7980
9968.252839 7976
9977.617888 7975
9987.19637 7966
9997.333746 7911
10006.241883 7814
10015.737483 7730
10024.883455 7845
10034.050356 7968
10043.017992 8036
10051.474154 8089
10059.906351 8094
10068.457501 8097
10077.108027 8074
10087.441567 8012
10096.697345 7883
10104.671573 7797
10112.672232 7843
10120.308 7890
10128.485934 7918
10137.161946 7900
10145.186304 7824
10153.827668 7691
10161.529467 7736
10169.055855 7782
10177.457194 7859
10185.810289 7901
10195.06109 7924
10203.851571 7923
10212.504441 7845
10221.431552 7688
10229.571 7680
10239.839048 7720
10248.662354 7752
10256.530316 7757
10265.230181 7712
10273.199489 7734
10281.274763 7722
10289.525193 7740
10297.415524 7759
10305.726481 7743
10314.229686 7691
10323.137949 7603
10332.638383 7527
10342.284331 7609
10352.361676 7700
10364.04101 7780
10374.693063 7811
10383.654416 7843
10395.519648 7851
10406.934054 7809
10418.657316 7686
10430.914495 7698
10442.857926 7604
10453.219301 7704
10463.611605 7771
10473.048329 7817
10480.740674 7825
10488.898741 7844
10496.840142 7797
10504.418015 7696
10512.266093 7717
10519.639754 7772
10527.371267 7831
10535.060376 7823
10542.382507 7815
10550.105819 7817
10557.903813 7767
10565.429261 7573
10573.026026 7612
10580.896354 7673
10588.838094 7761
10597.172355 7816
10605.331708 7817
10614.455473 7795
10623.15446 7790
10632.041824 7745
10640.312707 7486
10647.807722 7362
10655.887761 7490
10663.748814 7614
10671.502621 7734
10680.127553 7843
10688.32077 7934
10696.085763 7980
10704.843926 7917
10713.247756 7952
10721.742252 7988
10730.548368 7955
10738.45841 7897
10746.57967 7718
10755.656046 7573
10763.702374 7622
10773.799179 7687
10783.326871 7656
10791.857101 7647
10799.578914 7596
10807.134499 7540
10815.228857 7569
10823.71362 7616
10831.658148 7662
10840.356551 7606
10848.101508 7597
10855.682302 7596
10863.663018 7605
10871.292279 7582
10879.594774 7514
10886.86293 7305
10893.643672 7370
10903.419007 7470
10912.706508 7594
10923.148705 7697
10932.284308 7768
10940.75823 7806
10948.798039 7830
10957.184121 7737
10964.79363 7769
10973.245889 7572
10981.441018 7567
10988.770011 7608
10996.467941 7642
11003.672633 7640
11011.015368 7586
11018.537598 7467
11025.777624 7344
11033.42247 7383
11042.078059 7433
11050.304622 7425
11059.742708 7465
11067.705944 7471
11078.265655 7458
11086.310803 7438
11093.789851 7407
11101.973148 7375
11109.383965 7323
11117.373342 7234
11126.606078 7261
11135.284343 7302
11145.195766 7306
11154.365588 7334
11162.626166 7324
11172.96043 7301
11184.743092 7149
11195.552084 7084
11205.801671 7147
11216.84335 7241
11226.42821 7325
11236.991305 7375
11247.302341 7383
11256.982525 7385
11265.993954 7331
11274.436973 7228
11281.799972 7238
11289.840401 7154
11297.473723 7231
11304.805224 7296
11311.983701 7316
11319.593664 7358
11327.683983 7366
11335.531913 7333
11343.785869 7347
11352.263783 7401
11359.218371 7288
11366.679108 7295
11373.759926 7264
11380.605451 7251
11387.857982 7224
11394.881764 7209
11402.181529 7190
11409.546711 7157
11416.462409 7099
11423.587044 7084
