time objective
2.365921 1184.05286317086
4.309547 730.973324107426
6.206372 561.027898928203
7.823446 434.729430988035
9.003426 371.073178307146
10.319023 329.149357312623
11.442905 293.968378469799
12.335364 277.791366832256
13.215322 267.178414490962
13.934112 258.913047896456
14.625583 253.946679594908
15.292661 250.731679784933
15.949426 248.183293654606
16.588941 246.444266973591
17.22205 245.012273579015
18.288079 241.5611986423
19.19847 237.95160606868
20.049175 235.965187531206
20.872441 234.539602735743
21.677259 233.37618249841
22.466309 232.529531273282
23.238814 231.838188775555
24.010422 231.356235451985
24.76959 230.88606299705
25.534087 230.56555039772
26.310882 230.250780906051
27.068408 229.986385517974
27.828575 229.771490691029
28.590402 229.58128815518
29.330129 229.414322588452
30.071825 229.267431460369
30.811298 229.139596108852
31.551539 229.035495812563
32.291782 228.933476162716
33.030904 228.836320278181
33.771386 228.751860801358
34.533722 228.677998106511
35.288493 228.613036459078
36.039872 228.558049320671
36.793554 228.514009898042
37.545266 228.469983370806
38.293863 228.436288875777
39.043409 228.405717231042
39.793374 228.375775426005
40.543349 228.349766224488
41.292267 228.322467306871
42.03556 228.302514813724
43.075188 227.784717641902
43.980457 227.421780847906
44.855067 227.171785437691
45.72077 226.984991606525
46.599298 226.834622052593
47.447579 226.72479890006
48.297414 226.614042713417
49.267469 226.529656744546
50.106514 226.444580879514
50.924637 226.382895963757
51.736263 226.315728309032
52.547725 226.256325532901
53.358544 226.204619508811
54.163426 226.154415290044
54.981552 226.112226807138
55.792451 226.070342414197
56.63006 226.034429835776
57.459564 226.001991515467
58.276422 225.97203140291
59.076021 225.942180368514
59.879954 225.917210118617
60.684869 225.89111844932
61.485458 225.867187887786
62.278453 225.8421736541
63.740661 225.822451436945
65.567413 225.76114175067
67.216348 225.723540312441
68.690154 225.697100905544
70.315114 225.674874807488
71.917916 225.656376286421
