time objective
1.784901 1169.22879001913
3.218895 718.802549173146
4.67117 562.244644460084
5.804716 445.619350952027
6.779889 388.618878695071
7.945125 347.481349642567
8.893023 314.907769780605
9.706547 297.510820200719
10.445546 285.305359439761
11.127736 277.723904748346
11.789707 272.877755150282
12.436359 269.705680211966
13.074754 267.70050206563
13.70203 266.121577129119
14.320025 264.965257949218
15.30702 261.004135380799
16.183765 256.572712503112
16.984993 254.26846029382
17.756713 252.506097761582
18.501348 251.345785621903
19.239338 250.458137600093
19.969333 249.812946161711
20.694744 249.208051021523
21.41765 248.76244035724
22.131134 248.335279035179
22.851671 248.000543634864
23.563739 247.700643076281
24.273001 247.433445903145
24.976253 247.217885714753
25.681032 247.020560663308
26.379703 246.850365061881
27.071049 246.701038096342
27.761122 246.576327308854
28.444346 246.459163361704
29.132736 246.363379535313
29.818351 246.269202856967
30.509377 246.192448080152
31.191479 246.12051889719
31.875133 246.046517959828
32.564674 245.978917889551
33.2504 245.923070592126
33.932626 245.872682345449
34.610726 245.825243817763
35.288154 245.780594242861
35.963685 245.742588983215
36.636936 245.702566950425
37.310974 245.668537803143
37.984919 245.638740466925
38.656739 245.611737690485
39.32764 245.586633759007
39.996092 245.564079195408
40.662596 245.543637457607
41.331124 245.525684127285
42.257504 245.012397136961
43.069843 244.590810949704
43.861656 244.383131328833
44.644798 244.225882992308
45.421424 244.127179219672
46.196816 244.049231575406
46.975991 243.974577080978
47.749823 243.914106550232
48.523083 243.862593517202
49.294212 243.814446188254
50.062501 243.775759734172
50.8307 243.740363914893
51.600035 243.705447608648
52.364261 243.676481322268
53.123686 243.649610596535
53.882593 243.625365270963
54.642029 243.604103070375
55.408087 243.583754204149
56.166206 243.566227375101
56.939205 243.54838394854
57.697514 243.533952925484
58.627547 243.486232282496
59.460801 243.452569768687
60.289843 243.425492402764
61.109856 243.402601673241
61.929061 243.384037950652
62.754869 243.365896892402
63.569923 243.349466096229
64.387997 243.335454211843
