obj time
0.983463 3363.13097731617
1.271073 2035.48749058207
1.559128 1580.21593978253
1.869545 1203.83270369169
2.15626 1130.86571494484
2.44229 907.109359430206
2.722943 882.924256290429
2.993411 817.943814566281
3.298391 804.164782453664
3.643141 758.863994179455
3.972715 743.847663624182
4.223317 709.946849432513
4.47389 691.225472005923
4.742699 665.817090699306
4.989182 643.76803271882
5.236592 616.348180099922
5.494866 591.29487587692
5.753812 561.651256477924
6.005921 536.646670841095
6.255985 508.671098988047
6.522514 484.244642126182
6.774948 458.001307534192
7.021119 435.225595843779
7.267121 414.910150347443
7.514019 398.975780940727
7.76115 385.930721692331
8.0223 375.613354565997
8.278211 365.434979744191
8.528922 353.882757920228
8.77857 353.268963402072
9.027482 340.822536258036
9.276298 336.389953082177
9.522505 331.860878695704
9.76853 325.32219866338
10.260178 322.022437261951
10.772094 319.289447811714
11.021061 319.219883613405
11.272054 314.583647399957
11.521162 312.621590574544
11.771523 303.313339303109
12.270139 300.369259752708
12.766888 297.936731254483
13.263524 297.059512255176
13.760224 295.088237336012
14.253307 294.066026173296
14.516144 293.950112238754
14.768526 291.678952548177
15.017449 290.546528388948
15.265754 289.177770217816
15.515416 287.765311358219
15.763058 287.472554519614
16.009406 285.389444120907
16.257496 284.89310241169
16.502896 283.229513154773
16.747779 282.399890512979
16.995358 281.325577379966
17.24312 279.980752623139
17.733806 278.772675479804
18.225475 278.014783463181
18.719552 276.944288681308
19.211985 276.358639709698
19.707724 275.382830602571
20.204046 274.875097565131
20.697876 274.136025767207
21.207985 273.59263413329
21.704626 272.891545040643
22.200273 272.373075158962
22.694816 271.735468216441
23.189666 271.275426345593
23.687024 270.638212382528
24.181199 270.216148480363
24.676054 269.630265929118
25.172155 269.161155193756
25.669133 268.716117900457
26.167141 268.309362700994
26.665282 267.782680896288
27.160993 267.420226515175
27.654751 266.939582076466
28.148288 266.485552729108
28.639718 266.010848337694
29.131315 265.712449620646
29.621987 265.213974844436
30.11242 264.853720761823
30.60295 264.3507368994
31.116937 264.013915940721
31.617227 263.564636443086
32.114056 263.236543846819
32.611235 262.796900030931
33.106591 262.537036667281
33.599596 262.077747169127
34.088964 261.781160155897
34.575704 261.367677442827
35.063384 261.107274484268
35.553712 260.718359351936
36.044964 260.391162177951
36.536981 260.007673161575
37.02978 259.779553972316
37.522413 259.2921245483
38.014689 259.078622754786
38.507959 258.555584175484
38.999927 258.28505374418
39.489979 257.821547709728
39.977178 257.659372997705
40.461519 257.147046007758
40.944857 256.794899514779
41.427859 256.428577210115
41.91152 256.167477626126
42.393655 255.759422873831
42.875516 255.419214806515
43.358237 255.082476008087
43.839522 254.855377884935
44.320663 254.468948057492
44.802024 254.253552028601
45.043939 254.203850924139
45.527108 253.691470194073
45.770595 253.42238843771
46.257021 253.132686956415
46.501401 253.017161862781
46.990455 252.349117149906
47.236267 251.647266528052
47.989914 251.199627183783
48.473817 250.88704478651
48.958921 250.418842591405
49.448835 250.02260115926
49.938444 249.722550031784
50.421694 249.42305347689
50.905789 249.167316526271
51.394284 248.970268440211
51.879715 248.690986953874
52.361878 248.523082058671
52.85058 248.21022635898
53.094687 248.055202498504
53.336382 247.505858154075
53.820271 247.290137383439
54.307728 246.996749540848
54.790343 246.816026487786
55.272449 246.55242595266
55.754313 246.416876151908
56.238525 246.133922423844
56.72577 245.979432838458
57.211792 245.798348585435
57.696076 245.590199945544
