time objective
0.238796 3490.5205237415
0.3577 3383.56720301757
0.473992 1507.79596158636
0.590404 1370.51101678845
0.706769 1196.91367982039
0.823622 934.747060420417
0.94075 815.739488328607
1.057736 659.94829135666
1.174985 534.46662514087
1.292675 490.518572752267
1.409287 448.012806980709
1.522927 422.041586191713
1.63365 378.712218918161
1.739549 347.085022138877
1.84089 327.833232770162
1.940801 315.758216377391
2.038479 309.226229984478
2.136329 306.629635824071
2.226473 302.110559025551
2.305603 284.174558428681
2.37752 280.259218168892
2.444855 275.859140831399
2.513024 273.234691686169
2.577969 271.662477764197
2.640787 269.572012715154
2.69895 267.886465336824
2.752454 264.676398336116
2.801223 259.132285350756
2.845863 258.69477065326
2.888831 257.376566935472
2.930974 256.366574603127
