time objective
0.527046 3486.18376508776
1.126025 1619.10547375985
1.699315 1547.13283096925
2.306317 1492.16381187438
2.883509 1450.30108497817
3.452166 1415.36311844096
4.024728 1386.54351696471
4.596792 1357.62875550848
5.172027 1330.39799226183
5.746637 1299.57487141634
6.341837 1269.21878882489
6.923172 1236.2242927248
7.50767 1205.20497880168
8.133968 1174.91713734639
8.805283 1148.18371669462
9.624773 1124.24940769472
10.399094 1103.76791419907
11.197951 1085.96126998804
11.992364 1070.50951558164
12.953803 1064.311893669
14.050471 1042.58947501891
14.989932 1026.41338179649
15.950746 1013.67756531418
16.880669 1003.86468235156
17.974629 988.011235680801
18.981793 987.701099666284
20.083838 965.739866591727
21.16254 953.172101091919
22.267009 945.878055506421
23.221347 931.870401025085
24.295509 926.398872688649
25.426234 911.935654851407
26.482216 906.52754682189
27.657435 893.1842231838
28.690356 886.703338797881
29.743891 875.695413202308
30.742869 867.983407767042
31.709697 866.581798790462
32.70278 850.908263648309
33.615524 845.205379504885
34.587552 835.873815330133
35.452992 830.697341918717
36.38634 815.046897106673
37.268662 809.168852898413
38.129379 806.482020321924
39.003911 795.10215511145
39.758777 790.695009609319
40.557513 777.404172239242
41.325574 773.582556314566
42.150145 760.998354971644
42.919364 755.384257473595
43.761409 745.803849723071
44.530709 741.074625017464
45.392404 721.339121135418
46.127523 716.272927190352
46.996184 714.50409777339
47.835638 714.238374426903
48.772394 699.585089870373
49.661103 691.859563084683
50.555185 691.127880587211
51.5652 676.085898966808
52.270669 666.114475178901
53.114518 664.770976594215
53.958359 662.803853926745
54.831684 660.820529818614
55.710061 657.990929470678
56.641761 655.057908847056
57.487856 651.214082192508
58.34873 647.2780703538
59.163457 642.56397892868
60.097712 637.877082354906
60.946975 632.709321762483
61.778847 627.732271705284
62.583195 622.601983688873
63.444588 617.797861899563
64.269759 613.093386246141
65.096252 608.772767276033
65.919441 604.680864813829
66.717216 600.944911585069
67.587495 597.459716807271
68.44512 594.262139782075
69.307451 591.274793920465
70.137119 588.495005436345
71.016547 585.867907080352
71.922304 583.380406270525
72.739489 582.052971945011
73.576387 578.65555360594
74.327924 575.688191955898
75.107609 573.05563484857
75.897734 570.643981657091
76.681993 569.647985340405
77.485131 566.177128028513
78.356369 563.349631720853
79.181342 560.903698159087
79.967106 560.56444472322
80.832165 556.82374347348
81.83555 553.976392185659
82.801853 551.615557355635
83.735005 550.999080084442
84.717819 547.494422739143
85.550683 544.899976645324
86.370454 542.765960658546
87.160473 541.29697484999
88.001887 538.44768596375
88.850678 536.280121416351
89.662245 535.141736634568
90.569149 532.187702518991
91.426203 530.03738712028
92.302971 528.904037487598
93.137286 526.034050022587
93.924454 524.009768121198
94.678743 522.621200045446
95.468549 520.061122778362
96.213334 520.010007055902
96.971816 516.471379169148
97.733478 514.301201786941
98.452509 513.328714659128
99.170923 510.605420066444
99.904445 508.824367790011
100.646357 507.148153888899
101.44956 505.131734552077
102.244959 503.885896304208
103.032954 501.568477822494
103.78603 500.792202330851
104.577863 498.12209627496
105.309391 497.813359369435
106.111813 494.770434605012
106.894613 493.077868101409
107.63502 491.49349805774
108.421843 489.742069343408
109.206221 488.24140655323
109.964669 486.483405057919
110.677569 485.00932645778
111.456701 483.299452859142
112.196714 481.808358712892
112.920487 480.187915526083
113.590702 480.010706669246
114.343045 475.925913415026
115.086221 474.263870386606
115.772846 472.862614352134
116.464337 472.781052210414
117.212759 469.857210839113
117.898314 469.278063113498
118.599616 466.956319589703
119.280423 465.979797830925
120.042539 464.160957205522
120.744105 462.902983056998
121.465212 462.796716223804
122.215296 460.048104927627
122.857554 459.271889308365
123.570907 457.362490992445
124.317049 456.188774160093
124.932044 455.993003115892
125.505924 453.438167041678
126.059489 452.517640058531
126.617936 450.920888302493
127.179675 450.348843719274
127.821742 447.359918217476
128.411495 446.573079095904
129.021136 444.929348714365
129.567558 444.386071105465
130.151516 441.533206776778
130.724134 440.679407171686
131.32314 439.243722441504
131.859156 438.115322552724
132.444853 435.967224118151
133.002649 434.948433728312
133.54751 434.44249825546
134.101384 432.658816799491
134.615713 432.238216097137
135.226998 429.615470098636
135.761905 428.706604156121
136.353821 428.287604134889
137.006759 426.476739779678
137.648755 425.84831325044
138.310478 423.585456887908
138.874518 423.471885823286
139.429515 420.778376440724
139.99088 419.893370640914
140.610339 419.326920482561
141.252359 417.908438858268
141.888628 416.717160780106
142.658659 415.247277946726
143.216251 414.048331435507
143.885417 412.658055590435
144.518116 412.370058989634
145.313339 408.367181522547
146.047779 407.616789226181
146.666565 407.117877883314
147.366911 407.048492150278
148.055938 404.917054620014
148.666484 404.137250047021
149.384709 402.607917295658
149.995815 401.981962755624
150.730499 398.748771065143
151.486714 398.415230569591
152.267793 396.569467520809
152.819755 396.158206163886
153.602673 392.976957846484
154.260298 392.392196367673
155.017657 390.947408588456
155.649686 389.350690222793
156.430014 387.576669890058
157.066073 386.253361164705
157.907462 384.354994164759
158.653719 383.002883542083
159.538641 381.265357859444
160.165587 380.051321280109
160.948981 375.83321555522
161.720909 375.58422270854
162.633546 373.071326428902
163.520414 371.669504951242
164.631345 368.232018894859
165.403925 366.767855617087
166.378475 363.726888058184
167.077106 362.716560800226
168.216397 362.228890928245
169.263418 360.638251965106
170.348143 359.823185527716
171.345836 358.16008049123
172.245916 357.121526257953
173.265676 355.465536074712
174.202017 354.318396102135
175.157992 352.754378941233
176.098762 351.60111666193
177.043081 350.197498371916
178.001341 349.131754415841
178.853735 347.923242758417
179.692999 346.985812590365
180.520124 345.980033469856
181.385718 345.190477342854
182.183344 344.367726197934
183.019748 343.708113012174
183.956864 343.042383902085
184.906478 342.493941548633
185.69212 341.950834710673
186.366342 341.487294888909
187.042714 341.035251270522
187.718641 340.632513166593
188.388171 340.245393823521
189.060232 340.134592596925
189.766724 339.616873717199
190.49351 339.154912041662
191.220682 338.747818188513
191.950121 338.368878923166
192.650316 338.292442656165
193.402307 337.757397762286
194.137819 337.304656421194
194.906544 336.905453155815
195.694793 336.544111421317
196.449957 336.365442850408
197.331608 335.880282582714
198.185076 335.469563775498
199.057071 335.106246904087
199.731115 334.973483137483
200.430813 334.473144046245
201.106878 334.060568270183
201.740528 333.701835140084
202.391131 333.564667999692
203.019412 333.070549826544
203.684028 332.670843569008
204.306202 332.325869739871
204.896341 332.1263413464
205.570915 331.669002359027
206.256911 331.300094361781
206.870195 331.267462573334
207.491692 330.724324396119
208.112837 330.315621886589
208.737558 329.977550550895
209.328402 329.781786360782
209.952328 329.335360489018
210.600795 328.988051566426
211.268162 328.849045395749
211.9049 328.378043919126
212.541152 328.02192896812
213.143329 327.937106683359
213.807336 327.439133840401
214.460566 327.074640274072
215.102448 327.017447273914
215.79712 326.508957563267
216.496452 326.144565087952
217.13967 326.102278730068
217.844463 325.587818364564
218.561862 325.226478086535
219.24615 325.159464145177
220.006612 324.666303067124
220.899197 324.321138588256
221.874774 324.206305416348
222.674952 323.749340667112
223.38886 323.427207482736
224.00757 323.235081296946
224.695979 322.838442094019
225.504272 322.808794261825
226.242254 322.299372431378
227.010617 321.962801300587
227.687047 321.830889613551
228.417979 321.403683394357
229.110658 321.10860300012
229.765078 320.861920980582
230.430793 320.527654599485
230.99225 320.33611874009
231.648062 319.961519136606
232.329963 319.846076679886
233.016895 319.417456077752
233.697562 319.134299035572
234.263032 318.890501998534
234.939959 318.574466589722
235.532081 318.356200988673
236.195131 318.021579693079
236.784437 317.827554168454
237.421546 317.47773291731
237.991935 317.310490059659
238.549376 316.943552857672
239.069801 316.804570064986
239.62558 316.418032188829
240.107879 316.309695765922
240.612104 315.901640955565
241.088466 315.826206873232
241.590233 315.394153686168
242.068986 315.353807578748
242.572549 314.895227947875
243.080379 314.892007209971
243.582272 314.404374508797
244.114681 314.127843246693
244.606564 313.908815495052
245.120082 313.625182181128
245.605338 313.386866359617
246.125431 313.123787914681
246.617227 312.992848850516
247.182026 312.463173207768
247.743602 312.18171285212
248.272776 311.972041931077
248.844108 311.699843642909
249.355995 311.69636422165
249.94667 311.094762458125
250.531445 310.797062633328
251.123733 310.608948759335
251.735825 310.330694470072
252.324979 310.104801065052
252.943047 310.059496886898
253.714067 309.640756115676
254.513648 309.522190303037
255.422805 309.178787093888
256.238463 308.996388853009
257.021957 308.722765841628
257.671876 308.624202855214
258.542717 308.120626473772
259.606065 308.057781275513
260.699824 307.660052033757
261.620872 307.515927731386
262.52038 307.211736886372
263.159217 307.004404354348
263.816616 306.954424563057
264.537135 306.560560652073
265.197482 306.406073464301
265.948491 306.129110848015
266.673429 306.015213435272
267.443199 305.553442868622
268.188052 305.434163449235
268.97767 305.117525927041
269.711141 304.921072664143
270.408687 304.856535210811
271.21253 304.495513360532
271.910641 304.322399685428
272.575446 304.293117956613
273.328729 303.895508941765
274.052854 303.741438269754
274.820853 303.492710873564
275.495869 303.270203631914
276.226847 302.931503107021
276.935069 302.7447058324
277.596873 302.669709880269
278.351788 302.338497413416
279.031532 302.154841509873
279.788451 302.047713177083
280.569789 301.761020021291
281.335327 301.651751890429
282.086966 301.244493150377
282.853441 301.084781119722
283.598165 301.068795106278
284.447259 300.677259868029
285.16031 300.5158552021
285.909342 300.441421807789
286.548521 300.12675335745
287.129658 300.073985713587
287.732738 299.640348426643
288.45182 299.488719024565
289.109681 299.467315343443
289.841851 299.092491749237
290.521929 298.928127525927
291.198312 298.822404503892
291.896423 298.563662098166
292.532883 298.365886167206
293.333246 298.0770963698
294.009415 297.89344721126
294.776704 297.592938995249
295.37138 297.429209112739
296.107849 297.116491502362
296.753318 296.972426973692
297.441354 296.647936840597
298.051619 296.520383956748
298.758396 296.186504781509
299.408664 296.068471054028
300.119723 295.730942841042
300.702503 295.612354784309
301.314717 295.280518177453
301.949324 295.147590868538
302.585305 294.834346823978
303.175836 294.667413476088
303.818191 294.391362264866
304.409148 294.33006770443
305.032144 293.717598009482
305.63955 293.594677041083
306.248811 293.371224495254
306.791677 293.031754863374
307.435378 292.67206717003
308.018314 292.53495634302
308.62837 292.255420604866
309.124508 292.101241019615
309.688171 291.608457578361
310.269703 291.463014633845
310.817049 291.372437198351
311.336996 291.328620714175
311.876673 291.021624769415
312.348773 290.853325957765
312.843932 290.833933009043
313.355738 290.500803996947
313.801502 290.365219824559
314.272314 290.364292188447
314.768642 289.997918582066
315.209682 289.884926272899
315.702051 289.636201059076
316.091636 289.598202305236
316.585813 288.617617505242
317.06912 288.523258331737
317.585405 288.267926873646
317.980813 288.070061325445
318.477556 287.264700419244
318.95539 287.143475223292
319.439168 287.096597868688
319.954751 287.092615704814
320.496568 286.717060224461
320.990618 286.575752126896
321.504642 286.525794403581
322.009708 286.495313003533
322.552762 286.155879085779
323.004376 286.111510345554
323.5286 285.649065495993
324.001732 285.516314779244
324.506904 285.486665181273
325.009446 285.468133426812
325.540986 285.088168382155
326.006084 285.082113248523
326.56898 284.605225277774
327.071678 284.468237940797
327.603683 284.424031109054
328.140982 284.377890622022
328.706624 284.059202619035
329.184332 283.876731947657
329.744366 283.575380904429
330.153636 283.537576356338
330.719818 282.037913481164
331.269202 281.930961320665
331.816676 281.910681998448
332.398959 281.589044798209
332.8919 281.56964913216
333.502224 281.165012954145
334.066441 280.963015898981
334.661045 280.943509357576
335.34789 280.903686911134
336.016704 280.532383629702
336.516818 280.3488655702
337.123987 280.316793186624
337.698568 280.256108558789
338.363982 279.929305948586
338.812819 279.68004627881
339.457101 279.209510448087
339.90557 278.8880887037
340.543201 278.467423461087
341.019848 278.191280817205
341.634613 276.055419900246
342.222057 275.913266991367
342.752579 275.834494538852
343.309394 275.761872501249
343.873439 275.700078199693
344.50689 275.616418582007
345.184599 275.554454969036
345.758867 275.467867198856
346.392719 275.401376728783
346.984704 275.31348556904
347.632215 275.241672662125
348.234942 275.1531498669
348.808806 275.075695543363
349.410688 274.985432719451
349.967272 274.902509994605
350.513648 274.809349198477
351.051342 274.721145509197
351.619661 274.625827347157
352.154499 274.533708001909
352.691846 274.440564171586
353.229761 274.351419417458
353.732414 274.328811011929
354.272256 274.23369610077
354.859036 274.134609935118
355.412279 274.041127382372
355.965152 273.950202522813
356.500306 273.86425376024
357.022422 273.805376490104
357.652994 273.708149614837
358.327662 273.615674066618
358.968699 273.529287308383
359.542378 273.471344364294
360.079578 273.374210330583
360.660005 273.282654047265
361.260746 273.197635631975
361.834666 273.132935219283
362.454846 273.036544389481
363.026103 272.948085207058
363.563384 272.925703459894
364.116447 272.829832976671
364.650139 272.731684631744
365.197229 272.642997032916
365.762801 272.55780710018
366.277165 272.512731234391
366.863735 272.414106636949
367.45722 272.323307738583
368.012025 272.239949662116
368.509281 272.176068712198
369.035557 272.080669870846
369.556798 271.99650667544
370.049926 271.947132350884
370.571738 271.85227743066
371.091128 271.763418888902
371.609946 271.683948530085
372.100116 271.607408467543
372.617423 271.519071759833
373.12575 271.491106764527
373.642549 271.39496868307
374.15702 271.300603700544
374.671297 271.216686789527
375.157857 271.17970249161
375.671984 271.083972386019
376.184631 270.993932368991
376.693534 270.913930263234
377.174496 270.848061510573
377.682997 270.758739379775
378.196081 270.74430890373
378.697519 270.646601918226
379.234627 270.550478700289
379.725812 270.46638413865
380.183193 270.434633627179
380.668797 270.338137441849
381.153511 270.248815865025
381.626747 270.170827889175
382.074225 270.099799497929
382.546486 270.014172936187
382.992969 269.96971078016
383.498819 269.875614712835
383.971653 269.792098587417
384.416386 269.763956917085
384.914695 269.66307521077
385.392944 269.577340941521
385.843309 269.554953627345
386.353241 269.455696349525
386.840774 269.367042231805
387.356808 269.291133773655
387.861595 269.217529444971
388.365669 269.135736521276
388.870097 269.07208531453
389.384319 268.985577017845
389.85338 268.944585902238
390.353356 268.850125125547
390.85886 268.769548297594
391.32647 268.728599683932
391.823237 268.63271186666
392.316833 268.555974986391
392.783973 268.492815033862
393.275078 268.408810130792
393.752491 268.357468458802
394.27684 268.267745207667
394.771472 268.247292854325
395.28746 268.14824552175
395.810222 268.062072913465
396.303767 268.056653362849
396.810098 267.95079450167
397.358817 267.863828666864
397.835018 267.854078640351
398.356985 267.752003318323
398.860078 267.665487146232
399.334108 267.662531256336
399.83938 267.556015041028
400.404757 267.469559240911
400.940848 267.457803240917
401.539551 267.35643870929
402.051377 267.272272357422
402.602593 267.255147649757
403.228971 267.153186490443
403.714137 267.073715592294
404.169123 267.028643362873
404.665657 266.940740508655
405.120703 266.907755437027
405.601586 266.813486889888
406.056 266.813146066231
406.555749 266.708857369021
407.050873 266.619713831441
407.595306 266.548200419113
408.030279 266.547968599184
408.534114 266.438587868984
409.024698 266.329196073898
409.512905 266.245357052127
409.973825 266.206797785206
410.460883 266.117586725921
410.925245 266.091555518361
411.41417 265.996889196024
411.904058 265.922573758519
412.364323 265.872112612924
412.853913 265.791317396151
413.313876 265.732682627627
413.805008 265.656127643507
414.239423 265.653871909941
414.726838 265.541423475721
415.216251 265.437224547384
415.723121 265.360078300813
416.187925 265.300715873769
416.692503 265.227255214739
417.126789 265.206276630402
417.615374 265.097123619485
418.108906 265.002289044838
418.59656 264.932479888044
419.03142 264.899952934104
419.520519 264.793339271211
420.010578 264.704724713752
420.475327 264.689280241951
420.968452 264.592128322943
421.484863 264.582439798394
421.980364 264.481380802251
422.473713 264.407068142467
422.944294 264.362658633455
423.441979 264.283250335293
423.912584 264.225595180119
424.414693 264.155152689623
424.859925 264.10005061783
425.36459 263.9997165819
425.84074 263.995399462766
426.349312 263.892891560296
426.858698 263.813292659309
427.339415 263.773738912889
427.848338 263.693876005731
428.328027 263.639275951335
428.838483 263.569772636437
429.289481 263.525848461571
429.797252 263.424402195493
430.310671 263.349511971535
430.796567 263.306172168044
431.308811 263.231416663001
431.798622 263.172067608651
432.278417 263.151673054135
432.790177 263.061269675989
433.272977 263.027404971096
433.782233 262.943649825574
434.263329 262.897033029034
434.773472 262.82343491047
435.225075 262.813464203198
435.733941 262.702720380327
436.246832 262.61886714877
436.730664 262.596324885479
437.242096 262.508993482837
437.723673 262.471140111982
438.23732 262.391715395182
438.717147 262.336460438203
439.201336 262.323985852128
439.713335 262.230181005173
440.195474 262.201454556481
440.70358 262.116175884985
441.188517 262.072211125005
441.696054 261.999421555172
442.146545 261.981559539171
442.654254 261.874158045302
443.165705 261.798125199163
443.683562 261.760604060445
444.19525 261.68753086202
444.691652 261.631430196226
445.192197 261.603221281477
445.719353 261.522596902049
446.216015 261.472888038939
446.74001 261.409207994554
447.205461 261.337972140364
447.727686 261.255536747647
448.214527 261.204683896591
448.717836 261.141475173844
449.164854 261.066689766273
449.666581 260.987709989492
450.140087 260.933935545195
450.615558 260.918630013224
451.117152 260.830248873658
451.624703 260.789697168796
452.127549 260.718885813647
452.575327 260.672639301981
453.079322 260.579965387758
453.554101 260.539281991834
454.057228 260.46609451309
454.503592 260.43837219003
455.002846 260.337625936062
455.477851 260.311728042055
455.977654 260.225608806683
456.451719 260.180911094133
456.948661 260.114665742649
457.380726 260.052743579166
457.867866 259.970787276467
458.326291 259.918961591914
458.786519 259.901526230652
459.295486 259.816699831636
459.756066 259.770622076719
460.222425 259.767805121229
460.718382 259.672786855845
461.187418 259.640506287983
461.719496 259.565533460296
462.160165 259.540802694393
462.658604 259.441415257631
463.130057 259.408965113002
463.624485 259.33056535114
464.092253 259.278841265592
464.558382 259.252085365684
465.040788 259.17730108611
465.464505 259.164700894835
465.943405 259.061544441166
466.391038 259.038213988929
466.861908 258.952920959921
467.307195 258.908785341984
467.777685 258.847750571141
468.166691 258.834393768889
468.633277 258.69779657886
469.101294 258.595759542136
469.600508 258.533318947659
470.018912 258.472377111055
470.489692 258.396930562841
470.906765 258.369066606933
471.378852 258.274192343012
471.831281 258.236789613683
472.313515 258.167710640854
472.738614 258.119494950104
473.237727 258.037241538341
473.706215 257.989220810655
474.224179 257.969622157825
474.721493 257.892650660614
475.198856 257.844507012176
475.658569 257.809576874415
476.166214 257.748141599475
476.597984 257.685426709436
477.08722 257.616046780407
477.518703 257.563715889477
478.008399 257.486629639887
478.443533 257.464354155781
478.933298 257.369451178055
479.398956 257.331825016291
479.890943 257.266486389447
480.328535 257.207929751461
480.829464 257.13731845785
481.275472 257.090211626278
481.777339 257.012038445325
482.22164 256.993876930092
482.72167 256.898458607829
483.197084 256.861436052337
483.698805 256.797487684319
484.145051 256.736184413932
484.648294 256.670814230574
485.094981 256.609197125593
485.598094 256.54478682372
486.015392 256.532745868304
486.536842 256.399265794012
487.045814 256.315616030113
487.525045 256.292608273537
488.033812 256.225282340114
488.483318 256.199033709284
488.989562 256.114069086215
489.46964 256.068987341271
489.94827 256.042160856554
490.45538 255.978923023007
490.902272 255.924595287274
491.436103 255.859723953691
491.868653 255.84424024397
492.386308 255.71290793989
492.893181 255.635471944352
493.374478 255.606556163491
493.852358 255.606315024041
494.368164 255.517358462442
494.84739 255.479214292016
495.32796 255.46474509027
495.837028 255.390301166494
496.288662 255.372003478087
496.799647 255.284541730688
497.282429 255.240193987384
497.764495 255.212861409761
498.272819 255.152941490922
498.694303 255.140141166309
499.210466 255.01138015029
499.703004 255.004611192173
500.210932 254.906967631208
500.691861 254.871173961484
501.204258 254.812667158938
501.624754 254.744767691545
502.133288 254.641462265564
502.617768 254.605877438083
503.126931 254.545517466188
503.548648 254.487127444142
504.059827 254.379754408774
504.541338 254.346566346188
505.053414 254.282384458095
505.47761 254.254062014377
505.988197 254.132770851561
506.471796 254.110951111395
506.983513 254.030337630536
507.438401 254.011219863676
507.949242 253.925457477167
508.403945 253.916260978226
508.948205 253.823461773183
509.429832 253.783368289367
509.913039 253.764872197047
510.42715 253.698715992586
510.881754 253.65596494653
511.398864 253.59236160097
511.826678 253.534553103693
512.339689 253.431219020206
512.826167 253.393076300457
513.307918 253.388679009447
513.82169 253.304803761897
514.274423 253.303380873218
514.784195 253.211132983887
515.263013 253.171493422636
515.743213 253.150687948277
516.269123 253.089022492043
516.725294 253.036974749278
517.207836 253.026874955886
517.722057 252.95002235983
518.176602 252.928018123874
518.687753 252.850988853867
519.138956 252.813112241879
519.649602 252.744810317738
520.071309 252.717842338502
520.580326 252.60011949336
521.062243 252.570880783215
521.573041 252.503163701848
521.995761 252.487945267901
522.504374 252.365987127737
522.985602 252.339468631817
523.49757 252.267845314836
523.948171 252.221839774119
524.460538 252.164100519743
524.854044 252.123137821375
525.363389 251.951675267613
525.874474 251.850701971028
526.356953 251.840973649691
526.868429 251.767081990098
527.32252 251.760545260983
527.835096 251.676429225272
528.288119 251.656110592141
528.796392 251.579009037919
529.249949 251.537935061296
529.761802 251.477846245236
530.157031 251.436491245913
530.666416 251.271899021369
531.172924 251.176821562354
531.647897 251.160279374923
532.153875 251.094427670769
532.60168 251.058951929015
533.10985 251.001794708171
533.500775 250.996937598283
534.008318 250.818287827629
534.5156 250.716482046662
535.010247 250.70669355919
535.535101 250.635327949864
535.982939 250.621088086854
536.490097 250.547611598609
536.938092 250.505488740956
537.42113 250.496354037771
537.910539 250.423986915305
538.340567 250.392479146755
538.824354 250.335050441893
539.215332 250.269210265171
539.759893 250.118577881663
540.273891 250.10546769204
540.814679 250.013894980249
541.293529 250.003411421003
541.83339 249.923133849294
542.316368 249.885125089301
542.815792 249.883767526438
543.341896 249.803742958509
543.786931 249.794845068044
544.275392 249.720621959439
544.680138 249.697402340182
545.18062 249.593328759414
545.660172 249.554461951095
546.151175 249.530194690775
546.625798 249.516069753368
547.137196 249.454063687314
547.566191 249.429581681529
548.087236 249.331135359147
548.541049 249.319505666334
549.042027 249.239561097705
549.458276 249.232954842036
549.960282 249.120129955688
550.432452 249.082584527426
550.900788 249.06416192918
551.378593 249.061094519344
551.884879 248.983543531367
552.339201 248.959572203608
552.851337 248.899834104833
553.246358 248.784611796706
553.757341 248.670769811964
554.297648 248.633251832851
554.77519 248.614390373578
555.252818 248.608813434565
555.762524 248.535663152123
556.214518 248.504573213369
556.694722 248.492685237945
557.217369 248.427198645389
557.662386 248.389284019101
558.138362 248.370489778121
558.628314 248.357155224381
559.13836 248.294837369545
559.564196 248.278973007209
560.077658 248.181110265358
560.538414 248.167007604117
561.05905 248.094667836339
561.497804 248.048437387343
562.042581 247.968604444573
562.49388 247.945967329747
563.049024 247.8494742237
563.545358 247.829712620774
564.116935 247.76335559878
564.547407 247.72207094418
565.114043 247.578827571372
565.643881 247.552074190991
566.25447 247.484247732648
566.712399 247.467863090664
567.305947 247.314350902053
567.843509 247.292350968237
568.428621 247.214554647667
568.90769 247.191461298435
569.482168 247.099765136419
569.993855 247.07086666361
570.554841 247.068493952244
571.136834 246.994603852839
571.67299 246.974508812036
572.240781 246.965512204262
572.831779 246.898899764624
573.347416 246.86579674849
573.911439 246.846591861183
574.496814 246.829011382296
575.086129 246.824240545051
575.72794 246.755435072457
576.261285 246.724911628609
576.849186 246.704363031017
577.443979 246.690178233138
578.037896 246.685333865415
578.67544 246.613397684774
579.236552 246.585732015271
579.835949 246.57150867947
580.437307 246.562681489773
581.060166 246.496245693951
581.626145 246.462413689255
582.197112 246.442742663697
582.773816 246.424092999618
583.386464 246.415814441599
584.004616 246.352696789017
584.54876 246.344195238602
585.175748 246.253231127408
585.721981 246.217369608336
586.274934 246.20080068206
586.836077 246.192705130704
587.426969 246.126034642348
587.917941 246.117864614022
588.517081 246.027137490131
589.002456 246.026503528771
589.583725 245.923317317918
590.100344 245.900831528627
590.680778 245.839970613855
591.057888 245.671728442012
591.62975 245.364299448368
592.232712 245.167713087377
592.806536 245.070889717337
593.306838 245.051114754728
593.867195 244.986591573571
594.332528 244.841916167229
594.985974 244.538339703949
595.670196 244.354883127735
596.221042 244.266580251244
596.671037 244.26498997286
597.220523 244.164656220264
597.707265 244.133151893728
598.294676 244.11672657016
598.949928 244.105747040669
599.541495 244.103636539899
600.222909 244.031097150359
600.811887 244.006898567634
601.409388 243.988425809946
602.013699 243.968859701203
602.607195 243.953125213237
603.164595 243.93661182645
603.732483 243.92673853334
604.271858 243.921012136902
604.803189 243.853928272172
605.282759 243.825958193364
605.804854 243.805330511461
606.300475 243.783718857363
606.790728 243.763534738308
607.275958 243.741608020712
607.764626 243.721027404202
608.256838 243.698782492771
608.744783 243.67770630808
609.237106 243.655070421933
609.735001 243.633460973844
610.234411 243.610652005525
610.740207 243.588688591445
611.244625 243.566093092351
611.713393 243.563606065234
612.203942 243.551509420226
612.690422 243.547764138598
613.241251 243.478276252838
613.759919 243.450095388207
614.290332 243.426964938535
614.851799 243.405741602954
615.346834 243.383223219443
615.861886 243.361664111551
616.380108 243.33911311135
616.947076 243.317408300473
617.499792 243.295303586193
617.961091 243.286504961314
618.450422 243.268963002083
618.948737 243.255310787039
619.449721 243.244482489346
619.949537 243.24256656807
620.482503 243.172102577491
620.947981 243.147378463217
621.446525 243.124934372737
621.9487 243.104480267345
622.457258 243.082660755269
622.964458 243.061727473094
623.474783 243.039512691996
623.971799 243.018306145262
624.471024 242.996481263044
625.009468 242.975402027015
625.472912 242.963637155822
625.968019 242.947048789454
626.454218 242.929215851678
626.952551 242.915830202034
627.451528 242.901315064481
627.943093 242.89410225736
628.444807 242.891033628034
628.967893 242.819850738711
629.435505 242.796297414698
629.938576 242.776717552752
630.439158 242.755904929105
630.966387 242.736304622309
631.467271 242.714898560682
631.961899 242.694549487226
632.46125 242.672777537976
632.95079 242.651955495226
633.450562 242.630531979619
633.949661 242.609893925328
634.420116 242.599381608735
634.923339 242.582862152785
635.425615 242.56497750117
635.944994 242.550994623591
636.445894 242.535387639159
636.94191 242.525380115207
637.442618 242.51651767187
637.970377 242.45605888832
638.413085 242.430498218564
638.918637 242.428469281615
639.454922 242.357896838477
639.923721 242.339029190595
640.425255 242.31801756565
640.959574 242.298414654024
641.475054 242.277526973436
641.974481 242.257374372151
642.476014 242.236061384977
642.966156 242.215703647152
643.46238 242.194920453525
643.935774 242.192488626246
644.436912 242.176324712069
644.94406 242.163460966868
645.442468 242.153179261064
645.941898 242.149475351576
646.473023 242.08219821725
646.914785 242.080733621147
647.452722 242.008136623269
647.807365 241.841211191258
648.35599 241.603678496527
648.863669 241.6004452454
649.403545 241.471211760482
649.880171 241.470689035133
650.418605 241.398411490054
650.743218 240.970877163471
651.282492 240.65392504474
651.823693 240.490588870477
652.365013 240.41953170182
652.564064 238.209310956338
653.034051 238.205126520079
653.610292 236.104025594608
654.151038 235.481949265897
654.716549 235.18554857925
655.229339 235.079832976214
655.786549 234.625536378981
656.29375 234.455006530799
656.867147 234.142559432031
657.338167 233.953540936817
657.910615 233.644691725891
658.400035 233.504667539123
659.039529 233.30281749916
659.473352 232.972037580844
660.127318 232.695196556096
660.575598 232.388130345755
661.05671 232.259512851609
661.653895 232.178141578252
662.25774 232.123906988599
662.842516 232.075993971945
663.461114 232.040836865638
663.993829 232.020959357217
664.556673 231.991146373982
665.121423 231.980499284774
665.68292 231.953121183732
666.197415 231.943489654343
666.740932 231.9200562182
667.246449 231.908014712518
667.772437 231.890352073957
668.228784 231.881796916795
668.741245 231.855386038046
669.216251 231.848656582778
669.71638 231.828566645209
670.172495 231.817502224649
670.6232 231.815872020016
671.101453 231.79355947347
671.534937 231.783653211675
671.96404 231.781301697872
672.422934 231.760233633621
672.848424 231.751231144299
673.304935 231.736829003271
673.705181 231.723725705912
674.174212 231.70608872252
674.613324 231.704627620242
675.109723 231.679546982575
675.564879 231.673766359979
676.062996 231.656497608753
676.555796 231.646286019807
677.076216 231.641480613904
677.723901 231.624990927984
678.323703 231.620261952255
678.824119 231.597691261564
679.267636 231.5883899428
679.711043 231.584948838114
680.177991 231.567984724122
680.608096 231.558990358996
681.049393 231.556463402866
681.517246 231.538826293613
681.957429 231.529633247617
682.390493 231.523696202697
682.852663 231.510514508702
683.26034 231.502371470579
683.728968 231.485453862724
684.162844 231.476683023257
684.59978 231.472950097784
685.064993 231.457956245066
685.476907 231.453813319369
685.94486 231.433912701669
686.380612 231.425148377153
686.81278 231.420071576053
687.274492 231.407277612871
687.679855 231.401130190994
688.139747 231.384293707951
688.572787 231.376447662337
689.007959 231.374503436371
689.471545 231.358725453117
689.907207 231.350625662586
690.341149 231.345096094384
690.804385 231.333880437079
691.209326 231.32468280403
691.671992 231.311242526609
692.078319 231.307206879646
692.537797 231.289989586274
692.971031 231.283259472439
693.431942 231.273206053938
693.809709 231.271644884257
694.270533 231.244788211357
694.732579 231.231424115356
695.167777 231.227110195004
695.630517 231.215573751789
696.036558 231.20926918431
696.498385 231.194467837085
696.904015 231.190506546752
697.36451 231.173744057384
697.798044 231.166295593827
698.228312 231.161619257594
698.68778 231.151317853805
699.091217 231.144033946157
699.552431 231.131356606928
699.956014 231.129980401928
700.416525 231.113008294106
700.850033 231.107782495876
701.309749 231.09751033013
701.714727 231.090171813939
702.173924 231.078023603563
702.576182 231.075894739399
703.03424 231.060024125796
703.465942 231.054544405755
703.926075 231.045202630934
704.32896 231.036585530322
704.788859 231.026093914614
705.192939 231.020021869613
705.653679 231.007643395785
706.084044 231.001020575461
706.521272 230.997497738401
706.982097 230.987173362672
707.388613 230.980372235311
707.850173 230.968404956308
708.254425 230.961478612638
708.717821 230.949571763173
709.125516 230.942630508135
709.58682 230.930880583461
709.9935 230.923889076301
710.458036 230.912351876124
710.86367 230.905227621147
711.326639 230.893957741153
711.734132 230.886609843063
712.19654 230.875692812138
712.60333 230.867980355056
713.084144 230.857590944172
713.494342 230.849565392878
713.960287 230.839837471986
714.339777 230.839491575085
714.804822 230.815726200324
715.244634 230.81457518728
715.712263 230.799986930278
716.150516 230.794565304352
716.584089 230.791959802223
717.050337 230.78204148519
717.460801 230.780733590719
717.928452 230.766847579382
718.366205 230.76209100547
718.832471 230.754189166659
719.242368 230.746210273885
719.706984 230.737603252366
720.113854 230.730633833017
720.583022 230.721219747797
720.991129 230.716360071494
721.45612 230.705357471176
721.898694 230.699669741761
722.346416 230.696527824227
722.819797 230.687702240571
723.237534 230.68144780057
723.71187 230.671451971434
724.126691 230.664779923916
724.601848 230.655095076545
725.014946 230.647865898434
725.475899 230.638807040744
725.880848 230.630802469549
726.312475 230.630720657443
726.774022 230.618711584243
727.207612 230.614436323633
727.670892 230.606930878499
728.076816 230.599558812972
728.539193 230.591291093834
728.94471 230.585181513081
729.406533 230.57607693089
729.811417 230.572242499844
730.272658 230.56141764508
730.709003 230.556267144328
731.14756 230.553896543124
731.609494 230.54494306119
732.017492 230.540656366238
732.484859 230.529983035837
732.891288 230.525787762557
733.354783 230.514961420246
733.763103 230.510947573416
734.227761 230.500105590467
734.634881 230.496248812044
735.101586 230.485337888233
735.510025 230.481719676172
735.97154 230.470667942659
736.378577 230.467445319928
736.840107 230.456117900166
737.246888 230.453552061043
737.713543 230.441714527664
738.121639 230.440375259068
738.587602 230.427560754808
739.036553 230.422531151569
739.526978 230.419300525461
739.991405 230.41226416684
740.401671 230.406712963277
740.865773 230.398444455581
741.277737 230.394653784032
741.776145 230.384942511064
742.216485 230.380083497928
742.655998 230.377294126834
743.1223 230.369823444096
743.535067 230.363855858353
744.003723 230.355855493255
744.418896 230.348963302525
744.859157 230.348793794072
745.326457 230.338295278699
745.764577 230.334354299601
746.207862 230.334282735098
746.677301 230.323738243188
747.11821 230.319268477723
747.557793 230.316453173664
748.033674 230.309365415042
748.449507 230.304668396022
748.918757 230.29624200526
749.32906 230.293298615902
749.803155 230.283444923862
750.247888 230.278882916747
750.694364 230.276442138633
751.162345 230.268975806289
751.575371 230.263916791713
752.045253 230.255835121712
752.459054 230.249880509222
752.930866 230.242660854366
753.318375 230.240009058621
753.791375 230.222913844333
754.23481 230.219738426623
754.705934 230.211961873324
755.118999 230.206716846034
755.592755 230.199083397377
756.00646 230.192717739839
756.452365 230.192362750667
756.931496 230.182780858574
757.378026 230.17894402541
757.825685 230.177930050313
758.309032 230.169217898911
758.733421 230.168283215532
759.210758 230.157199931862
759.66334 230.152768161992
760.116609 230.149757366383
760.599912 230.14385600595
761.023069 230.137825797904
761.503234 230.131547388115
761.90232 230.131505654872
762.381848 230.114724765456
762.828811 230.114487236742
763.311391 230.103873128326
763.769624 230.100353276787
764.259811 230.094646088456
764.656725 230.092422543023
765.145312 230.077412843216
765.60321 230.075918228479
766.090663 230.067188655126
766.544245 230.063154118682
767.003278 230.060828188147
767.493209 230.054339515182
767.949956 230.049040515885
768.497624 230.042507511494
768.89853 230.038952389555
769.390693 230.024044948631
769.854388 230.020658234834
770.346045 230.014460678735
770.747767 230.011897819815
771.239759 229.996446525295
771.696314 229.993280651938
772.198984 229.986744178318
772.601811 229.986741717118
773.096649 229.969742408092
773.5669 229.967202601836
774.062397 229.959542825793
774.494472 229.955659855215
774.988914 229.948077215878
775.423872 229.943054213161
775.916561 229.936545925318
776.32088 229.933286246128
776.811773 229.918704096224
777.278037 229.91531825824
777.745902 229.914973637922
778.242388 229.906352121732
778.708699 229.902760642971
779.173287 229.901242034728
779.666388 229.894117242054
780.10288 229.890640519883
780.600335 229.882963075661
781.03854 229.878352876596
781.538834 229.871711591117
781.964547 229.86972960886
782.463412 229.854642919552
782.94601 229.851546400182
783.444245 229.84536454704
783.855725 229.843974986846
784.354526 229.828617802759
784.824467 229.825626023984
785.367941 229.819289850259
785.776892 229.819108339449
786.282885 229.803026819268
786.755689 229.800330681954
787.256719 229.793474944453
787.705572 229.788802779729
788.213433 229.78257160101
788.625793 229.779194005106
789.135999 229.76547363332
789.621708 229.762111948174
790.105712 229.761297228322
790.630418 229.753613223814
791.127768 229.749944055835
791.650066 229.747609002631
792.173591 229.747354920225
792.733124 229.739072571577
793.254344 229.735585185592
793.771881 229.733803060879
794.325128 229.727472218475
794.81443 229.723047122547
795.362524 229.716852567443
795.801626 229.713205255379
796.342981 229.700000998138
796.830399 229.696576841968
797.323626 229.69542597493
797.857721 229.688346372115
798.328692 229.687570064459
798.862667 229.678569225705
799.361485 229.675084636651
799.844323 229.673486881042
800.331685 229.667017875872
800.761648 229.663035870446
801.233345 229.656568621801
801.613698 229.654758470022
802.143303 229.640443488804
802.594268 229.637353017011
803.027953 229.637240158456
803.499256 229.628954023731
803.961877 229.625619215767
804.403587 229.624105734012
804.881902 229.617632377238
805.286692 229.613761441001
805.751084 229.607304418647
806.128877 229.605728413291
806.599628 229.591460949202
807.044196 229.588418547493
807.476587 229.58832385828
807.936374 229.580146065672
808.368504 229.576878871422
808.802526 229.575351753722
809.26358 229.569088405189
809.67157 229.565080960236
810.135491 229.559012018482
810.516473 229.5557730271
810.984226 229.543097781203
811.424412 229.539819973585
811.869077 229.538557992852
812.346464 229.532103120494
812.767464 229.530299058976
813.273454 229.522689027539
813.69023 229.522045105051
814.166263 229.513413614951
814.612502 229.510096402834
815.0667 229.508432573528
815.544549 229.502727703388
815.97184 229.498464543793
816.429297 229.498235841488
816.915071 229.490601922267
817.375603 229.487442395921
817.840035 229.48564931049
818.336537 229.48022926988
818.774778 229.475573784423
819.243391 229.474780017709
819.743404 229.467935141356
820.175434 229.467732141288
820.667398 229.459162310429
821.129917 229.45598871075
821.592515 229.454406513249
822.087967 229.448722806829
822.524659 229.444550654591
822.990788 229.444223688029
823.503533 229.436774144717
823.978891 229.433616781782
824.456017 229.431716174454
824.916922 229.431596599296
825.413907 229.423994446794
825.859416 229.420872339617
826.307868 229.419076200045
826.784326 229.413790598112
827.177522 229.413088740082
827.659719 229.399566486544
828.11017 229.396562194473
828.568984 229.395782028175
829.051905 229.389056073426
829.468797 229.38862528051
829.964111 229.38041511188
830.434962 229.377244223275
830.883624 229.37549625102
831.377236 229.370222223918
831.770465 229.369639705628
832.247398 229.356189957831
832.693931 229.353207459954
833.144096 229.352420913307
833.618894 229.34577645381
834.034749 229.345202547901
834.508907 229.337188940189
834.9557 229.333992752828
835.409637 229.332060699221
835.859289 229.331748686164
836.337056 229.324546082017
836.783278 229.321406768537
837.234274 229.319339529531
837.682135 229.318721047109
838.162367 229.311944935947
838.57979 229.311724006631
839.055887 229.303477737127
839.503984 229.300343398817
839.955807 229.298548233468
840.403847 229.298540430472
840.888467 229.290999234197
841.340398 229.287977935396
841.796059 229.286219804438
842.278317 229.281103968037
842.673626 229.279847660977
843.16083 229.26717442353
843.616651 229.264122888286
844.075101 229.262950888446
844.562582 229.257027894739
844.985981 229.254904119312
845.478406 229.248405362476
845.903544 229.246180040613
846.395831 229.239706302761
846.820268 229.237316902866
847.305485 229.230999385913
847.727851 229.22834852197
848.209788 229.222294652195
848.631738 229.219189189666
849.116632 229.213564963561
849.542074 229.209770578138
850.027203 229.204796909535
850.427789 229.202834546009
850.909919 229.191678204816
851.368191 229.189298137384
851.854603 229.184346976418
852.254923 229.183355678842
852.743354 229.171606417093
853.2005 229.169447642398
853.687918 229.164120667742
854.110293 229.160258604966
854.593678 229.155497073841
854.985453 229.151673238906
855.468961 229.141975323095
855.921072 229.139178325479
856.377668 229.138321580034
856.85724 229.132117416691
857.283849 229.129392463529
857.763245 229.123557321476
858.168562 229.120820500659
858.659775 229.109837814301
859.129494 229.106698599001
859.64436 229.1048060431
860.143986 229.100310692323
860.546162 229.098388442261
861.040796 229.087643495157
861.500094 229.085257761054
861.983344 229.080583015815
862.376199 229.078145737566
862.85495 229.067798954648
863.296273 229.065257841632
863.745978 229.065112621635
864.221153 229.058108221127
864.642668 229.057132114885
865.121424 229.049856284771
865.548306 229.046664918134
866.024338 229.041393120408
866.418558 229.036644873618
866.902034 229.027642562621
867.326709 229.02615041417
867.808472 229.019175041776
868.233266 229.015640371763
868.681158 229.015392648353
869.16644 229.008568216509
869.613956 229.005674731512
870.064664 229.003603766426
870.516413 229.002582980393
870.996622 228.996996918402
871.417741 228.994613097464
871.907839 228.988995227616
872.331024 228.985574128913
872.811118 228.980840466361
873.202988 228.977857275752
873.684761 228.968268852514
874.137132 228.965569150252
874.588478 228.964524729322
875.064664 228.958961961847
875.489223 228.955699814247
875.975144 228.955490315322
876.481359 228.948751630508
876.942966 228.945909727487
877.394993 228.943801307902
877.846051 228.942642752678
878.35202 228.937426300224
878.789323 228.934493641787
879.308962 228.929590601051
879.734237 228.927521755578
880.21249 228.91752539553
880.658635 228.914968407205
881.1072 228.914282259201
881.579227 228.908327803741
881.997558 228.905799306673
882.468433 228.900521158634
882.861486 228.896769483194
883.340109 228.887745390263
883.763272 228.88656883795
884.260376 228.879741010393
884.754261 228.876372075529
885.238315 228.875953811219
885.722866 228.869678751692
886.18675 228.869192832821
886.772801 228.862280810249
887.251066 228.860924183965
887.809657 228.854655192433
888.286259 228.852178010144
888.808499 228.846963856244
889.194622 228.846655564724
889.67141 228.835682828864
890.112532 228.833421469783
890.604962 228.829044907057
890.990574 228.825395275246
891.46591 228.816965436778
891.908193 228.814195081969
892.355755 228.812440763307
892.80268 228.8117551664
893.28003 228.806148044583
893.69753 228.804223121451
894.171267 228.798828195877
894.583505 228.795375353699
895.036204 228.795041360785
895.513871 228.788829170445
895.934801 228.787034467413
896.410943 228.781452576703
896.801526 228.778451952238
897.27864 228.769401996652
897.700665 228.768083736835
898.178717 228.761728067546
898.569904 228.761065306559
899.052302 228.750221550456
899.502872 228.747390576839
899.948664 228.745627334976
900.39609 228.745232250854
900.868192 228.739281280455
901.284017 228.736892225479
901.758543 228.732016532617
902.146623 228.726769755385
902.622314 228.719774737478
903.046106 228.716413618271
903.497889 228.715631525552
903.982351 228.710162702394
904.405254 228.708149251356
904.888225 228.703037653827
905.281033 228.702443642944
905.764192 228.692262092064
906.220123 228.689834286022
906.67139 228.689100850417
907.149041 228.683648886057
907.578302 228.680798944096
908.031362 228.680327884155
908.514103 228.674495103881
908.934616 228.673160876795
909.419956 228.66758366423
909.839896 228.664455198798
910.292733 228.664162743546
910.771202 228.658103296105
911.197299 228.656166974532
911.677529 228.6511217434
912.071113 228.646072571118
912.55023 228.639354506879
912.944665 228.638460444167
913.424604 228.628278308057
913.843977 228.628009901334
914.323914 228.620881962029
914.746699 228.617764044416
915.199672 228.616950370433
915.682234 228.611689919902
916.104154 228.609428157686
916.593638 228.604856247526
916.987342 228.601228432667
917.46877 228.593802187786
917.89213 228.592514262703
918.37161 228.586821246383
918.790036 228.583694752782
919.238983 228.583176944646
919.714616 228.577557339914
920.13429 228.575118163748
920.580441 228.574709862479
921.058958 228.568912022077
921.475552 228.567678189329
921.976689 228.562286607032
922.39421 228.559036166265
922.845755 228.558251971321
923.3197 228.553133555848
923.737743 228.550133578947
924.18374 228.549146717527
924.666043 228.544356217727
925.089189 228.541461203884
925.544088 228.540967980087
926.023198 228.535422253253
926.444734 228.532948495232
926.883078 228.53242966936
927.333771 228.52694876278
927.727492 228.525245003969
928.177508 228.520513593523
928.546122 228.517695964845
928.997126 228.51021649936
929.410863 228.509213653735
929.872116 228.503609810091
930.269929 228.50063421454
930.70279 228.499990204235
931.157496 228.494834128124
931.559593 228.492068596397
931.989121 228.491154879694
932.47036 228.486448189118
932.886721 228.483621905864
933.331684 228.482975159199
933.795369 228.477876085396
934.214472 228.47505250803
934.666511 228.474053344355
935.138287 228.469515684324
935.545426 228.466490822264
935.984561 228.465566407348
936.449923 228.460962226072
936.835231 228.459756528416
937.303771 228.450930129857
937.717505 228.449337675252
938.182673 228.444224946325
938.573999 228.439628428327
939.050136 228.433633819501
939.440889 228.43065654356
939.943099 228.423237371157
940.367253 228.420442960754
940.817968 228.419627726974
941.298222 228.414824882715
941.716648 228.412235448646
942.164891 228.411791356997
942.640882 228.406475979215
943.063886 228.403973447564
943.517219 228.403197855839
944.00276 228.398372617949
944.422945 228.395826942791
944.872793 228.395406903049
945.350018 228.390068784573
945.771891 228.387616509881
946.221623 228.386858263331
946.699993 228.382014844327
947.119199 228.379503869008
947.568507 228.379104851116
948.046839 228.373755420047
948.469266 228.371333969934
948.919331 228.370509425593
949.397314 228.36573948612
949.831739 228.363149285124
950.283518 228.362616810158
950.757017 228.357506876882
951.175344 228.354841978669
951.616527 228.353795932493
952.088224 228.349469462902
952.471 228.348666941464
952.943143 228.340262152852
953.381278 228.337866637937
953.818813 228.336271658974
954.25602 228.33518375013
954.72578 228.331113598859
955.111018 228.328660832596
955.581451 228.321614873929
955.994227 228.32028737021
956.463355 228.31539706892
956.846894 228.313292472257
957.313967 228.30590277849
957.730182 228.304907667298
958.19998 228.299703990308
958.584016 228.298975988936
959.057094 228.2905385427
959.498633 228.288165565636
959.942091 228.286587190504
960.383987 228.285486780416
960.857493 228.281553341927
961.241657 228.278728326554
961.733299 228.272270166568
962.14704 228.270416670996
962.615766 228.266250177286
962.998804 228.261824871731
963.468148 228.256675949987
963.853567 228.255444460492
964.356883 228.247639035934
964.772665 228.247309649489
965.246846 228.241647728052
965.665989 228.239132805634
966.112514 228.238568167051
966.59034 228.233746282943
967.007734 228.23108935167
967.457036 228.229830550532
967.903475 228.229788595136
968.37824 228.224235693348
968.798829 228.222206581432
969.244665 228.221400132473
969.727794 228.216808025761
970.144205 228.214302780745
970.592827 228.213548642133
971.069164 228.209149987527
971.459054 228.207718346358
971.930676 228.20005838628
972.348014 228.197376606515
972.787092 228.196239912271
973.259717 228.1922917359
973.650016 228.19009418043
974.131059 228.183439798266
974.551106 228.181867331955
975.030045 228.177597157342
975.41904 228.173595998561
975.901919 228.168390887461
976.293847 228.167221436463
976.774292 228.159640284388
977.191449 228.158990307422
977.667977 228.153808582791
978.056415 228.153171673344
978.530647 228.14521780766
978.945529 228.145051641789
979.419875 228.139414800079
979.83535 228.136988529707
980.283933 228.136389351052
980.756626 228.131793958335
981.146421 228.131522021552
981.623438 228.123120235438
982.041622 228.120975601735
982.484657 228.120243622202
982.95974 228.115568302342
983.377377 228.113307192604
983.82928 228.112728028957
984.302477 228.108175357716
984.693508 228.107619824841
985.170699 228.099515488784
985.588556 228.097171413191
986.039019 228.096253187037
986.518142 228.091991183122
986.913181 228.091639285175
987.450953 228.083766666412
987.877547 228.083719458347
988.368662 228.07808722122
988.793914 228.075737274762
989.251197 228.075162401264
989.739795 228.070614432146
990.139782 228.070206012642
990.634197 228.062084368111
991.058239 228.059772231313
991.52982 228.058848722807
992.043641 228.054643951678
992.433187 228.054091020965
992.912791 228.046481488837
993.326245 228.046034357696
993.798006 228.040854138365
994.181647 228.040255269954
994.648866 228.03256967799
995.062484 228.032058118148
995.535638 228.026945308845
995.95034 228.026094228636
996.476358 228.01864960447
996.916224 228.017868602986
997.389032 228.013049865707
997.783095 228.011103552081
998.34231 228.004604983899
998.757132 228.002850850767
999.23177 227.999072270218
999.58977 227.995579876655
1000.062968 227.984648127909
1000.503067 227.982664443123
1000.946612 227.982134412713
1001.414004 227.977643472865
1001.798965 227.977236540266
1002.270621 227.9693868516
1002.684835 227.967175341845
1003.126475 227.966138390459
1003.597561 227.962188502201
1003.980792 227.960432020174
1004.448546 227.954049009456
1004.859378 227.952326649028
1005.326977 227.948614425414
1005.681695 227.944487644242
1006.146497 227.93421954653
1006.58571 227.932178830372
1007.024506 227.931328236909
1007.4613 227.9311618636
1007.926962 227.926032008614
1008.334944 227.924333160696
1008.784742 227.924177905933
1009.251209 227.919101183483
1009.659236 227.917042490158
1010.094405 227.915907553888
1010.560747 227.912339495644
1010.940234 227.908964391791
1011.403024 227.904072460874
1011.781377 227.902062521488
1012.245589 227.89590260468
1012.651426 227.893914762476
1013.086846 227.893573668697
1013.547059 227.888837033193
1013.955682 227.886528055452
1014.391162 227.885228599398
1014.829317 227.884762304767
1015.294116 227.880353977534
1015.67587 227.879184952836
1016.140854 227.872244248118
1016.521677 227.869682850935
1016.986896 227.863694695095
1017.34251 227.861455935747
1017.810627 227.849459898611
1018.219085 227.849153036149
1018.685004 227.843445865935
1019.073866 227.83942834366
1019.509589 227.838984694488
1019.974526 227.833825325459
1020.380374 227.832577640701
1020.843328 227.828913497371
1021.194719 227.826017799219
1021.657132 227.815627810048
1022.089762 227.813664288392
1022.522785 227.812863786928
1022.955925 227.812655525313
1023.417568 227.807780980768
1023.822575 227.805953401488
1024.258696 227.805420567233
1024.718976 227.80122301998
1025.099237 227.799891672673
1025.563137 227.793475317412
1025.947784 227.790035719711
1026.386897 227.78996560043
1026.856681 227.78418634819
1027.269276 227.783893839898
1027.739664 227.779355088016
1028.125663 227.77712127613
1028.598683 227.771663379922
1028.98738 227.771486073051
1029.462385 227.764248465443
1029.879544 227.763282195815
1030.354708 227.759131997403
1030.749009 227.75534670259
1031.221378 227.751278686783
1031.577298 227.749644180844
1032.048072 227.738724603497
1032.486997 227.736808223558
1032.927193 227.736150961293
1033.366501 227.736122298208
1033.836863 227.731030922588
1034.248421 227.729543609292
1034.68933 227.729218677451
1035.155169 227.724760566631
1035.539846 227.724603802125
1036.008166 227.717520236129
1036.394319 227.715365349906
1036.860731 227.709718726788
1037.218483 227.705468199923
1037.687222 227.69626524097
1038.095288 227.694166253811
1038.530658 227.693140176038
1038.997098 227.689666483803
1039.376157 227.686740477882
1039.842107 227.682368698281
1040.225758 227.67915139201
1040.692227 227.674918326851
1041.046231 227.67439141732
1041.512673 227.663122971738
1041.948608 227.661273396838
1042.38857 227.66076980016
1042.849936 227.656752803317
1043.230238 227.655179177286
1043.692316 227.649566213443
1044.044575 227.647942560456
1044.510119 227.637039648936
1044.918782 227.636104881642
1045.353231 227.635920554506
1045.81792 227.63064374408
1046.226628 227.62974117568
1046.69115 227.626178854711
1047.044236 227.62233908092
1047.507866 227.61385432523
1047.942092 227.611922620096
1048.377785 227.610666469826
1048.812453 227.609568797408
1049.250482 227.608868013698
1049.685989 227.608475813292
1050.149923 227.604135638795
1050.557171 227.602099409774
1050.992664 227.601113052959
1051.426843 227.600331892116
1051.890632 227.596859893137
1052.270096 227.594104795319
1052.734237 227.590087893035
1053.084198 227.589180387381
1053.547405 227.578954541426
1053.980291 227.577128093242
1054.412682 227.576315578001
1054.84469 227.57587435469
1055.306542 227.571936604185
1055.68463 227.570815368022
1056.149982 227.565446602157
1056.528248 227.565413499591
1056.990626 227.558953729903
1057.395684 227.557563689504
1057.829744 227.557315433311
1058.291283 227.553067234473
1058.669168 227.552838079465
1059.131084 227.546566227382
1059.510295 227.543527889555
1059.942419 227.543124457188
1060.406046 227.53847083068
