time objective
0.014363 3734.52085969348
0.020123 3148.77774842227
0.026711 2169.42590072143
0.034309 1738.97700961053
0.04198 1501.91743409955
0.050742 1295.37858320962
0.059479 1110.66488762351
0.06896 996.335637992288
0.078458 812.990072984474
0.090113 688.998322336114
0.101913 609.777443793046
0.114407 568.867792633801
0.126867 540.28175716008
0.139138 510.180713630127
0.158317 473.630930747865
0.173694 462.153966754925
0.191079 459.994773341398
0.206852 427.60180137267
0.223101 419.747104341625
0.239081 412.44110504618
0.254701 381.413623741539
0.271449 365.517963107251
0.287282 348.912387204286
0.304726 337.648633730681
0.322321 330.103307512719
0.339273 325.127802296233
0.356491 319.464402204748
0.374288 315.65204300525
0.392345 312.801787998097
0.409584 306.925449450126
0.42714 302.076631683654
0.446155 300.946578999716
0.465268 299.883028044823
0.483978 296.21523320474
0.502456 291.428656716718
0.52314 288.335926740215
0.542902 286.976235789049
0.562447 284.200647925003
0.580414 283.309045068707
0.5989 280.865728242263
0.618015 280.367073796483
0.638139 276.883209736965
0.657604 274.779633680998
0.678629 274.396062980678
0.700016 273.325235264338
0.720117 272.788952331997
0.740732 272.291722471077
0.761355 270.220853420148
0.788074 270.189962376919
0.809252 268.810954459297
0.830539 266.656019137223
0.851352 265.102411941888
0.872664 263.93145967596
0.892955 263.317773389914
0.91374 262.429767481795
0.933738 260.518972031884
0.953464 260.255528741604
0.971996 260.157567451303
0.990957 257.181474864607
1.009219 256.70247703406
1.029734 256.398899569685
1.050537 256.169119126075
