time objective
0.015279 3716.06299589725
0.021049 1669.06563193992
0.027604 1555.86033116093
0.033993 1185.43367892288
0.041438 1023.16990090553
0.050526 857.024683407375
0.059233 819.736608139653
0.069129 668.601322374283
0.078861 625.0767343688
0.089804 595.651349352584
0.101329 547.624087969526
0.114032 499.234909000182
0.126609 478.041624161437
0.138423 463.114142423511
0.151504 426.706566232897
0.166275 414.867107399912
0.180865 398.326546254268
0.194782 393.100874375908
0.209399 381.516661848108
0.224002 364.468044134033
0.238508 344.135582396869
0.25269 339.153672861129
0.268184 327.141062339265
0.283468 322.815823721696
0.299141 318.083440212337
0.31498 312.712335589818
0.330616 302.504988660619
0.348465 299.890168492295
0.366411 296.631495584079
0.384313 292.515893335204
0.402133 290.479277004966
0.419306 287.408958543631
0.437385 287.012308227244
0.453979 284.404684634527
0.470616 281.267068972098
0.486994 276.325503149392
0.503055 274.819996787999
0.519759 273.242743615214
0.535925 270.370015752234
0.550935 269.840684819744
0.566217 268.588148449319
0.58197 265.36298860399
0.599362 264.617339935969
0.616334 263.780361549525
0.632361 263.475726509419
0.648061 262.243034395473
0.662489 260.902842613039
0.678266 260.103347978447
0.734175 260.103347978442
0.75136 259.008453866556
0.766894 258.211085689552
0.781878 257.73323701461
0.796341 257.178277459721
0.811603 256.290852013794
