3039.03171326128 0.034086
1987.54140694217 0.051824
1821.72026107114 0.073136
1509.31499007707 0.092135
1244.08780243837 0.113488
1102.20119259211 0.136425
1015.06500213831 0.160513
862.123177125926 0.188967
794.076612065122 0.217456
746.101173912919 0.24951
671.145753056492 0.279564
649.028192591539 0.311701
597.373890070576 0.347427
550.802248071839 0.379747
533.184860399588 0.417711
523.398115882872 0.457765
508.05674800894 0.499381
494.992586384865 0.542231
456.428968897941 0.580848
450.893207443779 0.622689
421.140824980426 0.672764
402.839355515719 0.717901
395.012921967558 0.761415
384.357713674696 0.806482
363.375101707945 0.851109
342.253739844008 0.895648
332.052190802565 0.945593
327.274659291098 0.997723
323.018346078325 1.046196
319.110143972896 1.097227
314.830126786957 1.148551
301.482045916733 1.197011
299.124330755447 1.248271
295.19492753933 1.297627
288.641694589746 1.35075
286.647426670645 1.402182
282.818386362223 1.461492
280.911625269456 1.513967
278.697219906769 1.571702
275.061015790332 1.627809
272.881861833441 1.678617
271.736755658327 1.731518
269.032577215216 1.788487
267.047850983812 1.844916
266.417051507091 1.899553
264.939516440118 1.952536
262.343318627943 2.006097
261.569049568252 2.064763
259.439648830538 2.119097
258.5490569413 2.170088
256.158658998612 2.226207
254.717027638449 2.279249
252.792816393021 2.333584
252.083330261474 2.384183
251.302025183471 2.435287
250.417285625147 2.488035
249.685025115475 2.541903
248.504269214559 2.592711
247.628685514812 2.645644
247.073117239407 2.699063
246.425853604026 2.751084
245.855655756236 2.807922
244.19315560265 2.857946
243.57266740666 2.91391
243.102924053787 2.967917
242.588321720657 3.02064
242.067205781542 3.074444
241.669652513837 3.127536
240.899304484897 3.182955
240.796225854917 3.234991
239.653678664382 3.284808
239.053073915762 3.338013
238.606521417118 3.388447
238.095605835511 3.439994
237.648565821568 3.490564
236.842956199744 3.540593
