3219.27067300692 0.035549
1863.5569772186 0.047525
1666.57357876441 0.063136
1343.47257984884 0.080702
1176.06301624464 0.101175
1072.20129304949 0.133747
899.777700350176 0.162344
830.036589126515 0.194887
761.596588417422 0.233401
635.175505652162 0.27225
585.386603921459 0.310775
511.021307061139 0.349094
466.214153933161 0.390948
458.370709800111 0.434181
446.612903990353 0.477948
437.653207719487 0.52144
400.933283648074 0.56595
374.001621565635 0.611316
365.136191590235 0.661007
347.517883971273 0.700764
334.695505553648 0.74004
330.870429001487 0.777127
319.838829212378 0.81885
308.855853555535 0.859961
303.653296784248 0.903641
301.767327568002 0.952724
298.907624856714 0.998871
296.286634577726 1.045444
290.249527477519 1.091461
285.415810530341 1.138721
275.422595754831 1.185428
271.771982846809 1.234617
267.49150074057 1.281581
266.48280949747 1.326225
263.632211053658 1.367396
262.558267799 1.410813
259.775067673415 1.451874
257.330241715956 1.493053
255.700397852911 1.54047
255.028798945894 1.585673
252.015572584423 1.629198
251.606371194462 1.678253
249.952240187478 1.72606
248.809441888084 1.771292
247.459834752461 1.812298
245.813079224181 1.859643
244.723680738454 1.906057
244.189446426924 1.9565
242.734457396835 2.002488
241.8092897785 2.044193
240.953929464897 2.085039
240.197052387826 2.128862
239.747277712671 2.177256
239.37051949051 2.224483
239.024750294103 2.273494
237.654169283655 2.31933
237.64843268544 2.362877
236.791127502203 2.401299
