3487.88787423656 0.612891
1573.45351264199 0.851315
1434.52109590182 1.078939
1240.88903423769 1.308374
999.937404642522 1.537578
855.104174113331 1.766038
693.00729358457 1.994691
541.547692868348 2.230693
539.418826196692 2.472468
447.735933881952 2.699032
433.739461885112 2.924053
374.791302241465 3.146986
344.400845656358 3.388423
331.064782233576 3.611936
316.388894365757 3.829571
310.586773370689 4.033513
295.437519559319 4.240453
288.814239829758 4.429588
281.033372381227 4.608153
277.053549185253 4.778131
272.374446186938 4.943488
270.819865317045 5.101734
268.258459454191 5.2488
257.617656293441 5.389404
252.599387727269 5.524057
251.564948453705 5.662144
248.60012414223 5.787157
247.478153737459 5.899972
245.138940435724 6.008771
242.116450656579 6.110081
241.216798098383 6.210912
239.970735138156 6.30434
239.322241737727 6.394407
238.80382379042 6.483265
238.06263332445 6.570285
237.08119263642 6.655621
236.040555139816 6.737805
235.774997611883 6.823285
234.951150126247 6.901945
