time nnz
19.323317 637
44.363363 1274
63.741057 1897
83.734621 2539
103.059336 3144
124.576795 3734
146.496163 4349
170.391871 4946
193.892452 5475
219.697987 5942
246.904114 6279
273.717824 6564
301.870464 6829
328.669185 7064
352.869677 7286
378.920173 7466
405.689291 7658
432.2304 7813
458.254338 7865
484.064913 7966
510.926271 8169
538.30202 8360
566.565095 8424
594.646036 8235
621.442022 8215
647.403828 8233
673.94554 8335
700.647824 8415
727.644989 8414
754.625507 8211
780.940418 8181
807.732281 8229
836.381827 8362
863.229863 8467
892.713097 8510
920.30116 8501
950.188531 8612
977.901521 8333
1008.400934 8436
1035.259761 8438
1062.184468 8487
1089.020939 8434
1118.564284 8503
1146.48318 8592
1176.207808 8664
1203.972312 8480
1230.271314 8479
1257.902435 8501
1285.375238 8434
1317.46341 8495
1344.246987 8265
1371.180313 8251
1397.904169 8250
1424.367012 8273
1450.515916 8271
1477.336432 8226
1627.063058 8286
1654.416739 8283
1680.841337 8248
1707.548896 8212
1734.253578 8207
1760.497518 8224
1787.395117 8214
1813.984389 8185
1841.041683 8167
1868.076903 8154
1893.572495 8127
1920.617651 8118
1947.471262 8138
1974.913834 8153
2002.041911 8171
2028.827266 8188
2062.556866 8084
2103.372945 8110
2133.793237 8137
2171.340236 8146
2208.442233 8133
2244.933667 8094
2281.347904 8039
2318.175205 8018
2355.435778 8031
2390.093244 8045
2428.648685 8051
2466.760946 8050
2503.461734 8043
2541.459351 8055
2578.095608 8022
2617.401704 8045
2654.068235 8047
2691.250147 8042
2728.150964 8038
2883.159632 8053
2921.954089 8034
2960.851345 8017
3002.389642 8038
3042.616094 8062
3078.802281 8064
3114.943088 8062
3149.229637 8050
3190.651459 8035
3229.184784 8035
3273.217605 8047
3310.921842 8028
3347.945752 8027
3385.028391 7989
3417.768217 8010
3454.640363 8019
3492.600175 8023
3530.409848 8034
3567.432182 8033
3602.915237 8036
3640.766293 8022
3674.454789 7989
3828.179411 8006
3869.787316 8021
3909.75745 8021
3951.045643 8033
3991.63106 8030
4032.303109 8016
4075.828706 8035
4124.618616 8052
4162.770501 8050
4202.785335 8049
4243.604846 8051
4290.377206 8056
4330.710168 8037
4370.253858 8037
4408.077688 8036
4445.626438 8041
4484.187595 8048
4522.145268 8023
4561.231317 8016
4606.234114 8027
4645.418367 8036
4684.574844 8041
4722.92771 8038
4766.651515 8044
4809.033918 8036
4852.919218 8041
4894.324517 8043
4936.112429 8039
4978.591812 8033
5021.508282 8026
5068.363821 8042
5112.956931 8046
5154.76724 8048
5198.003953 8047
5241.387256 8044
5284.232948 8030
5328.551027 8029
5371.07082 8038
5412.030299 8037
5453.138675 8039
5495.948469 8038
5539.246474 8034
5581.031188 8025
5621.422683 8028
5670.174429 8036
5712.681783 8043
5749.889557 8036
5784.793255 8037
5828.375324 8032
5872.477559 8021
5916.362098 8032
5962.289274 8035
6005.762315 8037
6048.64928 8035
6092.720557 8030
6138.794323 8035
6183.856809 8035
6226.972921 8034
6266.728376 8037
6309.425424 8037
6353.132423 8038
6393.749257 8036
6437.569505 8034
6482.288514 8024
6529.888601 8031
6577.711462 8034
6620.989004 8031
6665.003665 8031
6709.06585 8033
6753.1931 8025
6800.693986 8026
6844.500927 8029
6889.030163 8034
6933.17812 8035
6978.53096 8033
7023.580571 8032
7065.541458 8032
7110.797319 8032
7158.904845 8033
7208.013744 8036
7251.220377 8036
7296.274668 8038
7340.782861 8035
7387.588491 8033
7430.929882 8026
7484.329103 8030
7536.428868 8034
7586.070225 8035
7633.459766 8036
7676.919636 8037
7726.64107 8034
7762.594662 8035
7807.336215 8036
7848.70707 8034
7894.350144 8035
7940.513045 8035
7984.287096 8034
8034.921786 8035
8079.957668 8033
8123.233005 8032
8169.732364 8033
8215.092849 8034
8263.178738 8033
8307.982828 8032
8349.604777 8033
8397.917852 8037
8451.981149 8036
8498.233443 8033
8551.95711 8032
8610.70572 8030
8654.011143 8033
8702.489003 8033
8754.291045 8034
8800.333225 8033
8845.199955 8032
8890.700582 8032
8938.629056 8032
8990.403969 8033
9041.303925 8034
9088.673406 8034
9134.354628 8034
9176.597752 8032
9217.526141 8032
9259.167918 8032
9305.152908 8032
9353.170833 8032
9411.486831 8033
9459.039604 8033
9514.371484 8033
9572.367256 8032
9619.662937 8029
9679.385423 8032
9756.026558 8035
9825.939764 8037
9883.640582 8037
9932.538247 8036
9979.367028 8036
10028.53206 8036
10078.846018 8037
10165.302939 8037
10225.82941 8036
10288.322873 8037
10333.89497 8038
10373.399254 8039
10411.967411 8040
10459.714904 8041
10500.959787 8041
10542.482566 8042
10583.218546 8040
10627.398015 8040
10702.596046 8041
10750.767827 8040
10790.909495 8041
10831.085669 8042
10871.613895 8042
10912.37908 8041
10963.358796 8041
11007.678879 8042
11055.375477 8042
11094.346906 8041
11134.256257 8041
11173.056436 8041
11212.521757 8041
11254.792642 8041
11313.528403 8042
11354.817354 8041
11395.969202 8042
11437.24607 8041
11476.379567 8041
11515.389111 8041
11558.69395 8041
11602.038278 8041
11641.185438 8041
11682.685483 8041
11724.156796 8043
11765.794261 8042
11807.461389 8041
11848.650838 8040
11889.885548 8040
11929.221592 8040
11968.501818 8042
12007.714731 8042
12047.253335 8042
12091.113258 8042
12132.979876 8040
12179.135057 8042
12220.929966 8041
12262.874285 8041
12304.740636 8041
12345.846608 8042
12385.522362 8042
12425.299374 8041
12464.844629 8041
12504.513254 8041
12548.315815 8041
12590.303864 8040
12632.403569 8041
12674.433126 8041
12716.497561 8041
12763.293089 8041
12803.068208 8041
12842.974694 8042
12884.294724 8041
12927.922749 8041
12976.281603 8041
13028.810614 8041
13080.028634 8041
13122.203275 8041
13163.570722 8041
13203.693425 8041
13243.363205 8041
13287.593004 8041
13331.763724 8042
13376.009612 8042
13415.795853 8042
13455.261321 8043
13497.340331 8043
13539.482322 8042
13582.847911 8043
13634.012663 8043
13690.093055 8043
13734.639363 8043
13775.638151 8042
13816.975577 8042
13857.200495 8042
13897.745075 8043
13945.208797 8043
13992.687257 8044
14040.44116 8044
14087.974965 8044
14131.939297 8044
14174.397397 8044
14220.549599 8044
14260.990184 8042
14305.867391 8043
14345.997599 8042
14388.559437 8042
14431.081294 8042
14473.622626 8042
14516.255254 8042
14558.744811 8042
14601.237488 8042
14646.302838 8042
14696.031549 8042
14740.933679 8042
14781.360092 8042
14821.267912 8042
14864.31498 8042
14907.153275 8042
14950.126762 8042
14993.08587 8043
15045.442511 8043
15085.602798 8043
15126.170776 8043
15166.818642 8042
15207.773702 8042
15248.841631 8042
15299.541995 8043
15362.232435 8043
15407.099863 8043
15452.027314 8043
15494.230945 8043
15536.787724 8043
15582.775944 8044
15628.777267 8044
15671.315221 8043
15713.78608 8043
15755.069229 8043
15798.651183 8043
15842.299049 8043
15891.052164 8043
15935.208766 8043
15984.242166 8043
16030.856299 8043
16074.123869 8043
16117.557013 8043
16162.563728 8043
16204.812765 8043
16254.523515 8043
16304.423036 8043
16364.384673 8043
16409.160385 8043
16453.780697 8043
16496.177618 8043
16539.408675 8043
16581.25665 8043
16623.279509 8043
16675.346258 8043
16729.870027 8043
16774.557396 8043
16819.225302 8043
16864.23324 8043
16909.058022 8043
16951.41084 8043
16998.687714 8043
17050.9309 8043
17097.995776 8043
17140.358345 8043
17184.936337 8043
17231.042557 8043
17277.198533 8043
17327.223885 8043
17380.400461 8043
17424.238355 8043
17466.992678 8043
17511.066124 8043
17560.222445 8043
17602.831599 8043
17647.907068 8043
17693.284245 8043
17738.43829 8043
17785.158027 8043
17828.598024 8043
17873.461558 8043
17917.598618 8043
17962.889062 8043
18006.60185 8043
18049.001802 8043
18096.014012 8043
18140.834364 8043
18185.822783 8043
18230.890793 8043
18281.150009 8043
18336.398908 8043
18384.240982 8043
18427.15384 8043
18472.712756 8043
18515.790116 8043
18558.77587 8043
18604.524106 8043
18650.269638 8043
18711.814035 8043
18762.910519 8043
18809.210811 8043
18849.341257 8043
18894.55827 8043
18939.959679 8043
18986.854938 8043
19032.342945 8043
19087.919676 8043
19147.488025 8043
19200.162114 8043
19247.296254 8043
19293.572898 8043
19337.958798 8043
19383.81713 8043
19433.812037 8043
19485.367194 8043
19540.900737 8043
19588.054935 8043
19635.330356 8043
19682.559465 8043
19729.632754 8043
19782.222113 8043
19839.512193 8043
19895.242013 8043
19941.293889 8043
19987.319643 8043
20034.632771 8043
20082.167663 8043
20135.284765 8043
20184.803005 8043
20231.964966 8043
20276.658312 8043
20321.626869 8043
20366.751442 8043
20413.418615 8043
20460.058829 8043
20507.927593 8043
20558.198428 8043
20617.034617 8043
20681.884753 8043
20729.171508 8043
20774.531576 8043
20819.806803 8043
20865.12394 8043
20909.99618 8043
20963.573183 8043
21017.480904 8043
21067.03156 8043
21114.870481 8043
21162.529205 8043
21219.072754 8043
21265.977189 8043
21311.377421 8043
21356.880554 8043
21405.004219 8043
21464.24623 8043
21518.046367 8043
21566.424499 8043
21614.790443 8043
21660.807711 8043
21706.392569 8043
21752.003721 8043
21814.847785 8043
21860.490374 8043
21909.05565 8043
21957.839192 8043
22006.611201 8043
22061.154095 8043
22115.270897 8043
22167.138116 8043
22213.161447 8043
22259.225694 8043
22301.757004 8043
22350.014898 8043
22416.043206 8043
22464.909575 8043
22519.660553 8043
22568.659432 8043
22620.843222 8043
22667.276045 8043
22715.164574 8043
22796.802991 8043
22846.419683 8043
22896.026961 8043
22957.48502 8043
23007.063967 8043
23056.48856 8043
23103.184116 8043
23150.02173 8043
23198.553262 8043
23252.726171 8043
23299.04498 8043
23356.164982 8043
23410.994705 8043
23465.605188 8043
23514.593351 8043
23635.894733 8043
23681.768658 8043
23768.387273 8043
23818.897299 8043
23873.506806 8043
23940.103915 8043
23992.480844 8043
24038.439691 8043
24084.612854 8043
24131.061079 8043
24195.249357 8043
24240.763382 8043
24295.965204 8043
24358.642081 8043
24413.68951 8043
24484.294614 8043
24531.267598 8043
24613.369133 8043
24742.825744 8043
24917.057072 8043
25101.991506 8043
25213.940189 8043
25383.810418 8043
25526.332499 8043
25668.449167 8043
25848.614337 8043
26070.134332 8043
26212.18223 8043
26423.250193 8043
26595.571618 8043
26803.233936 8043
26985.625958 8043
27163.790507 8043
27363.817815 8043
27601.726811 8043
27797.990246 8043
