iter objective
1 251343.492588658
2 240487.867367316
3 226375.555953069
4 220546.785557076
5 216286.719060429
6 206645.621300282
7 200638.515500027
8 197147.681669429
9 189988.393799192
10 185537.19230272
11 183013.563788766
12 180123.125063732
13 177397.787446668
14 174784.628935296
15 171274.558968364
16 169658.158475429
17 166641.14207031
18 166253.60747639
19 161576.592124065
20 160654.83181024
21 159227.886664662
22 158532.672295991
23 153539.08011732
24 148906.517394879
25 147896.340479014
26 145847.203018965
27 143533.823866392
28 141829.165316628
29 141049.822485205
30 140317.07815881
31 139719.359401856
32 138401.976067274
33 136182.887256246
34 135158.758391425
35 134210.93589379
36 133604.165992669
37 133008.11243167
38 132314.023892793
39 131212.380536135
40 130391.602045166
41 129958.561846599
42 129151.603062363
43 128825.494226711
44 128059.25663972
45 127512.895706727
46 127128.624516146
47 126736.268655463
48 125933.563137967
49 125840.079371635
50 124964.59268738
51 124634.8225264
52 124385.379292682
53 124157.914795329
54 123330.707731272
55 122263.930513744
56 120329.090662783
57 119768.810650481
58 119173.777840372
59 118341.412523063
60 118079.318779852
61 117887.725927108
62 117678.246467108
63 117350.279863609
64 117131.498438397
65 116678.291580655
66 116410.984858056
67 116276.364185242
68 116071.045718447
69 115902.138037575
70 115634.799302139
71 115152.196338078
72 114847.461698985
73 114642.220658956
74 114385.573151214
75 114236.113629909
76 114153.892573472
77 113810.310180133
78 113039.61501619
79 112536.969090802
80 112126.020755428
81 111539.228512545
82 111158.002894017
83 111020.509801323
84 110873.511533638
85 110766.532299373
86 110549.803140556
87 110488.765803769
88 110291.240926079
89 110232.594266402
90 110182.654821304
91 110036.895552092
92 109891.155787477
93 109545.668698876
94 109037.05755443
95 108827.996511524
96 108739.135260535
97 108664.158666553
98 108631.963791527
99 108540.735944689
100 108274.586696423
101 108139.767397648
102 107903.13491097
103 107530.691664513
104 107420.803624086
105 107383.87948776
106 107345.384090889
107 107235.951037927
108 106999.146762539
109 106914.61874087
110 106823.955698948
111 106808.621201793
112 106648.46041225
113 106605.855921797
114 106588.195435327
115 106520.542019909
116 106128.492960506
117 105773.327256043
118 105634.834337574
119 105446.976944378
120 105352.453967298
121 105297.574341758
122 105278.13765368
123 105246.069039583
124 105210.565070532
125 105179.834525804
126 105101.410709057
127 104977.986674982
128 104954.483205312
129 104945.608130315
130 104923.92961653
131 104860.604376408
132 104825.54979154
133 104764.661159585
134 104636.487956083
135 104563.092002805
136 104545.604791291
137 104535.221931579
138 104527.854517505
139 104522.642483661
140 104415.893614279
141 104386.045324817
142 104214.633345361
143 104180.910424749
144 104170.993342021
145 104156.613909079
146 104101.87504458
147 104007.363503165
148 103982.233307712
149 103931.108171079
150 103891.105115833
151 103871.672300717
152 103864.20490617
153 103846.583874297
154 103746.593728494
155 103718.242599817
156 103706.151174309
157 103529.623238057
158 103418.817515251
159 103387.808141064
160 103380.396363946
161 103369.568594526
162 103350.238969883
163 103333.361838489
164 103316.883362888
165 103309.139169445
166 103297.856150684
167 103292.001430219
168 103282.141923542
169 103275.662132164
170 103259.41172518
171 103253.58027211
172 103236.035151398
173 103235.053857717
174 103212.325310043
175 103205.402826546
176 103196.040427373
177 103192.861329187
178 103187.974961767
179 103178.302169973
180 103141.154047696
181 103098.86830982
182 103083.695910368
183 103045.311528842
184 103018.545534613
185 103002.851685054
186 102998.919076137
187 102995.795538418
188 102993.774855006
189 102946.747941121
190 102923.386991635
191 102890.025995232
192 102877.678913425
193 102830.173932796
194 102825.034511928
195 102821.569355307
196 102811.893711993
197 102786.566136367
198 102780.776678182
199 102771.513026503
200 102763.746530974
201 102760.356661049
202 102756.881840117
203 102746.405498542
204 102738.162520572
205 102714.367092576
206 102710.399456571
207 102704.409090641
208 102693.121342502
209 102691.161019352
210 102683.652048611
211 102663.905776833
212 102656.169364788
213 102635.496532507
214 102591.43119614
215 102581.714144588
216 102578.208924501
217 102574.671351839
218 102562.570356749
219 102557.360053793
220 102549.827098396
221 102546.138118332
222 102539.467816796
223 102538.624501018
224 102536.407021054
225 102535.462668512
226 102526.60735921
227 102501.930591919
228 102491.471936453
229 102490.896057394
230 102476.400432945
231 102473.137945737
232 102467.900091398
233 102467.119178831
234 102464.491516942
235 102453.233664286
236 102442.873762753
237 102431.116216862
238 102428.886649661
239 102415.086028863
240 102410.25536917
241 102404.378382437
242 102403.611948708
243 102400.698876882
244 102374.168924704
245 102310.043705988
246 102283.1703946
247 102240.944409066
248 102231.554660009
249 102220.64505643
250 102182.133341268
251 102131.339187212
252 102083.059869776
253 102073.314396842
254 102047.840173761
255 102036.751514189
256 102025.910666396
257 102005.463844129
258 101998.491638712
259 101976.683674603
260 101964.193875932
261 101959.461064757
262 101941.125747632
263 101930.31004339
264 101922.33864388
265 101905.739817276
266 101894.514284513
267 101833.155800046
268 101828.007754158
269 101808.036130642
270 101801.803761179
271 101798.423340021
272 101779.732165462
273 101772.27687414
274 101764.351382181
275 101761.246465503
276 101749.066789637
277 101743.388912662
278 101718.189358409
279 101687.66928918
280 101620.267706343
281 101610.314469796
282 101571.584720192
283 101567.684224795
284 101564.816875166
285 101560.786024475
286 101559.981099332
287 101558.300433503
288 101536.461574083
289 101520.366736034
290 101499.793412225
291 101498.845630995
292 101465.521828571
293 101463.009976627
294 101460.8206607
295 101441.476812223
296 101426.850131811
297 101416.649683272
298 101412.973422426
299 101404.769155771
300 101399.08628961
301 101397.948321458
302 101396.382224179
303 101380.69678745
304 101362.251405435
305 101349.050009604
306 101343.653434713
307 101330.234535364
308 101322.432612159
309 101320.853393955
310 101318.442881326
311 101309.076478833
312 101305.0216468
313 101303.752700831
314 101299.682426029
315 101290.943375745
316 101278.137176898
317 101276.253796693
318 101275.57653122
319 101274.5174485
320 101266.116799304
321 101264.976825798
322 101261.628294992
323 101260.521741554
324 101258.227467417
325 101257.07583713
326 101254.054967142
327 101232.78918948
328 101221.460276422
329 101210.140507922
330 101180.338467114
331 101179.617543624
332 101165.325525533
333 101160.920031694
334 101160.497021813
335 101159.628574526
336 101159.273737945
337 101158.206167095
