iter objective
1 265600.523099147
2 257231.16332861
3 256416.619177782
4 253350.495278231
5 250482.610958871
6 246981.692940824
7 245386.27012026
8 244130.30119248
9 242965.528136625
10 241952.642523104
11 241297.013909623
12 240621.647493347
13 240064.913788949
14 239681.291229273
15 239263.331574521
16 238892.43798551
17 238615.799496238
18 238379.192425705
19 238223.901026153
20 237936.818817515
21 237793.397857106
22 237681.669822177
23 237477.501347633
24 237346.679823888
25 237221.243485196
26 237009.282028134
27 236811.566093087
28 236751.441911943
29 236630.304255114
30 236578.484345011
31 236502.102580123
32 236349.882599981
33 236312.003380543
34 236285.053783957
35 236260.824595263
36 236182.566346748
37 236152.313489314
38 236089.499458588
39 236006.480884031
40 235963.793367856
41 235943.627971673
42 235893.899277732
43 235855.208156039
44 235817.513376344
45 235792.996643104
46 235773.817212077
47 235757.660069961
48 235749.681741937
49 235721.529086249
50 235711.784466692
51 235704.827381391
52 235655.759589212
53 235636.857208519
54 235620.275966753
55 235612.671588754
56 235594.340489397
57 235594.340489397
58 235584.136978751
59 235574.826100731
60 235567.411317332
61 235553.491867106
62 235544.170185221
63 235538.588388639
64 235531.175171843
65 235524.407042363
66 235513.006376087
67 235511.740967101
68 235498.9774765
69 235493.916780036
70 235492.252272154
71 235488.422802043
72 235487.001732181
73 235474.898928898
74 235471.00633212
75 235461.823541277
76 235458.071282096
77 235456.099717875
78 235452.050332852
79 235450.486925927
80 235450.172995009
81 235442.641089719
82 235434.952747383
83 235434.624930812
84 235432.886968177
85 235430.117928497
86 235428.580801772
87 235425.983768799
88 235423.825666855
89 235422.509172422
90 235421.452755674
91 235419.935026539
92 235419.935026539
93 235418.886951343
94 235417.221020225
95 235415.554721602
96 235415.519178863
97 235414.319727809
98 235414.026685302
99 235413.352371722
100 235412.963353181
101 235411.286430523
102 235410.862143086
103 235410.394131669
104 235409.619173426
105 235408.940498693
106 235408.630923742
107 235407.429336055
108 235407.384211166
109 235406.71971131
110 235406.393846081
111 235406.156901374
112 235405.202115245
113 235404.217936141
114 235404.217936141
115 235402.477688748
116 235401.582270203
117 235401.057551018
118 235400.810135537
119 235400.08451868
120 235399.1728049
121 235398.984071924
122 235398.642471097
123 235398.490167811
124 235397.746806042
125 235397.402515136
126 235396.89551514
127 235396.525128388
128 235395.90868302
129 235395.638006498
130 235395.373523684
131 235395.059473295
132 235394.86873992
133 235394.807238085
134 235394.499793801
135 235394.384481389
136 235393.940706672
137 235393.729070157
138 235393.409255903
139 235393.236859323
140 235393.041312005
141 235392.930903496
142 235392.700230754
143 235392.629906052
144 235392.369102734
145 235392.295090309
146 235392.119356121
147 235392.070632825
148 235391.973268241
149 235391.786565959
150 235391.299900237
151 235391.002931847
152 235390.665247644
153 235390.484836728
154 235390.411162454
155 235390.294186178
156 235390.265217918
157 235390.175571803
158 235390.112369401
159 235389.964805783
160 235389.935687014
161 235389.902864721
162 235389.814197386
163 235389.764254591
164 235389.657230657
165 235389.609499826
166 235389.498298474
167 235389.415578452
168 235389.291199755
169 235389.243701802
170 235389.185168647
171 235389.168986227
172 235389.136207361
173 235389.100106296
174 235389.094039349
175 235389.061933786
176 235389.003008554
177 235388.991194833
178 235388.827756679
179 235388.703961111
180 235388.673239563
181 235388.612469715
182 235388.576819042
183 235388.525614954
184 235388.505853553
185 235388.477383456
186 235388.472873926
187 235388.463480975
188 235388.429615147
189 235388.423978482
190 235388.408021452
191 235388.360942715
192 235388.339563981
193 235388.336408945
194 235388.314747281
195 235388.28504531
196 235388.280953455
197 235388.269506821
198 235388.247194573
199 235388.231949466
200 235388.199628911
201 235388.193855838
202 235388.175147986
203 235388.166171344
204 235388.13890704
205 235388.130621306
206 235388.118134999
207 235388.109129636
208 235388.103693641
209 235388.100018998
210 235388.093452707
211 235388.089552444
212 235388.083430773
213 235388.079623184
214 235388.074583806
215 235388.066005651
216 235388.06321063
217 235388.058033121
218 235388.057073456
219 235388.036740476
220 235388.027860936
221 235388.026077398
222 235388.022947892
223 235388.014063668
224 235388.004760096
225 235387.994313584
226 235387.982972192
227 235387.979344089
228 235387.978283761
229 235387.976794286
230 235387.975112333
231 235387.971518976
232 235387.970174665
233 235387.966940044
234 235387.96533927
235 235387.963600851
236 235387.96226722
237 235387.958830266
238 235387.958244144
239 235387.955927081
240 235387.955271708
241 235387.954602503
242 235387.954130882
243 235387.950573486
244 235387.940508032
245 235387.932833488
246 235387.921859304
247 235387.909599891
248 235387.903380211
249 235387.90150516
250 235387.899829946
251 235387.898484857
252 235387.897396
253 235387.896640201
254 235387.896047589
255 235387.891785179
256 235387.891492211
257 235387.882709959
258 235387.880026535
259 235387.878647278
260 235387.878349587
261 235387.877753112
262 235387.87661932
263 235387.876219957
264 235387.875831416
265 235387.875599055
266 235387.875399851
267 235387.875251576
268 235387.875154152
269 235387.874711892
270 235387.874268431
271 235387.873475903
272 235387.87290188
273 235387.8728601
274 235387.872339375
275 235387.872223452
276 235387.872043034
277 235387.871730268
278 235387.871560264
279 235387.870157157
280 235387.86969619
281 235387.869620278
282 235387.869440051
283 235387.869155375
284 235387.868973704
285 235387.868549155
286 235387.868460047
287 235387.868266764
288 235387.864983314
289 235387.863044423
290 235387.859997848
291 235387.850746594
292 235387.84830097
293 235387.847608265
294 235387.847098593
295 235387.846686912
296 235387.846160176
297 235387.8458044
298 235387.845171264
299 235387.844941955
300 235387.844723395
301 235387.844602084
302 235387.844520732
303 235387.844402951
304 235387.844343465
305 235387.844260163
306 235387.844182895
307 235387.844125248
308 235387.844047495
309 235387.843903815
310 235387.843652234
311 235387.843408996
312 235387.843202276
313 235387.842881214
314 235387.8427146
315 235387.842588156
316 235387.842551499
317 235387.842489086
318 235387.842317679
319 235387.84220722
320 235387.842203158
321 235387.84213135
322 235387.842017148
323 235387.842004031
324 235387.841947733
325 235387.841891601
326 235387.841747195
327 235387.841730589
328 235387.841707777
329 235387.841495424
330 235387.841479789
331 235387.841459789
332 235387.841318003
333 235387.841259142
334 235387.841218843
335 235387.841126234
336 235387.841085028
337 235387.841066544
338 235387.841054585
339 235387.841009412
340 235387.840996517
341 235387.840993555
342 235387.840845723
343 235387.840817105
344 235387.840803917
345 235387.840794868
346 235387.840790501
347 235387.840762625
348 235387.840747676
349 235387.840744927
350 235387.840715328
351 235387.840709701
352 235387.840689184
353 235387.840681405
354 235387.840669007
355 235387.84061922
356 235387.840606192
357 235387.840567362
358 235387.840559765
359 235387.840555894
360 235387.840492869
361 235387.840489441
362 235387.840483567
363 235387.840482644
364 235387.840455256
365 235387.840444899
366 235387.840432686
367 235387.840427545
368 235387.840425056
369 235387.840422591
370 235387.840395363
371 235387.840382599
372 235387.840377934
373 235387.840361922
374 235387.840358149
375 235387.840355935
376 235387.840352734
377 235387.840348536
378 235387.840336558
379 235387.840333047
380 235387.840331602
381 235387.840329552
382 235387.840328372
383 235387.840325859
384 235387.840322581
385 235387.840322263
386 235387.84031273
387 235387.840307443
388 235387.840305087
389 235387.840302768
390 235387.840302015
391 235387.840298054
392 235387.840289969
393 235387.840286524
394 235387.840282798
395 235387.840281916
396 235387.840274106
397 235387.840267577
398 235387.84026713
399 235387.840266522
400 235387.840265003
401 235387.840262943
402 235387.840260664
403 235387.840259194
404 235387.840258326
405 235387.840257956
406 235387.840257454
407 235387.840256533
408 235387.840255861
409 235387.840255432
410 235387.840254245
411 235387.840253786
412 235387.84025355
413 235387.84025286
414 235387.840252446
415 235387.840250892
416 235387.840249748
417 235387.840248972
418 235387.840248707
419 235387.840248495
420 235387.840248385
421 235387.84024816
422 235387.84024801
423 235387.84024751
424 235387.840247446
425 235387.840246937
426 235387.840246758
427 235387.840246524
428 235387.840246515
429 235387.840246
430 235387.840245833
431 235387.840245717
432 235387.840245687
433 235387.840245475
434 235387.840245414
435 235387.84024484
436 235387.840243886
437 235387.840243483
438 235387.840243264
439 235387.8402431
440 235387.840242487
441 235387.84024221
442 235387.840242149
443 235387.840242107
444 235387.840241526
445 235387.840241409
446 235387.840241172
447 235387.840241153
448 235387.840241016
449 235387.840240843
450 235387.840240805
451 235387.840240779
452 235387.840240479
453 235387.840240403
454 235387.840240351
455 235387.840240032
456 235387.840239899
457 235387.840239856
458 235387.840239819
459 235387.840239723
460 235387.840239669
461 235387.84023962
462 235387.840239607
463 235387.840239571
464 235387.840239552
465 235387.840239537
466 235387.840239472
467 235387.84023938
468 235387.840239349
469 235387.840239312
470 235387.840239283
471 235387.840239248
472 235387.840239237
473 235387.840239207
474 235387.840239167
475 235387.840239138
476 235387.840239121
477 235387.840239088
478 235387.840239069
479 235387.840239026
480 235387.840239016
481 235387.840239
482 235387.840238881
483 235387.840238846
484 235387.840238841
485 235387.840238807
486 235387.840238712
487 235387.840238665
488 235387.840238654
489 235387.840238634
490 235387.840238624
491 235387.840238608
492 235387.840238593
493 235387.840238582
494 235387.840238575
495 235387.840238572
496 235387.840238569
497 235387.840238561
498 235387.840238556
499 235387.84023855
500 235387.840238523
501 235387.840238505
502 235387.840238501
503 235387.840238488
504 235387.840238471
505 235387.840238471
506 235387.840238464
507 235387.840238459
508 235387.840238458
509 235387.840238456
510 235387.840238449
511 235387.840238449
512 235387.840238445
513 235387.840238441
514 235387.840238432
515 235387.840238412
516 235387.840238404
517 235387.8402384
518 235387.840238398
519 235387.840238393
520 235387.840238392
521 235387.840238389
522 235387.840238387
523 235387.840238385
524 235387.840238384
525 235387.840238382
526 235387.840238378
527 235387.840238377
528 235387.840238376
529 235387.840238375
530 235387.84023837
531 235387.840238368
532 235387.840238367
533 235387.840238366
534 235387.840238364
535 235387.840238363
536 235387.840238362
537 235387.840238359
538 235387.840238357
539 235387.840238353
540 235387.840238351
541 235387.840238346
542 235387.840238345
543 235387.840238344
544 235387.840238343
545 235387.840238341
546 235387.840238335
547 235387.840238333
548 235387.840238332
549 235387.840238332
550 235387.840238329
551 235387.840238328
552 235387.840238328
553 235387.840238327
554 235387.840238326
555 235387.840238322
556 235387.840238322
557 235387.840238321
558 235387.840238319
559 235387.840238317
560 235387.840238317
561 235387.840238317
562 235387.840238317
563 235387.840238316
564 235387.840238316
565 235387.840238315
566 235387.840238315
567 235387.840238315
568 235387.840238315
569 235387.840238315
570 235387.840238315
571 235387.840238315
572 235387.840238315
573 235387.840238315
574 235387.840238315
575 235387.840238315
576 235387.840238315
577 235387.840238314
