iter objective
1 263377.940901927
2 240995.084821372
3 234937.143501143
4 231184.491786821
5 222524.375937514
6 208646.740107865
7 203437.548262167
8 197763.817730303
9 191873.300490524
10 183876.032584579
11 173577.901075442
12 170180.662541912
13 165643.899250387
14 162600.277814492
15 153570.580985971
16 151259.469691279
17 147609.11036608
18 144072.003102017
19 143080.925569194
20 140354.402705992
21 137491.676328
22 133548.269022586
23 132046.573746235
24 131170.630600522
25 130572.393172952
26 129238.063656965
27 128406.10245499
28 125885.646301571
29 123466.966770532
30 123206.699336717
31 120505.668215938
32 120027.923861658
33 119260.225450385
34 118872.177627655
35 118505.131964398
36 117489.564199726
37 117212.265524248
38 116232.572286415
39 115829.820249607
40 114738.860252966
41 114301.494812335
42 114059.816463394
43 113762.692959968
44 113358.297678588
45 113114.64243085
46 112913.803320054
47 112449.385709426
48 111612.321623629
49 111390.930479501
50 111251.121851735
51 110989.029816848
52 110351.053534007
53 110134.230576629
54 109758.274958329
55 109662.250973373
56 109515.309963449
57 109446.959944694
58 109233.751715553
59 108789.19166531
60 108320.288818828
61 108187.419504626
62 107436.996805157
63 107329.908231139
64 107279.452621551
65 107207.315882131
66 106925.353626033
67 106841.518877494
68 106390.778352738
69 106278.523220688
70 106219.242318415
71 106181.018743149
72 106137.360019973
73 106110.42462679
74 105955.965313244
75 105731.295920477
76 105659.151513775
77 105302.281472702
78 105247.692201525
79 105221.078687381
80 105176.07887298
81 104970.134481655
82 104939.840357079
83 104757.738816916
84 104609.091195302
85 104571.233301623
86 104550.950918208
87 104525.137085543
88 104400.439421215
89 104155.531063112
90 104094.821389895
91 104085.34111853
92 103980.658381065
93 103966.625300293
94 103948.420501509
95 103903.584599854
96 103867.944106034
97 103853.263322301
98 103738.659462595
99 103685.836167161
100 103672.56864743
101 103660.660017506
102 103624.350695058
103 103500.787119153
104 103449.882562288
105 103335.117055473
106 103251.129340555
107 103192.180295934
108 103181.912166231
109 103164.355721695
110 103104.445414393
111 103033.667638304
112 102948.411142072
113 102918.521556427
114 102884.912859629
115 102866.467523719
116 102855.703428
117 102843.897010749
118 102805.623415036
119 102765.657866392
120 102727.615062372
121 102683.229408011
122 102674.879654999
123 102646.363576372
124 102638.550432501
125 102631.563876746
126 102576.770666322
127 102518.440046963
128 102500.255777488
129 102461.783874991
130 102390.432752611
131 102380.596104524
132 102374.75104306
133 102363.737525757
134 102346.479758162
135 102301.233319314
136 102298.46481615
137 102265.424091224
138 102255.990887711
139 102244.21031333
140 102233.689603251
141 102211.73147932
142 102202.022649753
143 102183.517640979
144 102178.944886708
145 102160.716644147
146 102153.371468897
147 102150.8455847
148 102130.631499292
149 102075.292564393
150 102057.755651272
151 102028.71149365
152 101982.196083352
153 101934.401557925
154 101924.836412403
155 101921.590078546
156 101912.736277049
157 101901.636902574
158 101898.383033502
159 101871.994962749
160 101840.347477524
161 101829.935609539
162 101828.144150093
163 101820.238743249
164 101808.468462567
165 101778.236189016
166 101767.92728104
167 101758.161480076
168 101752.487316396
169 101748.948237408
170 101744.461477745
171 101710.506499369
172 101682.816109809
173 101680.230187712
174 101652.000468825
175 101649.722138224
176 101637.009888902
177 101635.324978182
178 101631.608009684
179 101624.042148746
180 101618.8415674
181 101602.128983291
182 101595.325165116
183 101590.12209034
184 101586.901897795
185 101583.24474958
186 101572.785372187
187 101562.509796289
188 101555.71565044
189 101553.031450978
190 101533.37744527
191 101525.608585312
192 101523.276612798
193 101518.355192749
194 101503.953528117
195 101485.589784698
196 101456.660939597
197 101450.813258978
198 101443.615217088
199 101442.045971202
200 101440.247783607
201 101434.187327225
202 101430.696379401
203 101426.952085823
204 101424.700897371
205 101422.088205029
206 101414.25826872
207 101400.273476717
208 101389.320934378
209 101379.797943449
210 101371.230774621
211 101366.918822424
212 101365.825165384
213 101365.034708283
214 101363.197484158
215 101361.715827546
216 101343.322729502
217 101341.751003604
218 101336.140455627
219 101333.837092772
220 101331.788734009
221 101330.912022447
222 101329.791039258
223 101321.933270088
224 101320.922488622
225 101317.552145991
226 101315.813758089
227 101312.281008082
228 101311.331622146
229 101306.716437688
230 101292.534329451
231 101285.119371525
232 101282.148955761
233 101276.366279672
234 101273.896873399
235 101270.227283686
236 101269.377599438
237 101268.707180105
238 101268.203154101
239 101250.636519578
240 101247.831585864
241 101240.577503234
242 101229.03309001
243 101218.120028092
244 101215.722645223
245 101213.40180966
246 101211.076532747
247 101206.661603627
248 101203.984762994
249 101203.561649419
250 101198.179760853
251 101196.477031383
252 101195.363502479
253 101190.148208222
254 101186.56817749
255 101185.144196058
256 101180.309207194
257 101175.654185322
258 101173.121401558
259 101172.397973291
260 101171.905236418
261 101170.176478516
262 101165.054341304
263 101159.973234816
264 101155.85221559
265 101151.122299004
266 101148.82810952
267 101148.005179052
268 101147.113351274
269 101144.586554902
270 101139.402244937
271 101139.136928022
272 101136.073812875
273 101135.241589501
274 101134.641196057
275 101130.064396133
276 101126.522924723
277 101124.355871474
278 101121.470767989
279 101111.263480281
280 101108.472117477
281 101106.679988944
282 101106.372910219
283 101104.762686328
284 101102.097681598
285 101099.49793545
286 101098.004674432
287 101096.170835838
288 101094.958404239
289 101094.44938367
290 101093.852461343
291 101089.868266304
292 101087.453373116
293 101085.23271019
294 101084.329792841
295 101081.92233676
296 101077.572167357
297 101077.257252383
298 101076.887839968
299 101076.276128661
300 101070.375527248
301 101069.381514414
302 101067.884104065
303 101064.059652776
304 101057.434661034
305 101054.448808256
306 101053.406866616
307 101053.022237655
308 101051.01728973
309 101050.277737123
310 101048.760755377
311 101048.342764648
312 101047.182528996
313 101046.64530797
314 101046.129398845
315 101045.998582453
316 101044.061060535
317 101039.510192318
318 101036.58594486
319 101035.1710762
320 101032.751331502
321 101031.778811622
322 101031.445155467
323 101030.969680724
324 101030.950181949
325 101030.303396583
326 101027.791461691
327 101024.138383449
328 101023.629015864
329 101022.55143855
330 101017.95662936
331 101016.574259867
332 101016.236728148
333 101015.943635145
334 101013.816154815
335 101012.560908546
336 101012.210675948
337 101010.913334732
338 101010.515396724
339 101010.275856837
340 101009.992261941
341 101007.94388672
342 101006.038510063
343 101005.710901552
344 101003.449457602
345 101002.632458076
346 101000.691883201
347 101000.424451839
348 100999.609808594
349 100999.239974085
350 100998.301350919
351 100998.014310474
352 100997.693733863
353 100997.32615724
354 100996.392451862
355 100995.819889549
356 100995.166795979
357 100994.686701879
358 100993.826571726
359 100993.526692087
360 100993.389470291
361 100993.043553889
362 100992.755207981
363 100989.541433976
364 100988.215074574
365 100986.745912978
366 100986.258435602
367 100986.058352007
368 100985.595356151
369 100985.141554979
370 100984.546210618
371 100984.073235187
372 100983.271894202
373 100983.053426378
374 100982.901624905
375 100980.856621739
376 100980.428705959
377 100978.751169479
378 100977.742259207
379 100977.337212183
380 100977.163110123
381 100977.08189395
382 100976.897500837
383 100976.813243531
384 100976.26581234
385 100975.971443642
386 100975.871348275
387 100972.190459757
388 100971.788504013
389 100971.541752768
390 100971.386974067
391 100971.370098977
392 100970.552259994
393 100970.132578942
394 100969.963298248
395 100969.370865182
396 100969.057223896
397 100968.870865563
398 100968.819953296
399 100968.51352156
400 100967.236492878
401 100965.876429894
402 100964.974112808
403 100962.979030918
404 100962.560229197
405 100962.075238198
406 100961.912228289
407 100961.771618808
408 100960.815336481
409 100960.300890893
410 100959.91772391
411 100959.342606763
412 100959.248998465
413 100959.168988988
414 100959.086881871
415 100958.434664424
416 100957.774651623
417 100957.606840053
418 100956.221680599
419 100955.797745961
420 100955.43811782
421 100955.264231819
422 100955.184463059
423 100955.104101032
424 100954.781080932
425 100954.513104573
426 100953.769817653
427 100953.041177912
428 100952.605243304
429 100952.467199477
430 100952.317623653
431 100952.244085867
432 100952.0126166
433 100949.793577341
434 100949.259085932
435 100948.168157635
436 100947.09010332
437 100946.408589801
438 100946.131190889
439 100946.013814698
440 100945.907111692
441 100945.425372228
442 100944.977858148
443 100944.931070408
444 100944.247387993
445 100944.069339482
446 100944.015602237
447 100943.957788838
448 100943.844621939
449 100943.751772087
450 100943.31503867
451 100943.237382256
452 100943.099760844
453 100943.011225122
454 100942.881814778
455 100942.47489321
456 100942.468664974
457 100941.785613691
458 100941.33051008
459 100940.921203836
460 100940.746775327
461 100940.670942184
462 100940.616581848
463 100940.446457864
464 100939.813147157
465 100939.052347193
466 100938.729555886
467 100938.328604091
468 100938.115500297
469 100937.986673901
470 100937.921978405
471 100937.577555735
472 100937.064896247
473 100936.960203019
474 100936.759089699
475 100936.061000843
476 100935.773538723
477 100935.70059661
478 100935.651152613
479 100935.399582259
480 100934.979300337
481 100934.776620877
482 100934.540464321
483 100934.317649109
484 100934.097520669
485 100934.04310596
486 100933.972606043
487 100933.939664998
488 100933.62638891
489 100933.37516178
490 100933.092749943
491 100933.007878927
492 100932.907057713
493 100932.852598141
494 100932.787169524
495 100932.466034707
496 100931.829076493
497 100931.824849674
498 100931.793457576
499 100931.235140475
500 100930.911361927
501 100930.910268027
502 100930.867894802
503 100930.85890321
504 100930.792191874
505 100930.414834613
506 100930.410347757
507 100929.240571931
508 100929.148213814
509 100929.10748372
510 100929.022160203
511 100928.832687387
512 100928.70980744
513 100928.530339114
514 100928.439523887
515 100928.106014488
516 100928.045078593
517 100928.019474068
518 100927.989050357
519 100927.778780313
520 100927.753892582
521 100927.41155143
522 100927.382624677
523 100926.876844569
524 100926.806544877
525 100926.77824888
526 100926.550068711
527 100926.164435821
528 100925.932713604
529 100925.74125703
530 100925.628832717
531 100925.600490465
532 100925.550679517
533 100925.53856786
534 100925.283119835
535 100925.004264901
536 100924.940675444
537 100924.750464109
538 100924.584285191
539 100924.347306885
540 100924.31235556
541 100924.278105579
542 100923.905306418
543 100923.802813112
544 100923.627547751
545 100923.460896972
546 100923.383310652
547 100923.308129251
548 100923.287091175
549 100923.195414669
550 100922.900471773
551 100922.741099291
552 100922.650541516
553 100922.525880984
554 100922.395309484
555 100922.358388249
556 100922.337380717
557 100922.300407475
558 100922.294710491
559 100922.229083148
560 100921.953277938
561 100921.935704475
562 100921.608082976
563 100921.568623838
564 100921.507319579
565 100921.479740829
566 100921.45311985
567 100921.434087347
568 100921.224635191
569 100920.824635263
570 100920.819773585
571 100920.393987353
572 100920.345832102
573 100920.308711067
574 100920.295000005
575 100920.262312315
576 100920.163922065
577 100920.15186177
578 100920.128741208
579 100919.960530905
580 100919.806781191
581 100919.791561155
582 100919.720774399
583 100919.515455106
584 100919.495779292
585 100919.39698132
586 100919.108794003
587 100919.04951335
588 100919.013899405
589 100918.997659543
590 100918.858738687
591 100918.753348167
592 100918.543713831
593 100918.490413944
594 100918.430224795
595 100918.13307198
596 100918.103233441
597 100918.086065204
598 100918.076503101
599 100917.964476926
600 100917.799019765
601 100917.756785479
602 100917.584560706
