time objective
327.146357 53672.386429889
408.880399 38941.2057845582
783.673461 32910.3647088386
896.190162 29933.4327371679
969.510375 28861.8765769876
1027.197872 28356.9878099829
1345.763239 27989.7438719642
1407.696039 27796.090821898
1460.821314 27678.0388979914
1509.847873 27609.9463723245
1554.96959 27565.7164906925
1597.825217 27538.1364555243
1639.192096 27518.7592918703
1937.44429 27501.7553775381
1982.595117 27489.2417642477
2025.240025 27480.2130135072
2066.555913 27474.0368174742
2107.407552 27468.8167868089
2147.927783 27465.1665152508
2188.096899 27462.260786446
2226.742651 27460.0241559959
2265.483356 27458.1899288794
2303.781449 27456.8423204081
2342.784548 27455.7576146232
2380.418564 27454.9621581686
2418.361252 27454.3826913142
2456.706381 27453.9350887796
2493.938008 27453.5619741895
2530.865846 27453.2505647002
2567.654852 27453.0015631901
