time objective
588.70742 133465.189671373
898.462713 74403.0585825994
1255.782157 61772.3537296332
1646.802375 53533.6235726705
2031.96155 51378.6057330835
2432.391405 49603.9288326039
2770.604572 47928.621508831
3109.913494 46302.0753032528
3474.313027 44676.5326547043
3767.611589 43650.2916155728
4009.076776 42574.1139489508
4225.443226 41791.3656429832
4421.058952 40909.1354691048
4613.397243 40248.1355233977
4807.938106 39365.2694714096
5002.655697 38724.9282091178
5189.479204 38209.7545981674
5384.705057 37826.3587481642
5579.796555 37410.3532371461
5776.971307 37050.3642758623
5973.819874 36583.4271777077
6159.014763 36264.8107641709
6352.560574 35843.3628594421
6548.326155 35557.8816893465
6742.258808 35198.4795935493
6938.089526 34881.2391925688
7122.166127 34515.4232955012
7297.228323 34083.3552418062
7464.691096 33593.212921184
7632.589019 33110.3251058103
7800.407353 32690.5184467919
7964.097659 32422.0623983538
8130.45028 32174.2760448184
8294.834395 31875.4150090938
8462.585208 31594.0218929099
8631.087646 31301.2380917932
8797.891739 31096.7468563357
8963.778076 30891.7472905794
9131.296619 30788.0542731466
9298.967845 30647.6009589709
9463.971823 30458.2908241982
9632.084743 30119.8611000827
9966.136557 29946.922577573
10300.527487 29882.3593280296
10636.468334 29808.6806083393
10804.827553 29688.2857920635
10973.212376 29545.0025148731
11142.201935 29487.9199050145
11309.958279 29397.3770841698
11643.822954 29336.2545314602
11811.266258 29301.3182774888
12143.853715 29275.9358652086
12307.67491 29206.964136324
12472.282419 29160.3545430119
12637.045862 29106.1617567152
12802.929965 28999.510081128
13133.895387 28929.9833117986
13298.946659 28907.8509799183
13464.204857 28792.6389059356
13629.291756 28760.3058399754
13791.760934 28722.1540608839
13956.737816 28642.993852307
14289.712366 28541.561920287
14455.44059 28503.8604469876
14621.733809 28482.0980502978
14789.300002 28417.3082535889
15116.661501 28372.4725671244
15524.828982 28328.0132034481
