time objective
431.527431 119002.408418169
669.354378 69057.9122641447
963.098667 59011.0707201659
1286.880842 55910.7718552205
1631.775347 54588.9396045047
1993.107843 53095.7918587349
2357.138939 51012.2452801477
2644.049399 47813.0474591875
2931.273584 47037.9156026117
3258.571379 45800.0460971515
3540.464359 45469.4174873992
3764.883087 44488.1643051401
3971.018607 42530.0996228883
4153.001644 42474.504207233
4318.307737 41776.3951974001
4477.051059 41603.5673428633
4626.273794 41220.9297734889
4765.66319 40191.0318070738
4899.468628 39743.9191492719
5028.776777 39317.888961125
5149.746393 38382.3860576129
5270.923427 37902.3593186882
5385.607594 37821.5049910796
5494.621328 37663.2270300132
5600.523906 36906.8447078887
5693.027513 36187.5729836781
5779.05445 35554.7656188413
5860.875404 35118.5238947438
5934.03036 34854.9328931757
6006.882308 34779.0751436935
6072.534577 34685.0207217847
6134.914583 34291.2101864409
6192.196618 33945.3517210266
6241.955419 33837.1583274233
6288.549385 33828.8126175901
6333.670848 33235.3674100438
6377.056067 33190.4381398994
6418.241628 33069.5734282938
6454.810245 32944.0106694823
6488.754781 32547.6681578489
6520.761075 32416.4387146104
6552.335318 32340.6627726935
6582.463143 32278.4194895015
6610.937066 32070.4645632069
6635.377883 31936.7805116996
6659.415678 31443.2236113886
6680.121419 31333.2067578351
6699.765382 31119.4755182779
6720.462126 31066.1863029668
6739.089805 31009.7104553362
6757.825814 30815.0589456836
6774.316896 30760.7773859461
6791.099888 30654.7468533839
6807.22376 30525.4640971726
6821.578951 30454.1418499993
6836.1595 30434.0578270602
6851.023283 30392.5570269282
6864.356928 30366.706758269
6878.371958 30187.8861667584
6890.717123 30133.2120639548
6902.37571 29971.502520479
6913.09061 29962.3880918205
6922.313838 29648.2170512444
6932.763238 29614.8788287182
6943.160346 29596.5654094222
