time objective
3.561844 63297.0662577974
7.319006 54032.5532889931
11.30396 48495.6960023898
15.460145 45564.3057007765
19.747702 43785.5100931117
24.330058 41265.1971346113
29.254857 39761.6344279387
34.460504 38854.6381355897
40.010468 37756.618986598
45.920867 37197.3814936348
52.150792 36847.9579529927
58.568083 36300.9884242161
65.103125 35279.47817222
71.708242 34865.7282479861
78.646433 34749.1516426075
85.560733 34363.2364050722
92.59668 34272.8958018863
99.607275 34210.4176298427
106.698819 33765.7083327135
113.729015 33216.9962631994
120.84314 32664.3218229272
127.822915 32211.5695523482
134.797855 32114.8753670522
141.910556 32049.0601676947
149.381882 31963.208991607
156.69171 31689.9670407999
176.716343 31450.7913692651
190.818294 31330.2290350056
204.137113 31090.5775130317
214.013699 30942.6806665388
226.474358 30727.0829673997
238.237419 30697.2689250984
250.413578 30664.4598376634
261.43141 30607.9164294701
271.841392 30150.6995653455
282.080536 29928.5211175013
291.787219 29778.3917140786
301.240145 29416.455918325
317.828672 29340.708516538
335.26863 29268.8491167275
351.095113 29245.7066598785
360.19513 29147.8583985218
369.268686 29061.8623252712
378.323881 29055.5730940179
387.979092 29023.4832088536
403.437609 28972.6160334773
413.667954 28913.8067815806
422.980569 28907.1078406396
431.995285 28856.4697135401
439.961035 28798.6776507503
455.909347 28727.1433747452
465.802456 28679.9984512836
474.987299 28588.3359776225
484.68747 28555.6554107269
494.156292 28542.2651821947
503.982444 28483.6245963317
513.728374 28458.8746485564
523.051616 28349.1731886444
532.704814 28327.1151481891
541.738443 28316.3605425156
551.40437 28284.6262354995
560.174065 28272.9772901831
568.862536 28263.6447223809
577.07094 28249.4120605305
585.063561 28086.0546889046
593.827773 28066.5710387726
602.8402 28034.5510450382
612.078603 28001.442809959
620.450065 27972.510074912
628.727567 27951.6652943334
637.47996 27940.17374684
646.082318 27925.4832642806
654.835083 27864.4385363015
663.72055 27863.8389563897
673.332064 27835.6914197033
681.877381 27833.2547127209
690.773936 27818.9612732358
698.872797 27815.8573134639
707.418938 27794.8474912386
715.004446 27758.7251734235
723.818359 27756.3598503294
731.963286 27728.2887040028
740.55075 27700.9825712618
748.640815 27679.5895091581
755.915817 27671.7136119948
763.070204 27659.0932450639
771.508706 27656.8244078931
780.285341 27647.6963900733
788.778636 27633.7189926633
796.939352 27631.6812424884
805.49133 27628.2859829335
812.822979 27624.5024702515
820.124907 27609.0863626099
829.107402 27609.0863626084
837.041464 27586.8526520779
845.2777 27579.3792153862
852.95971 27571.949990551
860.035593 27568.9559464116
866.725154 27556.3408250307
873.772453 27552.3431639435
881.635186 27550.8695819893
889.247071 27546.2622100049
897.111126 27539.7038895362
904.866257 27536.0626315597
912.681376 27534.0215447794
920.007763 27530.3731093342
927.014983 27525.0077255505
935.058036 27525.0077255504
942.461974 27524.0683874016
949.88069 27519.6953868339
956.662583 27518.4608686101
963.375881 27514.3579585807
970.063225 27504.9095937112
976.675523 27502.0273565028
983.242654 27501.5435603115
990.470538 27496.8110072094
997.686563 27495.0462800285
1005.087117 27493.5465644047
1012.404041 27492.8976875243
1019.054912 27492.3328299385
1025.805117 27488.9535262177
1032.571637 27484.7658642657
1039.743966 27480.4706013917
1048.355667 27480.4706013917
1055.047207 27478.4371393045
1062.167352 27478.0884494819
1069.232861 27476.5243872008
1076.190769 27475.9929617381
1083.150675 27475.8330342342
1089.79223 27472.8995392925
1096.481853 27471.4138659955
1103.301656 27471.0402937756
1109.800709 27469.6517038236
1116.801083 27468.6393734144
1123.896206 27468.1643802999
1130.722328 27467.9285705013
1137.457308 27467.6766669093
1144.253051 27466.5611439266
1151.089795 27465.3994206301
1157.927596 27465.2213458276
1164.68891 27464.5130240267
1171.741225 27463.2828033075
1178.250798 27463.0274843324
1184.980285 27462.7157097536
1191.396948 27462.387349229
1197.883017 27461.8081699111
1204.507739 27461.5678244843
1211.082655 27461.2941192388
1217.914256 27461.1809878424
1224.632214 27460.9318840909
1231.542471 27460.5340346327
1238.16322 27459.4799085794
1244.573542 27459.4626528205
1251.310008 27459.2204691312
1257.808391 27458.8785866865
1264.264109 27458.6697902677
1270.586586 27458.5933147101
1276.713173 27458.2129661208
1282.754301 27457.4232962907
1289.219474 27457.0164987664
1295.168015 27456.8511763676
1301.124412 27456.5929176911
1307.091581 27456.362655148
1312.932462 27456.3189533416
1319.04381 27456.1644028176
1325.298895 27455.8426593782
1331.115516 27455.4754648198
1337.15241 27455.3857762643
1343.303954 27455.3580016358
1349.080576 27455.1115931433
1355.241097 27454.968179206
1361.304551 27454.9452988357
1367.385389 27454.8789356733
1373.258502 27454.615604853
1379.315832 27454.5338392271
1385.641728 27454.490298331
1392.245623 27454.1908883832
1398.093718 27454.0817464627
1404.159108 27454.0529164953
1410.454884 27454.0219479297
1416.734576 27453.968113297
1423.287152 27453.7216724002
1429.654303 27453.5878358843
1435.903679 27453.412999643
1441.99194 27453.3222662002
1448.518629 27453.1838806184
1455.015279 27453.153891616
1461.587909 27453.1419973363
1467.305346 27453.1064201876
1473.029964 27452.9905642444
1478.986451 27452.8412828223
1484.546343 27452.7853325337
1490.113758 27452.7507024293
1496.188896 27452.6998351723
1501.765591 27452.6333813273
1507.807642 27452.6217093711
1513.652144 27452.6086995036
1519.538581 27452.5084239674
1525.474054 27452.4753189071
1531.930214 27452.4560840815
1538.209725 27452.4061107386
1544.439401 27452.3807503651
1550.613932 27452.3747008204
1556.772053 27452.3583274167
1563.242652 27452.2965518531
1569.383225 27452.2894327704
1575.220678 27452.2348726833
1581.32045 27452.1862943753
1587.404102 27452.1537915313
1593.558751 27452.1411914985
1600.00571 27452.1211161694
1605.989225 27452.1196046508
1612.139275 27452.0942157273
1618.238571 27452.0842122973
1624.296224 27452.0713963993
1630.845657 27452.0505602287
1637.2012 27452.0300739769
1643.259047 27452.0110480778
1649.42887 27452.0008335808
1655.371233 27451.9968929246
1661.441785 27451.9612380782
1667.812375 27451.9419293704
1674.03868 27451.9401576625
1680.26372 27451.9245644143
1686.243265 27451.9198118755
1692.002018 27451.9125832544
1698.134846 27451.9065254655
1704.114927 27451.8864806066
1710.391537 27451.8840238196
1716.715104 27451.8673627188
1722.718589 27451.8654282756
1728.723865 27451.8610993147
1735.186155 27451.8582048138
1741.410789 27451.8502134695
1747.737291 27451.8415031866
1754.080442 27451.8145694193
1760.269794 27451.8042635862
1766.665397 27451.8001565477
1773.288482 27451.7896180533
1779.68552 27451.7852226419
1785.873827 27451.7808654267
1791.815811 27451.7794252712
1797.945201 27451.7698845204
1804.440039 27451.7519599533
1810.635099 27451.7314452615
1817.004839 27451.7258871942
1823.001081 27451.7227409336
1829.031145 27451.7164000339
1834.989795 27451.7132278231
1841.288639 27451.712362531
1847.211701 27451.7103778178
1852.953268 27451.7010478245
1858.765122 27451.6895056392
1864.678305 27451.6844695752
1870.595689 27451.6784689172
1876.533127 27451.6735623522
1882.112573 27451.6722913657
1888.094766 27451.6708679501
1894.013799 27451.6690428151
1899.673639 27451.6650774346
1905.749679 27451.6616202346
1911.382694 27451.6586894173
1917.43371 27451.6574346632
1923.427387 27451.6536809055
1929.281821 27451.6522743805
1935.219299 27451.651205992
1941.512046 27451.6506265253
1947.659408 27451.6502359769
1953.824622 27451.6405220839
1959.879778 27451.6318544367
1965.639677 27451.6276468013
1971.606652 27451.6237271473
1977.727797 27451.6223613286
1983.478393 27451.6210135293
1989.178581 27451.6205771401
1994.794162 27451.6187236617
2000.495491 27451.617241052
2006.251152 27451.6144883187
2012.421656 27451.6141274874
2018.171228 27451.6131177123
2023.780967 27451.6125591766
2029.688174 27451.6110156141
2035.370473 27451.6056099995
2041.165996 27451.6043722668
2047.283881 27451.6026788966
2053.065648 27451.6002558155
2058.869376 27451.599021445
2064.545312 27451.5988006989
2070.17379 27451.5976635952
2075.751365 27451.5972127169
2081.541854 27451.5959986245
2087.177403 27451.5947339833
2093.102055 27451.5938331075
2098.980627 27451.5933335833
2104.627084 27451.5930421104
2110.336103 27451.5927564886
2115.939312 27451.591875762
2121.593903 27451.590889017
2127.704671 27451.5897017574
2133.805262 27451.5894392662
2139.706135 27451.5891146456
2145.732315 27451.5877178266
2152.252496 27451.5871958167
2158.212618 27451.5870790195
2164.370617 27451.5869256024
2170.391967 27451.5851323684
2176.474611 27451.5837194573
2183.086869 27451.582528514
2189.422744 27451.5821914841
2195.761678 27451.5812682672
2202.087188 27451.581094017
2208.278064 27451.5809084972
2214.530708 27451.5804388856
2221.094973 27451.5802183157
2227.385066 27451.5797427747
2233.768239 27451.5795868552
2239.767581 27451.5793774262
2245.805533 27451.5792398081
2252.234859 27451.5785219894
2258.415014 27451.5772945794
2264.612661 27451.5766631974
2270.744869 27451.5761160565
2276.797505 27451.5759004022
2282.912252 27451.5757268338
2289.050658 27451.5754106967
2294.989726 27451.5747255769
2301.114386 27451.5747240985
2307.342848 27451.574673185
2313.294767 27451.5742387374
2319.680525 27451.5741734633
2326.008119 27451.574138362
2332.341647 27451.5735021959
2338.621345 27451.5729343788
2344.883642 27451.5727922149
2351.053089 27451.5722535374
2357.40449 27451.5720457999
2363.719881 27451.5719939436
2369.874476 27451.5718636982
2376.137574 27451.5718341392
2382.29981 27451.5717697455
2388.922065 27451.5717045411
2395.258525 27451.5712233147
2401.676128 27451.570934475
2408.055087 27451.5707237771
2414.108351 27451.570621566
2420.003671 27451.5704784572
2426.345663 27451.5704332569
2432.365819 27451.5704007193
2438.393099 27451.5702792661
2444.434417 27451.5698850752
2450.496704 27451.5698744429
2456.78885 27451.5697321615
2462.814171 27451.5696645165
2468.685467 27451.5696381051
2474.683638 27451.5696098492
2480.291356 27451.5694940409
2485.961242 27451.5694285327
2491.807622 27451.5691689567
2497.60842 27451.569063508
2503.71733 27451.5690156008
2509.902088 27451.568950632
2515.506053 27451.5689324716
2521.048632 27451.5689198938
2526.691653 27451.5688398568
2532.210404 27451.5688208705
2538.411032 27451.5687969253
2544.198779 27451.5686780055
2550.298718 27451.5685396477
2556.447039 27451.5685222439
2562.818672 27451.5685069897
2568.870566 27451.5684877723
2574.949612 27451.5684170017
2581.020387 27451.5684128902
2586.811599 27451.5682948034
2592.865248 27451.5682575692
2599.381759 27451.5681844808
2605.45608 27451.568174143
2611.651954 27451.5681580428
2617.648855 27451.5681570136
2623.508937 27451.5680815996
2629.869834 27451.5680521578
2635.867748 27451.5680144022
2641.969932 27451.5680033705
2648.193331 27451.5679517955
2654.30353 27451.5679157522
2660.490902 27451.5679020216
2666.545965 27451.5678663612
2672.044414 27451.5677776641
2677.583073 27451.5677670379
2682.961018 27451.5677547445
2688.081356 27451.5676981326
2693.448831 27451.567693554
2699.107486 27451.5676858052
2704.724731 27451.5676654837
2710.381492 27451.5676625319
2716.144384 27451.5676425047
2721.922775 27451.5676011921
2727.79498 27451.5675862672
2733.927169 27451.5675793813
2739.862007 27451.5675757023
2745.544541 27451.5675653545
2751.454315 27451.5675351
2757.225814 27451.5675100325
2763.137859 27451.5674992795
2769.124707 27451.5674502346
2774.992015 27451.5674447666
2780.759464 27451.5674391392
2786.923662 27451.5674368917
2793.144419 27451.5674157641
2799.581088 27451.5674047734
2806.27482 27451.5673909115
2812.347162 27451.5673816826
2818.052904 27451.5673793794
2823.976749 27451.5673617603
2829.441431 27451.5673589041
2835.28211 27451.5673577792
2840.646653 27451.5673523208
2846.612837 27451.5673328674
2852.599305 27451.5673206996
2858.453392 27451.567314362
2863.636286 27451.567311678
2868.872202 27451.5673084392
2874.631422 27451.5673066838
2880.195006 27451.5672974982
2885.682506 27451.5672881988
2890.921098 27451.5672679943
2896.743348 27451.5672647594
2902.853697 27451.5672562559
2909.217046 27451.5672517172
2915.067968 27451.5672501456
2921.172867 27451.5672482843
2927.329186 27451.5672431071
2933.488442 27451.5672323061
2939.846152 27451.5672226879
2945.536148 27451.5672180479
2951.233703 27451.5672043932
2956.492106 27451.5671992812
2961.611372 27451.567197458
2966.968579 27451.5671959638
2972.829674 27451.5671940899
2978.656546 27451.5671921817
2984.383495 27451.5671895747
2990.121179 27451.5671871171
2995.802575 27451.5671841499
3001.4425 27451.5671801171
3006.755341 27451.5671785059
3012.665024 27451.5671773974
3018.454612 27451.5671770497
3024.254365 27451.5671744604
3029.922264 27451.567173197
3035.702332 27451.5671703829
3041.296768 27451.5671700044
3047.429655 27451.567167932
3053.285675 27451.567166065
3059.315699 27451.5671639207
3065.147645 27451.567163463
3070.929667 27451.5671630142
3077.048272 27451.5671614415
3083.242891 27451.5671568009
3089.273764 27451.5671509677
3095.378354 27451.5671479514
3101.271108 27451.5671444989
3107.060072 27451.5671427921
3113.258128 27451.5671418747
3119.418531 27451.5671414413
3125.372955 27451.5671392098
3131.60947 27451.5671372242
3137.540408 27451.5671369697
3143.702576 27451.5671367168
3150.214929 27451.5671360697
3156.402398 27451.567133125
3162.532713 27451.5671329148
3168.587362 27451.5671323424
3174.398375 27451.5671314875
3180.395638 27451.567128385
3186.341515 27451.5671277322
3192.393548 27451.5671269933
3198.519443 27451.5671264449
3204.616629 27451.5671256341
3210.850138 27451.5671252626
3217.397847 27451.567124344
3223.702738 27451.5671214695
3229.876817 27451.5671206268
3235.949816 27451.5671193847
3241.545469 27451.5671189566
3247.637793 27451.5671159287
3254.105677 27451.5671159122
3260.252283 27451.5671151289
3266.273505 27451.5671150413
3272.191892 27451.5671143762
3278.213492 27451.5671121185
3284.684385 27451.5671116175
3290.782203 27451.5671114594
3297.014384 27451.5671096039
3303.128609 27451.5671086538
3309.082805 27451.56710824
3315.234293 27451.5671080412
3321.563243 27451.5671077162
3327.113017 27451.5671058031
3332.835359 27451.5671046705
3338.61794 27451.5671042168
3344.179697 27451.5671026237
3349.87815 27451.5671023739
3355.94522 27451.5671020795
3361.749829 27451.5671019676
3367.5415 27451.5671018871
3373.338433 27451.5671017135
3378.932974 27451.5671000511
3384.640364 27451.5670989616
3390.63072 27451.5670981959
3396.473868 27451.567096531
3402.287301 27451.5670961773
3408.048868 27451.5670952525
3413.737433 27451.567095104
3419.565699 27451.567094753
3425.617778 27451.5670944563
3431.418695 27451.5670944038
3437.101788 27451.5670940751
3442.582097 27451.5670938799
3448.10999 27451.5670937076
3454.033162 27451.5670936627
3460.113433 27451.5670936425
3465.985351 27451.5670934271
3472.031292 27451.5670931644
3477.96194 27451.5670929275
3483.877073 27451.5670927435
3490.119154 27451.5670925204
3496.096741 27451.56709247
3502.080248 27451.567092414
3508.115306 27451.5670919713
3514.04574 27451.5670919307
3520.048011 27451.5670915447
3526.363378 27451.5670911838
3532.33242 27451.5670907018
3538.274308 27451.5670905082
3543.849029 27451.5670904577
3549.204568 27451.5670904206
3554.890553 27451.5670902337
3561.164012 27451.567090219
3567.157841 27451.5670901193
3573.158874 27451.5670900898
3579.112708 27451.5670900357
3585.005005 27451.5670900013
3590.998975 27451.5670898184
3597.190234 27451.5670897797
3603.104989 27451.5670896628
3609.045292 27451.5670895346
3614.948158 27451.5670894073
3620.805711 27451.567089389
3626.737676 27451.5670893684
3632.858057 27451.5670893334
3638.792731 27451.5670892898
3644.678818 27451.5670891967
3650.535646 27451.5670891715
3656.44453 27451.5670891106
3662.561001 27451.5670890522
3668.483244 27451.5670890396
3674.379718 27451.567089018
3680.283969 27451.5670889658
3686.129978 27451.5670889308
3692.01297 27451.5670889094
3698.092854 27451.5670888399
3703.951371 27451.5670888247
3709.786485 27451.5670887954
3715.675961 27451.5670887867
3721.441911 27451.567088777
3727.100008 27451.5670886274
3732.723248 27451.5670886
3738.645641 27451.5670885511
3744.607184 27451.5670883948
3750.564639 27451.5670883677
3756.445452 27451.5670883413
3762.373436 27451.5670883307
3768.270291 27451.5670883219
3773.563488 27451.5670882994
3778.763328 27451.5670882364
3784.020899 27451.5670881949
3789.198364 27451.567088148
3794.385569 27451.5670881474
3799.871886 27451.5670880708
3805.236692 27451.5670880609
3810.563699 27451.567088056
3815.876682 27451.5670880275
3821.188904 27451.5670880202
3826.404318 27451.5670879685
3831.693021 27451.5670879616
3837.159152 27451.5670879465
3842.384634 27451.5670879374
3847.28776 27451.5670879279
3852.213644 27451.5670879147
3857.456372 27451.5670878733
3862.705581 27451.5670878468
3867.96386 27451.5670878341
3873.411448 27451.5670878312
3878.650439 27451.5670878069
3883.91505 27451.5670878061
3889.180614 27451.5670878005
3894.382201 27451.5670877938
3899.577799 27451.5670877536
3904.977227 27451.5670877354
3910.112285 27451.567087708
3915.412398 27451.5670876814
3920.597652 27451.5670876712
3925.743978 27451.5670876495
3930.893821 27451.5670876466
3936.172161 27451.5670876453
3941.688246 27451.5670876407
3946.958808 27451.5670876286
3952.236853 27451.5670876175
3957.270193 27451.5670876161
3962.094157 27451.5670876104
3967.342084 27451.5670876096
3972.894862 27451.5670876061
3978.23153 27451.5670875972
3983.438863 27451.5670875878
3988.75758 27451.5670875803
3994.033773 27451.5670875757
3999.197245 27451.567087565
4004.401311 27451.5670875634
4009.847549 27451.5670875588
4015.033191 27451.5670875497
4020.254433 27451.5670875415
4025.5574 27451.5670875398
4030.692184 27451.5670875394
4035.935834 27451.5670875261
4041.501709 27451.5670875217
4046.726338 27451.5670875204
4052.055929 27451.5670875184
4057.369575 27451.5670875037
4062.695004 27451.5670874869
4068.004463 27451.5670874826
4073.23939 27451.567087472
4078.880202 27451.5670874715
4083.924916 27451.5670874707
4089.217451 27451.5670874703
4094.273306 27451.5670874676
4099.211002 27451.5670874632
4104.533208 27451.5670874541
4110.13392 27451.5670874466
4115.401238 27451.5670874437
4120.676866 27451.5670874416
4125.861367 27451.5670874376
4131.128284 27451.5670874356
4136.282109 27451.5670874338
4141.554585 27451.5670874324
4146.732431 27451.5670874311
4151.590261 27451.5670874253
4156.723594 27451.5670874248
4162.025459 27451.5670874237
4167.687932 27451.5670874236
4172.573973 27451.5670874226
4178.163802 27451.567087418
4183.478528 27451.5670874148
4188.99032 27451.5670874135
4195.125872 27451.5670874134
4201.387501 27451.5670874134
4207.505503 27451.5670874134
4214.031545 27451.5670874134
4219.387239 27451.5670874129
4225.369936 27451.5670874126
4231.097704 27451.5670874119
4237.017905 27451.5670874115
4242.395608 27451.5670874109
4247.918994 27451.5670874066
4254.029498 27451.5670874066
4260.024029 27451.5670874065
4265.959005 27451.5670874057
4271.890168 27451.5670874055
4277.984807 27451.5670874053
4284.37264 27451.5670874052
