time objective
1.640555 57583.5440982758
3.617247 47802.8169214274
6.15225 45811.8713201571
9.102416 42933.4690427756
12.333191 41913.7911121734
16.272004 40733.4735507049
20.431969 39367.3713850582
25.327207 38791.002495197
31.142128 38104.3768177357
37.098295 37221.7303066685
43.530644 36861.1879337946
50.077326 36599.406356424
56.962341 35493.6030444854
63.739773 35300.7823354596
70.914133 34922.4972394336
78.317468 34417.6706824251
86.281409 34041.9016099481
93.823312 33993.2554429034
101.463681 33638.3560559747
107.972653 32890.9381929859
114.430877 32777.3753084655
121.34059 32760.504771318
128.330384 32489.5359607326
135.582126 32248.8869005132
143.55649 32210.3498007456
152.858196 32157.373804047
162.504589 31661.4081643633
171.089199 31409.1228813683
179.154918 31263.4552856515
187.579861 31152.0889256271
195.273729 30907.4237747379
203.319882 30877.6841012459
211.537541 30830.4271828608
219.919329 30786.2898653283
227.788524 30602.9340630083
235.193746 30107.4685859304
241.675389 29931.0989913323
249.355287 29917.399791437
256.823454 29826.7831968738
264.599747 29543.2781742448
273.102368 29465.9460803256
281.142074 29426.7761070976
288.500331 29351.3143126878
294.649007 29213.5478659648
299.686629 29171.8999959215
305.814152 29159.9777566329
313.216476 29101.8950932975
319.898629 29082.4935521601
326.771814 29006.8881118263
332.95357 28874.7144503237
339.340348 28816.8988274985
345.347839 28741.5812306317
351.34798 28686.2141972802
357.608127 28635.7895095186
363.966356 28633.284855495
370.819147 28565.221524969
377.120973 28542.302474679
383.485107 28523.3507265117
390.203129 28512.7116702145
396.6239 28481.8500171554
402.721733 28407.8958694323
409.512281 28407.8958694322
415.262316 28358.3080442755
421.064431 28352.7621860536
426.960461 28297.8974818383
433.301408 28263.2524729967
439.012288 28246.8089436376
444.263624 28225.8115928386
449.303155 28130.7412407341
454.915001 28069.2914040934
460.48131 28034.3041965455
466.226921 28024.7501555737
471.362758 27982.3296354996
476.145569 27972.6688281493
481.101893 27958.3790446827
486.084824 27926.2226412032
491.024013 27926.1119819949
496.562678 27867.095283774
501.780304 27853.3181980356
507.458611 27811.5696213401
511.889164 27797.0995837417
516.250314 27789.0787517163
520.771554 27779.5617478912
525.331173 27775.5920491741
529.691093 27767.0096399584
533.637665 27761.9279266998
539.066756 27761.9279266993
543.025899 27738.1996941897
547.219788 27720.4068526937
553.309758 27720.4068526915
558.105685 27705.9920885895
563.048974 27688.7087668396
568.195211 27664.4135228671
572.61554 27656.398619409
576.286774 27646.4616883742
580.085231 27629.45116549
584.361019 27623.4463631126
588.924225 27608.4930919938
593.750097 27597.8934068584
598.717468 27593.8605244539
603.265459 27585.5337284109
607.249777 27583.6150883519
611.12553 27580.3397553323
614.995846 27572.0741134869
619.205595 27570.6812417851
622.663604 27569.8869451628
626.74266 27552.8681915034
630.290633 27549.7938263573
633.582969 27544.7137571523
637.177921 27539.2895745828
641.968463 27539.2895745827
645.547697 27534.868209646
648.964811 27533.1788834081
652.045992 27531.3077554637
654.97714 27529.5430479753
657.799779 27525.6638387326
660.80079 27522.2608109129
664.241363 27517.9755346746
667.372926 27515.6975077246
670.947233 27514.1141790555
674.172483 27511.1971685354
677.491671 27509.5893945219
680.265517 27508.8287272548
683.110403 27504.2839131274
687.56779 27504.283913126
690.484421 27502.0702699853
693.701823 27500.1644111731
696.68561 27499.1029626479
700.103662 27498.1095507469
703.339862 27497.3260406766
706.228926 27494.9931891806
709.075412 27487.2581202764
712.287273 27486.0629187005
715.612628 27481.3253188289
718.433869 27479.8616941126
721.353701 27478.86839487
724.424148 27478.0185492846
727.457746 27477.4782615064
731.62225 27477.4782615039
734.512229 27476.2965130243
737.401207 27475.6489891906
740.479732 27474.7506161965
743.629266 27473.9259748087
746.714925 27473.2476040876
749.669069 27472.9968215153
752.68962 27472.4338477495
755.619508 27472.263687752
758.754975 27471.4802882587
761.766923 27470.7111937527
764.804265 27470.0636333972
768.953273 27470.0636333947
772.415057 27468.5134522732
775.661162 27468.1053835848
779.08708 27467.7207956284
782.34028 27467.1351850831
785.620038 27467.0228668991
788.723555 27466.3372790596
791.512739 27465.8814553348
794.29498 27465.3702828741
796.992661 27464.3493695507
799.842102 27463.6157918541
803.045106 27463.3567889954
806.144191 27462.9860033263
809.042929 27462.5198629165
812.24849 27462.0812046583
815.219753 27461.0520447456
818.320803 27460.7963868788
821.3756 27460.217875529
823.807244 27459.8193793855
826.412524 27459.5918618259
829.496177 27459.5143176347
832.396326 27459.4461978298
835.463216 27459.1270869374
838.22317 27458.9322979148
840.729394 27458.7020208561
843.6547 27458.4998429309
846.323589 27458.1132300795
849.07515 27457.9951724645
851.637445 27457.8474768318
855.648419 27457.8474768314
857.904861 27457.7238401884
860.639112 27457.6696305605
863.730839 27457.2990623897
866.68387 27456.9888558523
869.649868 27456.7608236782
872.336658 27456.6963578463
875.243546 27456.3929309563
877.990814 27456.2566744901
880.964293 27455.8946513634
883.679048 27455.7786803228
886.665439 27455.567401409
889.589568 27455.4940255426
892.353219 27455.4147004112
895.449082 27455.2420280652
898.27765 27455.1701003139
901.121534 27455.1101096263
903.932958 27455.0162157874
906.749715 27454.9926903992
909.627676 27454.7754866162
912.679157 27454.7147467431
915.306767 27454.6884265204
918.267862 27454.571795262
922.119905 27454.5717952619
924.785816 27454.3947103009
927.408031 27454.3432903506
929.958953 27454.1336720145
932.605084 27454.0893870494
935.215117 27454.0721007826
937.939656 27453.9338610592
940.727827 27453.8765152576
943.341372 27453.8424444867
946.30153 27453.788671227
949.267834 27453.7560677476
951.990771 27453.7004672792
955.026825 27453.6712260807
957.724718 27453.610436535
960.393029 27453.4880141607
963.298494 27453.4386478696
966.351706 27453.3680683931
969.118538 27453.2813380573
971.898708 27453.2342073984
974.650931 27453.1956312637
977.52321 27453.1670845629
980.369218 27453.1368872526
983.046714 27453.0665551633
985.792474 27453.0530140407
988.530329 27453.0106385935
991.395979 27452.9819954293
993.994835 27452.9507609826
996.715676 27452.9163817877
999.479087 27452.8443111618
1002.517029 27452.779416308
1005.204051 27452.7487750021
1008.182411 27452.7004297992
1011.121629 27452.679545551
1014.051674 27452.662762988
1016.92675 27452.6416713519
1019.793886 27452.6272534432
1022.603611 27452.5877185951
1025.250095 27452.5792326665
1028.259492 27452.5452332676
1031.090209 27452.5318553431
1033.804517 27452.4201322289
1036.556681 27452.4080110464
1039.120171 27452.3885776217
1041.58697 27452.374876895
1044.362258 27452.3514626459
1047.96774 27452.3514626457
1051.02855 27452.3362217875
1054.050487 27452.3053120672
1056.444525 27452.2592463709
1059.297915 27452.2486089854
1062.138543 27452.2330995462
1065.079444 27452.2172292073
1068.300802 27452.1713789194
1071.24203 27452.1695300477
1074.430319 27452.13482498
1077.046997 27452.1228600639
1079.814625 27452.111586427
1082.760554 27452.1006125205
1085.869846 27452.0966598714
1089.023054 27452.072640701
1091.997715 27452.0668965803
1094.8429 27452.0591787623
1097.65136 27452.0535148337
1100.441416 27452.0404027668
1103.094776 27452.0307427506
1105.89941 27452.0112425244
1108.744785 27452.0080863496
1111.734904 27451.9920319454
1114.727769 27451.9877176328
1117.806002 27451.9785702921
1120.774984 27451.9715380035
1123.808039 27451.9666741242
1127.046604 27451.9491172241
1130.20169 27451.9450246165
1133.128909 27451.9375115425
1135.936366 27451.9314728147
1138.838721 27451.9255898192
1141.589655 27451.9179220384
1144.194726 27451.9103792354
1147.071713 27451.9016734025
1149.917068 27451.896486445
1152.744201 27451.8892492338
1155.629279 27451.8836702274
1158.391257 27451.8790741656
1161.099638 27451.8722690996
1164.159482 27451.8621107969
1167.08277 27451.8585800848
1170.099977 27451.8505049319
1172.998069 27451.8489227427
1176.032654 27451.8407433362
1178.945052 27451.8359661769
1181.908296 27451.8311130183
1184.654887 27451.8273798149
1187.414585 27451.8184281732
1190.200509 27451.8057348947
1192.983279 27451.8051240986
1195.562638 27451.7990954681
1198.233387 27451.7878284071
1200.87969 27451.7808049502
1203.578141 27451.7758052312
1205.894071 27451.7735977371
1208.420178 27451.7717793903
1210.838256 27451.7617086833
1214.63189 27451.7617086832
1217.228928 27451.7535977327
1219.98115 27451.7456664054
1222.453379 27451.7402915586
1225.065199 27451.7291249033
1227.890371 27451.7230961764
1230.46934 27451.7211984011
1232.745476 27451.7163372625
1235.67797 27451.7077217806
1238.448656 27451.7050418052
1241.160306 27451.7043875592
1243.861653 27451.6983306212
1246.495943 27451.6937820125
1248.947288 27451.6923200908
1251.554445 27451.6897457346
1254.080458 27451.6895796106
1257.988482 27451.6895796101
1260.228654 27451.6831326094
1262.706937 27451.6814631688
1265.237926 27451.6790887859
1268.049958 27451.6774765168
1270.698287 27451.6721688756
1273.452831 27451.6657369471
1276.132911 27451.6632104942
1278.69811 27451.6595639535
1281.313169 27451.6582800157
1284.218996 27451.6548097205
1286.915845 27451.6533188696
1289.798412 27451.6517496944
1292.48939 27451.6512874708
1295.251511 27451.648701307
1298.035954 27451.6483061426
1300.722012 27451.6467397798
1303.658241 27451.6457185251
1306.495737 27451.6427144989
1309.250021 27451.6421821792
1311.590385 27451.6387075087
1314.29703 27451.6353560143
1317.010234 27451.6338087278
1319.479985 27451.632413713
1322.232742 27451.6310586223
1324.825748 27451.6297940529
1327.384445 27451.6291241281
1329.778249 27451.6268502946
1332.327092 27451.6240680365
1334.884697 27451.6227005125
1337.388443 27451.6219699489
1339.804368 27451.6205671636
1342.388093 27451.6200778632
1344.886944 27451.6174075709
1347.232272 27451.6173932972
1349.821191 27451.6153427254
1352.307075 27451.6143527497
1354.939847 27451.6136610852
1357.444668 27451.6126804973
1359.99946 27451.6112094667
1362.785159 27451.6102828245
1365.486156 27451.6094433298
1368.2454 27451.6094428322
1370.751501 27451.6091339814
1373.40652 27451.6084201013
1375.932107 27451.6072965706
1378.542485 27451.6066496782
1381.132546 27451.6059942788
1383.844498 27451.6049774156
1386.390926 27451.6045533456
1388.881253 27451.60438322
1391.333074 27451.6021728823
1393.826138 27451.6015472071
1396.449776 27451.6009044379
1398.850186 27451.6002092092
1401.456301 27451.5993246114
1404.017254 27451.5987923822
1406.740484 27451.5983325451
1409.458442 27451.597503621
1412.117443 27451.5973938607
1414.606811 27451.5962917594
1417.317448 27451.5959733295
1419.770241 27451.5950125623
1422.154019 27451.5935181571
1424.92829 27451.5929058633
1427.462716 27451.5928296677
1430.039926 27451.5916972572
1432.30076 27451.5912933491
1434.669053 27451.5909917452
1437.276045 27451.5904653823
1439.902741 27451.5904433949
1442.490817 27451.5892281188
1445.03847 27451.5887638443
1447.70129 27451.5885435269
1450.465921 27451.5882508483
1453.110244 27451.5877566565
1455.66522 27451.5874789841
1458.208431 27451.5870726966
1460.441445 27451.5867070127
1463.087273 27451.586476285
1465.670876 27451.5855748523
1468.321167 27451.5852494855
1471.232595 27451.5848515381
1474.028958 27451.5844919604
1477.0042 27451.5843604338
1479.715675 27451.5835142477
1482.206574 27451.5831594436
1484.876907 27451.5830351147
1487.833298 27451.5826243811
1490.666019 27451.5821248394
1493.613695 27451.5819362889
1496.316385 27451.5816474375
1498.955717 27451.5810632394
1501.537083 27451.5808894517
1504.372309 27451.580677947
1507.085505 27451.5804061656
1509.852339 27451.5800343931
1512.819205 27451.5797008018
1515.655338 27451.5795030672
1518.492526 27451.5793477843
1521.455818 27451.5790333693
1524.389157 27451.5788686259
1527.512458 27451.5788380333
1530.438232 27451.5784206951
1533.367637 27451.5778883116
1536.241802 27451.5776853995
1539.000491 27451.5775253009
1542.00518 27451.5774606097
1544.707633 27451.577229488
1547.71295 27451.5769853395
1550.546067 27451.576910007
1553.398404 27451.5765753906
1556.148429 27451.5764282182
1559.026985 27451.5763058498
1561.920854 27451.5761516666
1564.623592 27451.5761151749
1567.648619 27451.5758034437
1570.530513 27451.5755785928
1573.387472 27451.5754274373
1576.187557 27451.5752721724
1579.334862 27451.5750659683
1582.172777 27451.5750141488
1585.319989 27451.5748515086
1588.074093 27451.5746275307
1590.858404 27451.574525849
1593.714274 27451.5744046276
1596.513414 27451.5743603508
1599.249489 27451.5741899873
1602.030844 27451.5740133077
1604.989341 27451.5739909432
1607.734479 27451.5737833888
1610.556881 27451.5736464182
1613.341935 27451.5735515104
1616.285214 27451.5734455873
1618.957818 27451.573275269
1622.029093 27451.5732115856
1624.763432 27451.5730129141
1627.587217 27451.5729343101
1630.461358 27451.5728530415
1633.275499 27451.5728378442
1636.187166 27451.572510489
1639.02457 27451.5721544686
1641.948649 27451.5720828948
1645.037515 27451.5719510398
1647.781524 27451.5719377718
1650.666257 27451.5718097899
1653.576789 27451.5717456165
1656.363904 27451.5716272458
1659.162959 27451.5715906417
1662.04873 27451.5715113722
1664.909767 27451.5714636052
1667.674938 27451.5713488528
1670.579443 27451.5712741375
1673.565042 27451.5711937772
1676.531555 27451.5711060513
1679.274568 27451.5710075105
1682.153456 27451.5709516331
1685.141208 27451.5708808631
1688.200827 27451.5708708425
1691.163815 27451.57075968
1694.389285 27451.5707060487
1696.787833 27451.5706098687
1699.732405 27451.5705930635
1702.683594 27451.5705302063
1705.560308 27451.5704665585
1708.436423 27451.5703661646
1711.358652 27451.5703055493
1714.434317 27451.5702533932
1717.378252 27451.5701675658
1720.227522 27451.5701370822
1723.104276 27451.5700611562
1726.10839 27451.5700184992
1728.996423 27451.5700024835
1731.929066 27451.5699180019
1734.893557 27451.569874129
1737.879013 27451.5698374379
1740.817181 27451.5697248199
1743.863411 27451.5696784568
1746.838758 27451.5696769585
1749.628151 27451.5695707835
1752.553774 27451.5695017381
1755.419693 27451.5694727748
1758.551481 27451.5694268242
1761.033268 27451.5693760856
1763.678178 27451.5693150227
1766.442608 27451.569276166
1769.144147 27451.5692272665
1771.891295 27451.5691969863
1774.618169 27451.5691576391
1777.283905 27451.5691253801
1779.985242 27451.5690769071
1782.666169 27451.5690350868
1785.29307 27451.5690349172
1787.681698 27451.5689459426
1790.482761 27451.5689242125
1793.278193 27451.5688898345
1795.987768 27451.5688517713
1798.695552 27451.5688478946
1801.519928 27451.5687847553
1804.371365 27451.5687565359
1807.139307 27451.5686932654
1809.908226 27451.5686751684
1812.742284 27451.5686464237
1815.525237 27451.5686218976
1818.096287 27451.5685686879
1820.740471 27451.5685684965
1823.579112 27451.5685167745
1825.992258 27451.5684652351
1828.507952 27451.5684462732
1830.790205 27451.5684112587
1833.145129 27451.5683893219
1835.533085 27451.5683883375
1837.992911 27451.568337034
1840.408657 27451.5683085912
1843.24266 27451.5682980596
1845.848157 27451.5682640727
1848.418885 27451.5682481108
1851.331006 27451.5682190325
1854.032552 27451.5682052934
1856.494297 27451.5681779213
1859.439339 27451.5681708678
1861.876554 27451.5681301784
1864.119011 27451.5681098165
1866.299136 27451.5680937172
1868.649495 27451.5680796372
1871.098426 27451.5680723931
1873.780648 27451.5680456874
1876.473293 27451.5680304366
1879.42235 27451.568023239
1881.778593 27451.5679988107
1884.578568 27451.567992805
1887.430028 27451.567981025
1890.303193 27451.5679780778
1893.172485 27451.5679577175
1895.827457 27451.5679413005
1898.464076 27451.5679123998
1901.014936 27451.5678932748
1903.953443 27451.5678772614
1906.748829 27451.5678681079
1909.510805 27451.5678482848
1912.200818 27451.5678383789
1915.08287 27451.5678270136
1918.18073 27451.5678225775
1920.757705 27451.5677949315
1923.715525 27451.5677885753
1926.268711 27451.56777838
1929.107046 27451.5677684876
1931.776166 27451.5677541624
1934.516428 27451.567738826
1937.416555 27451.567718964
1940.435468 27451.5677129844
1943.141577 27451.5676936995
1945.945966 27451.5676904476
1948.60636 27451.5676751005
1951.399393 27451.5676692768
1954.25739 27451.5676608048
1957.032337 27451.5676433581
1959.731194 27451.5676151553
1962.352805 27451.5676135474
1965.385687 27451.5675966278
1968.10365 27451.5675871106
1970.775759 27451.5675781919
1973.501252 27451.5675710832
1976.310166 27451.5675586609
1979.343575 27451.5675482724
1982.077821 27451.5675471862
1984.874594 27451.5675353339
1987.771362 27451.5675284326
1990.364459 27451.5675184185
1993.440182 27451.567513466
1996.131905 27451.5675030679
1998.929082 27451.5674989663
2001.486714 27451.5674915944
2004.085183 27451.5674831795
2006.410702 27451.5674759497
2008.722123 27451.5674717721
2011.257296 27451.5674626414
2013.74308 27451.5674599277
2016.194439 27451.5674499436
2018.468573 27451.5674441831
2020.779303 27451.5674369906
2023.146127 27451.5674366853
2025.343865 27451.5674246849
2027.723859 27451.5674205129
2030.316398 27451.5674146788
2033.070412 27451.5674131866
2035.61386 27451.5674086765
2037.806552 27451.5674067107
2039.985699 27451.5674021391
2042.844298 27451.5673952368
2045.55634 27451.5673894647
2048.079345 27451.5673850192
2050.683006 27451.5673780481
2053.182366 27451.5673663259
2055.855869 27451.5673583212
2058.432047 27451.5673545824
2060.936334 27451.5673440072
2063.455684 27451.5673398382
2066.204778 27451.567338207
2068.674945 27451.5673329645
2071.214837 27451.5673298165
2073.664573 27451.5673240783
2076.335061 27451.5673239502
2078.970504 27451.5673162046
2081.487207 27451.5673117025
2084.1481 27451.5673068229
2086.581267 27451.5673064388
2089.324887 27451.5672985062
2091.755068 27451.5672976469
2094.424082 27451.567292292
2097.023581 27451.5672912946
2099.782168 27451.5672881347
2102.283336 27451.567285221
2104.814479 27451.5672819524
2107.49032 27451.5672813662
2110.187833 27451.5672738659
2112.834625 27451.567271207
2115.668659 27451.5672695514
2118.268351 27451.5672661853
2120.979608 27451.5672641628
2124.018568 27451.5672617252
2127.0342 27451.5672608553
2130.197638 27451.567256644
2133.10769 27451.5672556404
2136.06127 27451.5672523407
2138.969131 27451.5672492646
2141.852518 27451.5672492556
2144.784368 27451.5672451463
2147.396434 27451.5672428269
2149.959394 27451.5672399337
2152.427532 27451.5672390104
2155.125476 27451.5672373006
2157.61291 27451.567235402
2160.632521 27451.5672330773
2162.868251 27451.5672284676
2165.440681 27451.5672281315
2167.687267 27451.5672243956
2170.269578 27451.5672225932
2172.573992 27451.5672215732
2175.020742 27451.5672194078
2177.484709 27451.5672181989
2180.202882 27451.5672148584
2182.782174 27451.5672123151
2185.357386 27451.5672116634
2187.817904 27451.567210037
2190.551934 27451.5672084632
2193.181648 27451.5672060237
2196.0906 27451.567201134
2198.420075 27451.5672003977
2200.694367 27451.5671977834
2203.067109 27451.5671950223
2205.340808 27451.5671935302
2207.8348 27451.5671929385
2210.305125 27451.5671906037
2213.022726 27451.567189489
2215.513204 27451.5671871523
2218.266619 27451.5671865779
2220.849262 27451.567184843
2223.160958 27451.567182395
2225.370308 27451.5671799115
2227.934599 27451.5671764428
2230.619047 27451.567175175
2232.97064 27451.5671750409
2235.702119 27451.5671717552
2238.742554 27451.5671702988
2241.214806 27451.5671688639
2244.106398 27451.5671675482
2246.898339 27451.5671669637
2249.412102 27451.5671652219
2252.118968 27451.5671648679
2254.922641 27451.5671631404
2257.808366 27451.5671621677
2260.57413 27451.5671614165
2263.469903 27451.5671590497
2266.117164 27451.5671575976
2269.061764 27451.5671558739
2271.72695 27451.5671554308
2274.513052 27451.5671542415
2277.231245 27451.5671522383
2279.647922 27451.5671514599
2281.88662 27451.5671490636
2284.485203 27451.5671488151
2286.961199 27451.5671470481
2289.253686 27451.5671464334
2291.321493 27451.5671450981
2293.629205 27451.5671443093
2295.860226 27451.567143703
2298.051141 27451.5671424329
2300.58868 27451.5671411402
2302.976769 27451.5671398625
2305.135444 27451.5671392087
2307.503583 27451.5671376553
2309.840568 27451.5671375524
2312.530948 27451.5671357827
2314.996073 27451.567135307
2317.530293 27451.5671344045
2319.854252 27451.567133866
2322.48735 27451.5671329834
2324.999365 27451.5671320301
2327.423116 27451.5671310117
2330.007255 27451.5671302976
2332.374495 27451.5671292605
2335.03708 27451.5671285764
2337.180077 27451.5671278181
2339.733963 27451.5671273528
2342.392097 27451.5671264311
2344.877875 27451.5671250806
2347.266709 27451.5671245653
2349.781038 27451.5671240283
2352.202373 27451.5671227512
2354.472873 27451.5671220054
2357.068985 27451.5671213355
2359.457978 27451.5671209173
2362.063999 27451.5671199787
2364.496569 27451.5671192367
2366.627902 27451.5671186709
2368.971244 27451.5671177319
2371.163489 27451.5671175174
2373.842415 27451.5671172592
2376.527112 27451.5671170484
2379.222059 27451.5671160261
2382.066955 27451.5671154461
2384.808305 27451.5671152025
2387.649076 27451.5671144921
2390.463102 27451.5671142643
2393.548905 27451.5671137929
2396.338401 27451.5671136214
2399.076691 27451.5671131031
2401.764859 27451.5671129728
2404.41088 27451.5671124658
2407.060811 27451.5671120915
2409.851318 27451.567111583
2412.54304 27451.5671114121
2415.447419 27451.5671109993
2417.944621 27451.5671100487
2420.541448 27451.5671097097
2423.300614 27451.5671090005
2426.190645 27451.5671089319
2428.813824 27451.5671086693
2431.443357 27451.5671084365
2434.168127 27451.5671075397
2436.874744 27451.5671072609
2439.53829 27451.56710685
2442.273135 27451.5671065715
2445.126072 27451.5671060937
2447.93066 27451.5671055478
2450.887216 27451.5671054218
2453.394248 27451.5671049349
2456.075665 27451.56710471
2458.668236 27451.5671045407
2461.687137 27451.5671041054
2464.535312 27451.5671036074
2467.392144 27451.5671035662
2469.820173 27451.5671031133
2472.55659 27451.5671029186
2475.336285 27451.5671026363
2478.135934 27451.5671024855
2481.321264 27451.5671024602
2484.26305 27451.567102013
2487.121209 27451.5671014291
2489.952438 27451.5671012584
2492.720285 27451.5671010123
2495.72232 27451.5671008018
2498.449218 27451.5671006433
2501.287319 27451.5671000092
2503.865364 27451.5670998863
2506.579656 27451.5670997188
2508.937907 27451.5670993934
2511.229603 27451.567099222
2513.81556 27451.5670990587
2516.94531 27451.5670986501
2519.865303 27451.5670983035
2522.994537 27451.567098176
2525.857925 27451.5670979649
2528.817414 27451.5670978828
2531.562531 27451.5670977013
2534.451244 27451.5670976455
2536.825302 27451.5670974514
2539.586666 27451.5670973078
2542.403554 27451.5670972955
2545.018634 27451.5670971424
2547.947418 27451.5670969554
2550.875023 27451.5670966772
2553.775845 27451.5670965499
2556.682602 27451.5670963944
2559.472212 27451.5670963113
2562.230233 27451.5670961615
2564.973962 27451.5670960491
2567.762878 27451.5670958901
2570.102759 27451.5670957977
2572.586485 27451.5670956595
2575.268494 27451.5670955684
2578.095671 27451.5670953647
2580.593324 27451.5670952581
2583.555083 27451.5670951078
2586.331838 27451.5670949462
2589.024181 27451.5670948209
2591.624394 27451.5670947382
2594.261052 27451.567094476
2596.974738 27451.5670944349
2599.765875 27451.5670942979
2602.428523 27451.5670942392
2605.196106 27451.567094134
2607.917633 27451.5670941325
2610.535854 27451.5670939341
2613.361932 27451.5670939222
2616.237197 27451.5670937501
2619.157934 27451.5670936945
2622.078216 27451.5670936491
2624.792463 27451.5670935122
2627.506416 27451.5670934633
2630.169016 27451.5670933502
2632.983421 27451.567093277
2635.622706 27451.5670932149
2638.29146 27451.5670931554
2641.078117 27451.567093002
2643.877703 27451.5670929643
2646.507451 27451.5670928522
2649.503539 27451.5670928214
2652.038861 27451.5670926921
2654.73341 27451.5670926705
2657.489599 27451.5670925593
2660.370785 27451.5670924845
2663.059707 27451.5670923513
2665.799216 27451.5670923397
2668.229018 27451.5670922343
2670.957664 27451.5670921978
2673.852086 27451.5670921641
2676.481925 27451.5670920781
2679.269905 27451.5670920555
2682.128731 27451.5670920523
2684.773284 27451.5670919213
2687.520137 27451.5670918543
2690.417993 27451.5670918163
2693.002869 27451.5670917663
2695.786962 27451.5670916648
2698.418067 27451.56709161
2701.086252 27451.5670915562
2703.637682 27451.5670914962
2706.279501 27451.5670914736
2708.713181 27451.5670914064
2711.217411 27451.5670913387
2713.794748 27451.567091302
2716.213886 27451.5670912574
2718.7472 27451.5670912477
2721.191972 27451.5670911083
2723.956255 27451.5670910384
2726.516149 27451.5670909766
2729.551841 27451.5670909267
2732.196676 27451.5670907439
2735.115049 27451.5670906767
2737.608961 27451.5670906437
2740.502929 27451.5670905824
2743.115778 27451.5670905512
2746.006595 27451.5670904863
2748.826418 27451.5670904256
2751.652476 27451.5670904053
2754.302479 27451.5670903339
2757.04185 27451.5670903174
2759.833816 27451.5670902587
2762.481644 27451.5670902537
2764.941736 27451.5670901654
2767.456766 27451.5670901584
2769.656019 27451.5670901056
2772.017628 27451.5670900731
2774.813792 27451.5670900512
2777.389609 27451.5670900225
2780.339773 27451.567090002
2782.913621 27451.567089971
2785.93643 27451.5670899287
2788.578575 27451.5670898856
2791.541425 27451.5670898666
2794.268028 27451.5670898431
2797.353301 27451.5670898013
2800.122794 27451.56708975
2802.94176 27451.5670897114
2805.857638 27451.567089675
2808.529234 27451.5670896443
2811.330652 27451.5670896148
2814.093691 27451.5670895962
2816.941872 27451.5670895379
2819.802803 27451.5670894906
2822.666706 27451.5670894508
2825.544012 27451.5670894382
2828.433294 27451.5670894066
2831.069885 27451.5670893827
2834.067699 27451.5670893806
2837.163334 27451.5670893631
2840.073326 27451.56708933
2842.923603 27451.5670893027
2845.857711 27451.567089281
2848.800623 27451.5670892658
2851.67953 27451.5670892453
2854.59704 27451.5670892339
2857.512542 27451.5670892062
2860.248614 27451.5670891329
2862.997275 27451.5670891064
2865.887701 27451.5670890866
2868.216435 27451.5670890602
2870.655302 27451.5670890343
2873.000606 27451.5670890142
2875.387979 27451.5670890053
2877.763568 27451.5670889538
2880.689177 27451.5670889253
2883.241263 27451.5670889072
2885.930809 27451.5670888851
2888.742386 27451.5670888607
2891.884137 27451.5670888435
2894.689868 27451.5670888366
2897.782494 27451.567088796
2900.699298 27451.5670887775
2903.611547 27451.5670887631
2906.473498 27451.5670887466
2909.420243 27451.5670887187
2912.120991 27451.5670887163
2915.191769 27451.5670886823
2917.688811 27451.5670886608
2920.430334 27451.5670886054
2923.189696 27451.5670885793
2925.989147 27451.567088535
2928.662454 27451.5670885062
2931.614871 27451.5670884585
2934.318605 27451.5670884429
2937.049582 27451.5670884252
2939.808409 27451.5670884068
2942.490458 27451.5670884016
2945.17199 27451.5670883826
2947.94367 27451.5670883701
2950.772879 27451.5670883515
2953.465462 27451.5670883369
2956.280805 27451.5670883335
2959.213294 27451.5670883129
2962.014451 27451.5670882949
2964.841414 27451.567088285
2967.633519 27451.5670882844
2970.386025 27451.5670882504
2973.013486 27451.567088236
2976.018611 27451.5670882224
2978.8845 27451.5670882221
2981.72056 27451.567088209
2984.440224 27451.5670882043
2987.172361 27451.5670881981
2989.889062 27451.5670881829
2992.610182 27451.5670881756
2995.157315 27451.5670881603
2998.037519 27451.5670881516
3000.570787 27451.5670881498
3003.576363 27451.5670881394
3006.161192 27451.5670881302
3008.989963 27451.5670881163
3011.813867 27451.5670881089
3014.6515 27451.5670881027
3017.403312 27451.5670880676
3020.332888 27451.5670880586
3022.912049 27451.56708805
3025.624635 27451.5670880422
3028.272039 27451.5670880403
3030.976931 27451.5670880262
3033.639547 27451.5670880104
3036.313656 27451.567088004
3038.864295 27451.5670880027
3041.49927 27451.5670879901
3044.263381 27451.5670879894
3046.903773 27451.5670879701
3049.488951 27451.5670879606
3052.020631 27451.5670879548
3054.641753 27451.567087915
3057.363759 27451.5670879141
3060.329803 27451.5670879007
3062.947215 27451.5670878957
3065.88664 27451.5670878853
3068.650634 27451.5670878817
3071.70242 27451.5670878769
3074.440668 27451.5670878687
3077.422298 27451.5670878665
3080.263487 27451.5670878608
3083.190761 27451.5670878577
3086.02513 27451.5670878461
3088.647811 27451.5670878304
