time objective
230.875272 53672.386429889
303.172134 38941.2057845582
556.456989 32910.3647088386
659.236639 29933.4327371679
723.920017 28861.8765769876
779.720781 28356.9878099829
1008.793246 27989.7438719642
1066.354055 27796.090821898
1115.524053 27678.0388979914
1161.608377 27609.9463723245
1203.958818 27565.7164906925
1244.345952 27538.1364555243
1283.17826 27518.7592918703
1451.00823 27501.7553775381
1492.431459 27489.2417642477
1531.896243 27480.2130135072
1570.248007 27474.0368174742
1607.829203 27468.8167868089
1645.12798 27465.1665152508
1681.796759 27462.260786446
1718.177381 27460.0241559959
1754.46377 27458.1899288794
1790.432843 27456.8423204081
1826.290461 27455.7576146232
1861.641603 27454.9621581686
1897.323885 27454.3826913142
1932.464575 27453.9350887796
1967.48938 27453.5619741895
2002.384402 27453.2505647002
2037.143574 27453.0015631901
