time objective
301.263042 133179.404616127
451.646421 66038.2892750398
602.19398 50454.8011468731
752.139243 39434.3051880043
903.658029 36392.5181510503
1058.57815 33916.9396469965
1213.145123 31670.1533490997
1367.878284 29741.5014325239
1537.699698 27953.2925311908
1687.581112 26733.4258297625
1852.357727 25548.8327888279
2011.310722 24782.2957945914
2180.195274 24054.3396719212
2332.243503 23196.2335374652
2485.420488 22261.9061573009
2637.298063 21582.2797697194
2805.957825 20890.893363758
2984.480864 20437.7510202694
3147.193034 20082.8133126594
3312.710725 19757.2248552488
3471.084421 19458.9988752504
3638.336844 19209.56406207
3804.889027 18982.4502779059
3971.677262 18749.598658015
4134.427929 18541.0726105692
4294.778715 18312.8103104212
4461.439845 18122.6621868338
4627.782808 17924.7966605756
4793.761682 17724.547617825
4956.325376 17512.4198495493
5123.874393 17322.3501759529
5295.458191 17118.0575897418
5466.387883 16935.8884094956
5638.36564 16747.9303293752
5804.60261 16595.6291856566
5969.122842 16447.810342124
6140.058435 16289.2067426437
6312.453315 16123.6591025684
6483.043246 15988.0500225349
6650.374037 15872.3586572664
6810.899791 15755.9885431694
6977.522231 15658.0871188151
7145.317098 15554.8449079662
7316.746709 15463.230258319
7484.316057 15380.3506528134
7647.198466 15305.0813967526
7818.628587 15232.7079015023
7990.817573 15161.9933268982
8162.078147 15100.1537388828
8330.982914 15037.7595301171
8493.515927 14988.5924865694
8665.659185 14931.2126808062
8837.092119 14892.6247803286
9008.738597 14841.8617828909
9176.944556 14808.5989274066
9338.496947 14763.7158314757
9509.603098 14733.9686864117
9680.010043 14691.9971253838
9850.526729 14665.0691437383
10020.704477 14628.8596494089
10180.575028 14604.4795412823
10351.250125 14563.9473256586
10517.474901 14540.8331886955
10686.72303 14505.8025568407
10857.484725 14486.3303158929
11017.126079 14451.4281394087
11186.193305 14430.7646080873
11357.353537 14400.2265692812
11528.698888 14380.1768955746
11700.132224 14351.2345461382
11859.510443 14329.6462240122
12027.723437 14304.3723885931
12197.689473 14281.8042228748
12368.50214 14256.5754519561
12538.923793 14234.9110104638
12699.537365 14211.4748930232
12868.155603 14192.3801231235
13039.281355 14169.2880516676
13209.58192 14148.5566596328
13379.619082 14125.5766722366
13540.368849 14104.7521471028
13709.106165 14083.0227658344
13879.566652 14063.4452937853
14050.898763 14044.4993410769
