time objective
134.709384 133150.842137935
201.702142 65761.5395056821
268.992598 50194.263768973
336.771459 39043.5943443652
403.809657 35939.6968303741
471.156428 33414.8523515366
538.4852 31097.1149603602
605.539619 29101.348174941
674.38732 27248.1047989696
753.248704 26015.4929952304
824.467095 24764.7052965589
895.67133 23958.6799593355
966.856231 23233.2881076954
1037.781351 22397.205775945
1108.89663 21463.4876340104
1180.054128 20785.9855199984
1251.063373 20071.016945702
1322.158711 19583.0218024293
1393.307844 19224.4801838126
1464.299277 18879.9608189729
1535.375172 18587.1298215641
1606.531437 18328.5194148086
1677.511404 18094.7833317599
1748.537504 17854.5846332802
1819.724842 17636.7477329703
1890.774255 17414.2757589834
1962.995374 17218.1457564335
2034.607373 17006.5919000426
2105.776843 16785.2164815398
2176.973073 16565.6438865102
2248.305613 16376.3015349721
2319.542872 16157.0820534136
2410.055574 15972.3731441034
2484.657357 15797.8325425448
2558.453557 15650.1778815728
2630.992345 15506.7598670329
2703.386413 15356.9705540278
2775.841258 15206.8459290719
2848.464419 15077.3503647482
2920.991919 14973.888389293
2994.21195 14883.1890077212
3066.844263 14789.4132930571
3159.046455 14697.5414781059
3235.02636 14615.4693864619
3306.45436 14540.4465879605
3378.015065 14471.2698888199
3449.475176 14413.430968155
3521.579134 14350.5666435976
3593.086251 14295.3384563805
3664.446176 14240.2361658799
3735.906797 14190.9582899485
3807.341933 14140.6405404843
3878.707349 14089.1787751426
3950.063259 14053.8794012475
4021.557312 14009.8853801887
4093.106987 13972.0211131662
4164.595356 13927.3076239036
4236.171313 13898.5365491284
4307.732448 13848.2624839053
4378.949226 13820.7344362845
4450.190291 13778.9425743712
4522.939457 13754.9212718628
4594.319628 13708.9153268787
4666.839527 13683.3544542585
4738.552195 13642.6999732788
4810.41534 13619.6202178039
4882.238033 13582.8313629255
4954.099606 13562.8804556739
5025.927927 13524.9470697637
5097.832725 13504.4796837668
5169.638429 13472.3361397335
5241.27944 13451.593242139
5313.013854 13418.4953842511
5384.714774 13399.2836063932
5456.382117 13371.1051944664
5528.025956 13352.9364847251
5599.601098 13322.4383061088
5671.231775 13305.2027526467
5742.912195 13275.0510145096
5814.506287 13259.6476312063
5886.228698 13230.1923823204
5957.947832 13214.0147415326
6029.673171 13187.4570477897
6101.338119 13170.066228262
6173.031037 13144.8945205253
6244.676673 13128.4706123527
6316.2918 13102.6859534763
6387.905515 13089.1024157963
6459.494721 13065.5302183343
6531.19819 13051.4890716381
6602.879266 13027.5635138778
6674.51738 13011.767426519
6746.12653 12988.2033035692
6817.911815 12974.9680035513
6889.974704 12952.0280837213
6961.940272 12938.6341085914
7033.909575 12918.2405113504
7105.571292 12902.9242056932
7177.254805 12884.122661568
7248.929016 12868.0632031395
7320.568851 12852.3947669469
7392.271714 12838.5734148806
7463.902056 12821.9596276205
7535.486372 12805.5885611684
7607.089088 12788.3927440555
7678.775139 12772.4796856577
7750.349152 12758.0764366071
7821.926444 12742.1341497081
7893.586167 12726.3613720662
7965.398399 12710.5322320636
8037.029825 12694.2757653505
8108.520772 12679.8785893416
8180.084054 12664.8800097527
8251.707839 12650.4393464474
8323.222232 12635.4372725143
8394.771461 12621.1423671457
8466.367247 12606.0884282807
8537.927817 12591.6130841005
8609.558631 12576.3836316435
8681.18902 12561.8686118831
8752.829107 12549.5501115682
8824.423644 12534.8675989015
8896.07276 12520.3197155047
8967.788027 12505.9708602638
9039.48794 12492.0651304295
9111.047015 12478.1550885639
9182.699917 12463.0251515455
9254.381846 12449.4114279949
9325.968382 12434.0933518717
9397.618533 12421.3020720896
9469.341431 12404.1383247493
9540.935962 12391.5911622313
9612.552803 12375.1637720487
9684.234116 12364.9563663481
9755.931674 12346.8531427012
9827.578349 12337.8249001777
9899.229357 12316.9069704306
9970.887192 12308.9306309843
10042.512514 12286.9393957536
10114.21543 12280.0588060417
10185.945429 12259.7244255321
10257.55979 12253.9438338808
10329.23604 12231.355838114
10400.906977 12225.2886332003
10472.556644 12203.5177036833
10544.284267 12198.3723312329
10615.89613 12176.5151232175
10688.616818 12173.2153551535
10760.511314 12149.9728436419
10832.130261 12143.2378485208
10903.624148 12122.2359723032
10975.184719 12117.8910380322
11046.848923 12094.8926709691
11118.328119 12087.4548070382
11189.881533 12066.6770971157
11261.488158 12064.3107432724
11334.536339 12038.9179451105
11406.640541 12034.5902577456
11479.515162 12010.1831457979
11552.70187 12009.7454237473
11625.58852 11982.5597180651
11697.472536 11980.6071901553
11769.262014 11956.3454334721
11841.284441 11953.6469852436
11914.416689 11930.9999989393
11987.538853 11928.080729744
12059.854727 11906.7570104126
12131.180944 11903.5283648857
12202.786585 11880.2699072946
12275.877128 11877.645746149
12349.00706 11855.2008277278
12497.916618 11839.3100842054
12571.265811 11823.7354173057
12718.453313 11797.7862569187
12864.739914 11781.0705379613
13011.365914 11760.2199108251
13157.31937 11734.698792368
13303.802138 11714.1860934578
13450.712901 11687.3844114474
13598.040172 11669.7206739752
13745.115439 11648.3119151609
13892.120199 11630.9683473511
14039.433287 11612.955484115
14186.322603 11593.0222873298
14333.821266 11579.6036542273
14480.628807 11560.1120166379
14626.787165 11545.7283644207
14772.289312 11527.7243602744
14918.117397 11510.882650294
15065.043393 11491.4420463175
15211.546181 11474.6164164708
15358.137654 11455.8629299626
15505.006566 11439.6630858281
15651.374566 11421.9025860684
15798.096621 11406.0287354715
15944.754889 11388.383617028
16091.066335 11373.9184775074
16238.097957 11356.8964523465
16384.556976 11342.2294974179
16531.060092 11325.8837125676
16677.668414 11311.6985517448
16823.844745 11294.3380720304
16970.481431 11280.1493516102
17117.318897 11262.7306254416
17263.623376 11249.6760294504
17410.433856 11232.5277303797
17557.043071 11218.9971355453
17703.350209 11202.0084927496
17861.770882 11187.855419965
18089.40373 11170.8918447397
18300.70009 11156.0345040231
18492.10617 11140.1064969489
18685.125483 11124.3540759232
18897.05707 11110.2196121314
19129.344403 11093.1520459022
19559.206969 11079.5136922727
