time objective
444.86555 119002.408418169
627.235928 69179.9408200563
904.032381 59029.9945737959
1132.009761 55936.645404473
1348.692144 54601.6233482341
1558.326712 53123.0788610367
1769.174184 51116.0868404507
1974.42331 48480.5506745919
2159.121439 48181.2002131968
2329.468427 45646.4640690952
2499.15258 45339.6436064481
2664.543878 44767.6365604102
2826.090822 43255.8406902891
2980.754524 42874.5372275979
3131.044452 41403.6246426271
3276.078503 41119.779605724
3416.76284 40858.7045257924
3550.325363 40619.3582686373
3681.733443 39773.5234381328
3801.903227 39145.7765281787
3919.582878 38925.4300059674
4033.880134 37833.464362505
4144.630561 37436.170711522
4236.51994 37424.2503682312
4327.158431 37215.4256942521
4415.185397 37167.7702239899
4499.027984 36953.3275913545
4581.286635 35930.3740396477
4651.738097 35607.0744147551
4720.249184 34894.8854393634
4789.483458 34698.6371083738
4855.684929 34539.8349922605
4913.785298 34429.8055107227
4969.356336 34145.6110855858
5018.764411 33670.1629556228
5057.423271 33562.5344511945
5091.183047 33301.6077589627
5124.270307 33100.3583257866
5154.5914 32986.2805515384
5185.684346 32936.2416121252
5213.155053 32879.672453695
5240.469929 32041.9798692653
5262.55692 31870.7261884277
5282.361687 31812.294076564
5301.874523 31367.9733905233
5320.230154 31114.5676188291
5336.595039 31079.778258938
5352.972323 31015.2125123576
5368.368356 30990.00684781
5384.252172 30600.1087760777
5396.641199 30485.4141138895
5408.328214 30408.9360583623
5419.694307 30388.9174134611
5430.346137 30250.244800015
5441.148442 30128.6738131042
5451.741113 30116.5583750639
5462.029055 30018.7602045896
5471.399648 29721.0548826315
5479.043179 29659.5013688219
5486.472472 29542.8577571887
5493.405229 29300.9643561504
5500.134673 29291.7533215725
5507.13853 29228.2410594562
