time objective
661.701075 116358.730393531
1487.004566 93800.3684469815
2275.159548 68945.7799257442
3112.075825 63233.5914419115
3888.191809 59952.4768623257
4721.857336 57172.0028010132
5492.044385 56556.7000039531
6325.89406 53630.7006931849
7089.228069 53486.6578122542
7910.354355 50314.9019818986
8726.118581 46992.5537540646
9476.594022 45878.8280251418
10283.739867 44912.166545253
11026.423631 44481.1097419198
11822.59667 43405.4705085928
12616.061327 42447.0653692558
13347.199019 41904.9111116534
14134.392388 40974.35965314
14858.728567 40586.1196585206
15820.383105 39673.1538032803
16634.072695 39333.361759095
17521.302735 38511.4295435547
18294.765933 38160.5756797714
19164.330672 37472.3059307443
19928.2057 37089.1392294408
20854.515618 36543.2124655748
21768.003691 36133.064051711
22738.21103 36069.7086387356
23728.235121 35333.5206102467
24634.442207 35188.6128790058
25530.526328 34592.6593082963
26264.362982 34375.941764611
27074.33982 33916.9272802651
27815.921973 33639.1993871032
28548.769667 33621.9110175113
29321.060588 32957.600940339
30084.336667 32686.8212067447
