time objective
1.060738 69196.4212143444
2.203588 51411.3832577988
3.52095 49213.8990630015
5.152702 44782.8032224687
7.152031 43575.952145578
9.393512 41478.239763032
11.87735 40901.9557669989
14.617628 39755.7141331367
17.651174 39158.3887951418
21.084935 38499.5666344657
24.614755 38239.4682963701
28.30942 37244.5752565969
32.174229 37050.246994126
36.101748 36293.0817584451
40.360718 35958.7376267715
44.739214 35655.1151332346
49.152606 35559.1213435354
53.666453 35478.7877744674
59.021645 34872.3247943278
63.911736 34454.4035935608
68.419486 34422.2006606395
72.874143 33814.1585688464
77.313958 33212.429055868
82.073795 32976.9499084111
87.064936 32921.2045603245
92.018952 32784.9428252161
96.942309 32415.8152925819
101.586913 32247.6776844423
105.926228 31829.0296401586
110.411386 31723.4576268291
114.985509 31428.8172273673
119.688108 31376.6903957662
124.346599 31332.5802105741
129.060636 31254.8371144117
133.777988 30797.337672676
138.133072 30598.570112185
142.71453 30418.740272297
147.055553 30335.0772611679
151.575392 30169.2934286841
155.747045 30141.0009129214
159.817336 30029.5294513223
163.827546 29856.2312569671
167.857515 29730.3845136444
171.835064 29526.5999769292
175.92245 29386.1484141771
179.850248 29326.6001854434
184.033231 29306.0539611131
187.819021 29283.397025215
191.842688 29256.1194747278
195.897367 29179.1390733533
199.761397 28984.9424596831
203.74371 28910.5324309208
207.702884 28885.3812989726
211.518847 28773.8661555378
215.371917 28707.7056289842
218.573494 28682.8711504629
221.648251 28591.6900723956
225.214297 28558.1950603235
228.975477 28457.9972039623
232.744065 28430.6959266301
236.85119 28372.1618543431
240.617956 28299.4892571529
244.227124 28298.5272261782
248.034188 28251.7176069632
251.433512 28244.9044711578
254.52205 28212.9753978651
257.538798 28153.7164309204
260.810819 28148.8326503388
264.027519 28091.5343749645
267.323177 28090.9599368449
270.800627 28061.9469102319
273.816352 28056.5579292584
276.478127 28048.8938263858
279.358479 28001.2540885145
282.565368 27969.1094412091
285.853122 27944.8514772711
289.059906 27941.828861444
292.495052 27917.6378845513
295.711743 27889.1231193053
298.555915 27880.9066770836
301.106586 27869.8156018056
303.647663 27832.5380702792
306.694432 27812.388875828
309.526073 27791.681247993
312.586413 27777.0081680921
315.60261 27763.8322125655
318.69152 27743.5264853693
321.214349 27738.1618093794
323.615799 27725.3640467581
326.1628 27708.2962529829
328.870173 27704.0912851038
331.586627 27696.1685210426
334.190424 27677.6457569959
336.654662 27669.5698630553
338.85017 27660.0158393602
340.99999 27636.5851318364
345.309954 27636.5851318364
348.15524 27629.4950811265
351.052223 27620.1409982948
353.570761 27615.8465639515
356.069863 27611.3500357722
358.345942 27609.1801436663
360.474112 27597.8465998326
362.717068 27595.7388530546
365.38809 27585.7273825048
368.061822 27579.1703221129
370.529979 27573.4460855762
372.609345 27570.4676881885
374.726522 27565.7575797575
377.140658 27562.9740091709
379.27909 27555.4874028752
381.68097 27554.372867147
383.92674 27549.1978149408
386.044381 27544.8959639038
388.250519 27538.9951491045
390.074497 27536.881930752
392.078463 27532.6756424099
394.047483 27532.6300200032
396.087843 27528.7820208915
398.092448 27527.330624094
400.274246 27523.5981095987
402.494069 27522.6499695023
404.589575 27521.0737202042
406.574285 27520.3771352512
408.626194 27516.7858198805
410.70487 27511.7333735819
414.412132 27511.7333735817
417.791207 27511.7333735816
420.268707 27510.2285696714
422.70596 27507.1609317479
424.922423 27504.3829575238
426.961565 27503.2614811234
428.932435 27501.4922255035
430.802384 27498.6137729091
432.804208 27494.6809186074
435.102063 27492.2977403444
437.079988 27491.0944115738
438.921781 27489.0476306447
440.694397 27488.1743505018
442.48411 27485.9907633817
444.311831 27485.195403285
446.423431 27484.7703337635
448.499571 27484.1447231678
450.674804 27481.9461656441
452.58129 27481.4010617937
454.42617 27480.9551224277
456.309636 27480.6985530628
459.266974 27480.6985530622
462.559566 27480.698553062
464.3157 27477.8933170077
466.310991 27476.2348738727
468.434692 27476.1702525679
470.567824 27474.8445680464
472.696177 27473.2247254546
474.760193 27472.7693477589
476.765671 27472.2603049361
478.540272 27471.6886949876
480.498138 27471.1685037957
482.482612 27469.4024417611
484.436845 27469.2457845868
486.47151 27468.5405799822
488.477127 27468.2981375386
490.370391 27467.7090982945
492.17133 27467.2820006343
493.984105 27466.5021705226
495.791268 27466.0910947076
497.802681 27465.1184582613
499.56126 27464.903338997
501.395634 27464.469308044
503.1637 27464.2698007193
504.893405 27463.8635061183
506.614438 27463.6932659925
508.37255 27462.9446893797
510.030415 27462.5738894509
512.030107 27461.9460317746
513.968482 27461.6796181588
515.711622 27461.3430813773
517.494405 27461.0340245563
519.3616 27460.8256255201
521.239617 27460.4789768259
523.036275 27460.4098207317
524.797605 27460.1344354591
526.63274 27459.9179044722
528.645331 27459.7761029691
530.330929 27459.4527298534
533.327795 27459.4527298525
535.149515 27459.2895493837
536.872238 27459.2275750731
538.879096 27458.756261322
540.66149 27458.5336856158
542.614626 27458.2711936999
544.278908 27457.973011704
546.037158 27457.8495160983
547.793811 27457.6618525315
549.709363 27457.2108495096
551.550748 27456.8311325689
553.297116 27456.6400961009
555.074565 27456.5733208117
556.836199 27456.5014262879
558.748816 27456.3037655437
560.578646 27455.9879662675
563.566612 27455.9879662673
565.341558 27455.8664734033
567.137965 27455.783913035
568.893301 27455.665165936
570.597453 27455.5956403937
572.467813 27455.4805731015
574.273902 27455.2584639855
576.024702 27455.0583403377
577.772079 27455.0115271509
579.664712 27454.8374334047
581.38241 27454.8026468656
583.413829 27454.6620254219
585.144192 27454.6147479083
586.962764 27454.5848718673
588.808271 27454.544523911
590.557029 27454.3165997536
592.343171 27454.1382285393
594.208414 27454.087073718
595.955105 27453.8944488751
597.776407 27453.8320710208
599.576805 27453.7428508306
601.262169 27453.7052373093
603.067692 27453.6717826066
604.874131 27453.6245790168
606.561736 27453.5921156171
608.446 27453.5496347284
610.072671 27453.4117858003
611.747258 27453.3692033088
613.475034 27453.3010185399
615.273552 27453.2802362864
616.966139 27453.1992072473
618.650889 27453.1748482249
620.403824 27453.0303151809
622.140819 27453.0085549536
623.864848 27452.9497364844
625.624131 27452.9302665446
627.325236 27452.8948234544
629.104553 27452.8616030103
630.84582 27452.8249841592
632.603093 27452.7748243088
634.397673 27452.7174289326
636.186881 27452.6682322684
637.858502 27452.6422558229
639.626848 27452.6283858032
641.466526 27452.6078521385
643.267411 27452.5788346794
646.406185 27452.5788346794
648.151322 27452.5534286377
649.851306 27452.5278495408
651.515617 27452.4914846024
653.365639 27452.4800458989
654.989253 27452.4578714576
656.669639 27452.4387096468
659.495915 27452.4387096455
661.136513 27452.4117811588
662.875276 27452.4005287334
664.634995 27452.3936205273
666.396192 27452.3600482475
668.127483 27452.3580919507
669.741859 27452.3285816869
671.442184 27452.3202283464
673.218853 27452.3099610349
674.906118 27452.2994191676
676.495185 27452.258004396
678.345314 27452.2258996552
680.12107 27452.1868578454
681.805914 27452.1428448053
683.562898 27452.1312290357
685.306217 27452.1208071096
687.053331 27452.1106990351
688.712173 27452.0979627586
690.546809 27452.0861309907
692.505693 27452.0841105299
694.230061 27452.0627016782
696.045207 27452.0527794997
697.992109 27452.031209669
699.970618 27452.0256554443
701.786565 27452.0213266522
703.497596 27452.0110171452
705.231485 27452.000837028
706.988269 27451.9793309065
708.716501 27451.9764871047
710.368376 27451.9679752572
712.057327 27451.9589064986
713.786013 27451.9530935832
715.473511 27451.9461624926
717.312233 27451.9399021141
719.152202 27451.9249802918
720.91161 27451.9187436351
722.605083 27451.912398432
724.300011 27451.9024872304
726.115997 27451.898996786
727.73604 27451.8915678077
729.474944 27451.8883879299
731.135265 27451.8752443052
732.99407 27451.8719469153
734.629892 27451.8625696885
736.322129 27451.8595684825
738.013055 27451.8538749647
739.775053 27451.8482994203
741.433433 27451.8448729422
743.114321 27451.8396542889
744.889762 27451.83218044
746.583596 27451.8291244463
748.322332 27451.8250702271
750.236956 27451.8203876794
752.152297 27451.8171707271
754.054752 27451.8125082255
755.725603 27451.8060473106
757.614313 27451.8058605853
759.398986 27451.8021802998
761.280963 27451.7921138231
763.076541 27451.7884917934
764.847733 27451.7859220161
766.568572 27451.783326284
768.271413 27451.7782558087
770.077202 27451.7769604161
771.753456 27451.7755357102
773.500156 27451.7677083029
775.250753 27451.7645870045
777.12776 27451.7617362039
778.839685 27451.7576285927
780.467785 27451.756633198
782.225704 27451.7533840663
783.987247 27451.7527233962
785.85164 27451.7491048083
787.762261 27451.7456525076
789.719513 27451.7429675362
791.501923 27451.7407161644
793.3626 27451.7381243508
795.212777 27451.7380390959
797.117844 27451.7285358773
798.948454 27451.7268906674
800.554486 27451.724721814
802.279103 27451.7224938928
803.829481 27451.7202278734
805.528662 27451.719028304
807.098163 27451.7165660969
808.834803 27451.7141074431
810.679468 27451.7087662712
812.588986 27451.7072451629
814.394564 27451.7054359573
816.358021 27451.7020139271
818.180532 27451.701435571
819.983918 27451.6992748989
821.863555 27451.6962568427
823.676951 27451.6940710953
825.472559 27451.6884616162
827.176936 27451.683918017
828.886363 27451.6825131491
830.699676 27451.6805030018
832.551664 27451.6786236832
834.201171 27451.675428854
835.939929 27451.6740351467
837.727372 27451.671399963
839.547163 27451.6685276597
841.348697 27451.6665743208
843.106661 27451.6651713044
844.816266 27451.6648726673
846.467263 27451.6631523953
848.368636 27451.6617362271
850.085852 27451.6593704154
851.728992 27451.6583321653
853.414458 27451.6570840676
855.190266 27451.6553369998
856.956883 27451.6536281692
858.724545 27451.6522180686
860.65508 27451.6505698518
862.402558 27451.6504025584
864.355377 27451.6479409461
866.184679 27451.6468267309
868.019188 27451.6459568021
869.821314 27451.6449463287
871.60349 27451.6439058579
873.383891 27451.6426723898
875.128581 27451.6418544654
876.873005 27451.6413301747
878.610566 27451.639413948
880.438891 27451.6385186757
882.216173 27451.6376633184
884.106424 27451.637257797
885.908905 27451.6354042813
887.762493 27451.6353207255
889.526651 27451.6336306055
891.310327 27451.6328895607
893.113286 27451.6327046538
894.783796 27451.6320972036
896.491614 27451.6308760134
898.117307 27451.6297879464
899.934513 27451.62938276
901.634304 27451.6276234753
903.52608 27451.6273703812
905.20608 27451.6260862427
906.869201 27451.6255213156
908.571539 27451.6247375306
910.491235 27451.6241236375
912.260634 27451.6229541661
914.01053 27451.6228398069
915.679342 27451.6217781394
917.538438 27451.6212344791
919.359504 27451.6203770298
921.123223 27451.6199889437
922.853343 27451.6196163022
924.493245 27451.6185425412
926.255244 27451.6177384949
927.967378 27451.6171071587
929.786039 27451.6164640084
931.723425 27451.6161766169
933.451521 27451.6151809705
935.286904 27451.6149732303
936.955531 27451.6143036449
938.733638 27451.6141200792
940.524866 27451.6132845653
942.134933 27451.6127492177
943.751691 27451.6107348072
945.6435 27451.6101792036
947.37384 27451.6093842734
949.051515 27451.6091311062
950.678799 27451.6083094527
952.46762 27451.6077893414
954.1669 27451.607116155
955.918258 27451.6070166465
957.662546 27451.6063264753
959.413137 27451.6060435226
961.085081 27451.6058717883
962.757824 27451.6052886886
964.427055 27451.6047793651
966.012271 27451.6038178613
967.799167 27451.602717821
969.459871 27451.6024132321
971.219297 27451.601634957
972.982109 27451.6013693276
974.837292 27451.6005226516
976.564317 27451.5996476119
978.447773 27451.5990322576
980.259371 27451.5989362638
981.904613 27451.5982235041
983.762364 27451.5980350491
985.583766 27451.597658904
987.292685 27451.5973516584
989.030161 27451.5972917298
990.692397 27451.597007419
992.521089 27451.596170088
994.381233 27451.595676235
996.006307 27451.595316412
997.801466 27451.5945051942
999.528302 27451.5942322841
1001.256781 27451.5939104992
1003.020214 27451.5927196657
1004.851783 27451.5922492745
1006.623754 27451.5921114244
1008.248879 27451.5915813452
1009.853683 27451.5912316045
1011.558856 27451.5903219648
1013.16466 27451.5895673635
1014.991796 27451.5889876805
1016.719966 27451.588657737
1018.255787 27451.5883061043
1020.016668 27451.5879769115
1021.773064 27451.5879223992
1023.493766 27451.5875529081
1025.306368 27451.5871975505
1027.053136 27451.5871201546
1028.727409 27451.5866586403
1030.533463 27451.5864414012
1032.28635 27451.5860255064
1033.989891 27451.5858674612
1035.693962 27451.5856353027
1037.449999 27451.5852223674
1039.341254 27451.5850254069
1041.174859 27451.584954252
1043.104331 27451.5843915745
1044.851021 27451.5842203563
1046.659084 27451.5841365508
1048.321176 27451.5837665491
1050.166175 27451.5836070615
1051.928435 27451.5831978045
1053.59772 27451.5829457132
1055.303927 27451.5824289126
1056.994394 27451.5820733889
1058.686953 27451.5817655646
1060.354844 27451.5814833746
1061.949935 27451.5811942632
1063.594681 27451.5811041511
1065.389661 27451.5808370793
1067.153895 27451.5806933375
1068.847276 27451.5804949221
1070.805758 27451.5804614426
1072.541109 27451.5803081361
1074.291987 27451.5801775323
1075.984586 27451.580160122
1077.755785 27451.5798188364
1079.635526 27451.5796619208
1081.36897 27451.5796015758
1083.248652 27451.5794369777
1085.020321 27451.5793114398
1086.832614 27451.5791730593
1088.644588 27451.5790972616
1090.283258 27451.5789560193
1092.118203 27451.5788420721
1093.907492 27451.5787571534
1095.749874 27451.5786146281
1097.668969 27451.5784558724
1099.65047 27451.5784030089
1101.410691 27451.5782405518
1103.143248 27451.5781758923
1104.928147 27451.5779942542
1106.698111 27451.5778273182
1108.423648 27451.5777208838
1110.127025 27451.5776252582
1111.966402 27451.5775118812
1113.735095 27451.5773830012
1115.378415 27451.5773503987
1117.087655 27451.5772608083
1118.878626 27451.5770115262
1120.566034 27451.5769860805
1122.225209 27451.5767784757
1123.919379 27451.5766075006
1125.581678 27451.5764720692
1127.302352 27451.5764152344
1129.097402 27451.5760883577
1130.729923 27451.5760125296
1132.472674 27451.575983625
1134.07123 27451.5758828076
1135.803495 27451.5758689439
1137.433657 27451.5757278169
1139.416988 27451.5756549682
1141.189892 27451.575538979
1143.107515 27451.5754692798
1144.855988 27451.5753341481
1146.550877 27451.57522107
1148.328222 27451.5751575236
1150.2539 27451.5749996606
1151.939938 27451.5749643666
1153.718111 27451.5748893091
1155.487859 27451.5748492795
1157.329492 27451.5747874181
1159.065498 27451.57472158
1160.889442 27451.574714725
1162.688449 27451.5745551319
1164.393292 27451.5744114628
1166.078151 27451.5742978187
1167.853572 27451.5742726793
1169.57797 27451.5739372631
1171.283049 27451.5738309526
1173.085306 27451.573610475
1174.810682 27451.5735379837
1176.545742 27451.5734463754
1178.288598 27451.573409843
1180.125352 27451.5733217368
1181.859661 27451.5732556774
1183.670523 27451.5732363488
1185.464151 27451.5731458005
1187.230559 27451.5731135363
1188.952177 27451.5730193541
1190.723011 27451.572995777
1192.439787 27451.5728934002
1194.226176 27451.5728579639
1195.846623 27451.5726743525
1197.495585 27451.5726202401
1199.263558 27451.5725513028
1201.051704 27451.5725004924
1202.781614 27451.5724532891
1204.491964 27451.5724115095
1206.370441 27451.5723804387
1208.23948 27451.5723645496
1210.241712 27451.5722571954
1212.068967 27451.5722054271
1213.744399 27451.5721881964
1215.560545 27451.5721219065
1217.314571 27451.5720969736
1219.255871 27451.5720300562
1220.938153 27451.5719991545
1222.554699 27451.5719454611
1224.359179 27451.5719373722
1226.118815 27451.571892712
1227.820864 27451.5718828484
1229.4911 27451.571776799
1231.088854 27451.5717157109
1232.841601 27451.571680168
1234.622178 27451.5716097038
1236.383365 27451.5715883106
1238.099498 27451.5715692096
1239.84986 27451.571457615
1241.52343 27451.5713719831
1243.177677 27451.5713248405
1244.915574 27451.571275201
1246.5804 27451.5712561104
1248.318504 27451.5711773783
1250.059827 27451.5711710222
1251.696108 27451.5710508996
1253.422822 27451.571008818
1255.200078 27451.5709615085
1256.920762 27451.5709178933
1258.656846 27451.5708941613
1260.381083 27451.5708504078
1262.165789 27451.5708163162
1263.955164 27451.5708007612
1265.810598 27451.570755149
1267.612409 27451.5707391643
1269.369688 27451.5706901561
1271.134466 27451.5706648394
1272.938432 27451.5706532289
1274.854153 27451.5706250558
1276.521341 27451.5705915938
1278.122456 27451.5705253382
1280.21966 27451.5705090507
1282.31816 27451.570470412
1284.293077 27451.5704349402
1286.420292 27451.5704180249
1288.715705 27451.5704011987
1291.044302 27451.5702999779
1293.217752 27451.5702700531
1295.23668 27451.5702304296
1297.346976 27451.5702134885
1299.458258 27451.5701741829
1301.741941 27451.5701575089
1303.771023 27451.5701158079
1305.76616 27451.5700896409
1308.019788 27451.5700531453
1310.510721 27451.570041339
1312.911051 27451.5700095586
1315.617799 27451.5699979605
1318.525345 27451.569978838
1320.880664 27451.5699386985
1323.009338 27451.5699205416
1325.142286 27451.5699134204
1327.063829 27451.5698841179
1329.183272 27451.5698581277
1331.219607 27451.569826657
1333.16317 27451.5697876603
1335.077349 27451.5697656719
1336.943989 27451.5697227144
1338.808034 27451.569697414
1340.59254 27451.5696795131
1342.249244 27451.5696636582
1344.161491 27451.5696198319
1346.027019 27451.5695527679
1347.885654 27451.5694896432
1349.718347 27451.5694670826
1351.822831 27451.5694393999
1353.847626 27451.5694269038
1355.830482 27451.5693915411
1357.82402 27451.5693762882
1359.681228 27451.5693557802
1361.619959 27451.5693552453
1363.485846 27451.5693212653
1365.355263 27451.5693010277
1367.124449 27451.5692765118
1368.998356 27451.5692641593
1370.83239 27451.5692382027
1372.677385 27451.5692280887
1374.457071 27451.5691962617
1376.218583 27451.5691734238
1378.164833 27451.5691397483
1379.995071 27451.5691230169
1381.955777 27451.569102218
1383.914371 27451.569082613
1385.885976 27451.5690754027
1387.581332 27451.5690541887
1389.296602 27451.5690481027
1391.078016 27451.5690174587
1392.890525 27451.5689976643
1394.565026 27451.5689831838
1396.334352 27451.5689795547
1398.173789 27451.5689550035
1399.782057 27451.5689033653
1401.549944 27451.5688898113
1403.138865 27451.5688833281
1404.788179 27451.5688591368
1406.495386 27451.5688344264
1408.207367 27451.5688253214
1409.954061 27451.5688004004
1411.583817 27451.5687665638
1413.344985 27451.5687614027
1415.045505 27451.5687390502
1416.895529 27451.5687210075
1418.672915 27451.5687063931
1420.362987 27451.5686913996
1422.166779 27451.5686751062
1423.887184 27451.5686541895
1425.510713 27451.5686421984
1427.383864 27451.5686407189
1429.179 27451.5686094327
1430.972942 27451.5685997919
1432.772289 27451.5685956122
1434.55413 27451.5685886001
1436.2608 27451.5685699794
1438.015371 27451.5685484224
1439.901917 27451.5685248756
1441.641292 27451.5685070879
1443.389263 27451.5684988377
1445.225622 27451.5684891911
1446.935749 27451.5684751028
1448.581235 27451.5684536249
1450.262743 27451.5684405502
1451.954874 27451.568435961
1453.857701 27451.5684239868
1455.476625 27451.5684110493
1457.197181 27451.5684044531
1458.901638 27451.5683989549
1460.596714 27451.5683758629
1462.35949 27451.5683630757
1464.026717 27451.5683395149
1465.660775 27451.5683326824
1467.295671 27451.5683282289
1469.053489 27451.5683164258
1470.886657 27451.5683094245
1472.511878 27451.5682967259
1474.20796 27451.5682914827
1475.936771 27451.5682786733
1477.774402 27451.5682706752
1479.589167 27451.5682623563
1481.261607 27451.5682604574
1482.895325 27451.5682324787
1484.602022 27451.5682234814
1486.297715 27451.5682048595
1488.118728 27451.568194384
1489.883691 27451.5681806884
1491.883087 27451.5681781923
1493.576069 27451.5681689874
1495.296627 27451.5681662334
1496.931396 27451.5681575254
1498.6841 27451.5681558288
1500.435804 27451.568147892
1502.136461 27451.5681411963
1503.917705 27451.568137662
1505.509828 27451.5681327313
1507.230931 27451.568109526
1508.848026 27451.5680941745
1510.423792 27451.5680022631
1512.238572 27451.5679958639
1513.987457 27451.5679814038
1515.622148 27451.5679695422
1517.153863 27451.5679623183
1518.87258 27451.567956032
1520.501721 27451.5679541657
1522.184341 27451.5679433913
1523.872976 27451.5679295226
1525.477945 27451.5679231981
1527.059433 27451.567916298
1528.662128 27451.5679033074
1530.29783 27451.567887905
1532.299657 27451.567870494
1534.231119 27451.5678644065
1535.824241 27451.5678473368
1537.616505 27451.5678414011
1539.362915 27451.5678317079
1541.161441 27451.5678271842
1542.891568 27451.5678199458
1544.657107 27451.5678172575
1546.278521 27451.5678104861
1547.952141 27451.5678084963
1549.629687 27451.5677976817
1551.502221 27451.567787764
1553.183666 27451.5677687104
1554.875953 27451.5677593238
1556.704208 27451.5677492826
1558.448246 27451.5677382854
1560.133598 27451.5677311386
1561.877724 27451.5677191037
1563.535294 27451.5677174204
1565.142925 27451.5677077833
1566.85415 27451.5677030765
1568.425145 27451.5676970178
1570.115619 27451.5676905389
1571.800872 27451.567687575
1573.404101 27451.5676858149
1575.124651 27451.5676740464
1576.658345 27451.5676642874
1578.267625 27451.5676601207
1579.963799 27451.5676539227
1581.762762 27451.5676504287
1583.439486 27451.567643281
1585.011518 27451.5676418439
1586.702971 27451.5676364787
1588.616153 27451.5676327514
1590.573847 27451.5676264314
1592.207136 27451.5676255245
1594.053414 27451.5676217135
1595.775687 27451.5676145188
1597.424007 27451.5676093883
1599.139822 27451.5676054592
1600.756035 27451.5676005887
1602.551362 27451.5675972782
1604.350809 27451.5675961514
1606.011337 27451.5675884768
1607.712394 27451.5675862974
1609.372433 27451.5675817925
1611.110663 27451.5675792771
1612.839477 27451.5675721155
1614.460266 27451.5675684511
1616.244943 27451.5675614108
1617.945579 27451.5675600954
1619.692036 27451.5675557897
1621.206979 27451.5675524396
1622.917804 27451.5675487865
1624.679306 27451.5675414048
1626.459528 27451.5675385773
1628.085204 27451.567535324
1629.703079 27451.5675323801
1631.323334 27451.5675298143
1633.04653 27451.5675268946
1634.800882 27451.5675219451
1636.501438 27451.5675135051
1638.131702 27451.5675032078
1639.777638 27451.5674976252
1641.339878 27451.5674938146
1643.107318 27451.5674909562
1644.667953 27451.567487228
1646.294495 27451.5674849411
1647.974619 27451.5674816945
1649.704907 27451.5674791149
1651.405157 27451.5674778489
1653.132826 27451.5674768089
1654.803155 27451.5674703929
1656.438981 27451.5674693358
1658.109338 27451.5674615573
1659.880848 27451.5674591098
1661.619724 27451.5674559808
1663.305928 27451.5674525152
1665.190912 27451.5674518645
1666.860301 27451.5674484218
1668.548032 27451.5674457286
1670.042796 27451.5674415095
1671.609653 27451.5674399466
1673.190246 27451.5674365582
1674.734332 27451.5674326602
1676.382096 27451.5674264454
1678.029734 27451.5674231202
1679.791626 27451.567422541
1681.546251 27451.5674218671
1683.213031 27451.5674139919
1684.941762 27451.5674097547
1686.577024 27451.567407818
1688.329456 27451.5674061872
1690.197091 27451.5674037511
1692.700016 27451.5674025762
1694.366253 27451.5673984226
1696.171237 27451.5673953647
1697.928374 27451.5673916061
1699.746744 27451.5673874441
1701.828949 27451.567386746
1703.605066 27451.5673824874
1705.626535 27451.5673786561
1707.469775 27451.5673759484
1709.244654 27451.5673705027
1710.969705 27451.5673648279
1712.616205 27451.567362514
1714.206375 27451.5673607826
1715.969351 27451.5673605545
1717.607583 27451.5673562198
1719.865296 27451.5673551399
1721.666511 27451.5673530033
1723.511699 27451.5673499425
1725.265522 27451.5673444449
1727.744884 27451.5673398814
1730.009234 27451.5673330567
1732.355899 27451.5673315033
1734.568431 27451.5673279658
1736.841327 27451.5673272165
1739.206065 27451.5673253959
1741.575554 27451.5673224984
1743.44172 27451.5673211353
1745.571678 27451.5673196449
1747.615413 27451.5673186933
1749.481808 27451.5673148935
1751.295066 27451.5673132827
1754.400018 27451.5673126297
1757.127992 27451.5673114214
1759.162397 27451.5673080384
1761.058959 27451.5673046167
1762.891931 27451.5673011932
1764.740128 27451.5672996189
1766.654157 27451.5672985464
1768.72567 27451.5672954414
1770.81216 27451.5672948804
1773.159775 27451.5672939423
1775.156132 27451.5672905034
1777.066943 27451.5672880463
1778.997496 27451.5672868453
1780.912283 27451.5672850967
1782.755466 27451.5672850495
1784.678164 27451.5672832951
1786.64123 27451.5672773099
1788.506415 27451.5672751989
1790.494832 27451.5672746787
1792.466391 27451.5672728179
1794.364785 27451.5672718979
1796.07906 27451.5672696091
1798.200247 27451.5672690002
1800.025612 27451.567267265
1801.985557 27451.5672661221
1804.344344 27451.5672654948
1806.283459 27451.5672628646
1808.123377 27451.5672618709
1810.003387 27451.5672593097
1811.865102 27451.5672576699
1813.700934 27451.5672571698
1815.769414 27451.5672555099
1817.582116 27451.5672539465
1819.276454 27451.567253605
1821.295153 27451.5672527381
1823.007266 27451.5672502272
1824.781109 27451.5672488395
1826.583975 27451.567248728
1828.330485 27451.5672472284
1829.927035 27451.5672453309
1831.471488 27451.5672441463
1833.184813 27451.5672425539
1834.964532 27451.5672405209
1836.740015 27451.5672399719
1838.386871 27451.567238391
1840.068815 27451.5672368918
1842.030823 27451.5672365031
1844.170142 27451.5672332783
1846.107819 27451.5672319003
1848.100081 27451.567231888
1849.836832 27451.5672294771
1851.566226 27451.5672277006
1853.223329 27451.5672266915
1854.929876 27451.5672264295
1856.455331 27451.5672205821
1858.0803 27451.5672183387
1859.782032 27451.5672157576
1861.409803 27451.5672144834
1863.161928 27451.5672139576
1864.79842 27451.5672124701
1866.438973 27451.5672110171
1868.173047 27451.5672099749
1869.79612 27451.5672079663
1871.504184 27451.5672078899
1873.282193 27451.5672055382
1875.076757 27451.567204706
1876.830003 27451.5672035099
1878.428547 27451.5672024088
1880.296405 27451.5672013642
1881.950382 27451.567199515
1883.55592 27451.5671991427
1885.163862 27451.567197904
1886.886696 27451.5671968223
1888.661601 27451.5671965479
1890.345442 27451.5671952836
1892.078923 27451.567194926
1893.656154 27451.5671935726
1895.254287 27451.5671924715
1896.96324 27451.5671911723
1898.558405 27451.5671902971
1900.217503 27451.5671899477
1901.790486 27451.5671878865
1903.53648 27451.5671860324
1905.296676 27451.567185157
1907.025989 27451.5671837941
1908.897462 27451.5671834431
1910.774536 27451.5671822019
1912.608703 27451.5671810516
1914.478076 27451.5671806462
1916.299819 27451.5671796731
1917.979773 27451.5671783424
1919.862698 27451.5671749422
1921.645973 27451.5671740873
1923.471447 27451.567171594
1925.388322 27451.5671707202
1927.269164 27451.5671705269
1929.010478 27451.5671698331
1930.825578 27451.5671691413
1932.585329 27451.5671688683
1934.357279 27451.5671683197
1935.953475 27451.5671680809
1937.732488 27451.5671672627
1939.544203 27451.5671669886
1941.313213 27451.5671661179
1942.995158 27451.5671655657
1944.870246 27451.56716477
1946.66717 27451.5671625727
1948.447042 27451.567161787
1950.248464 27451.5671611771
1952.030902 27451.5671605841
1953.68216 27451.5671604091
1955.356561 27451.5671599335
1957.172597 27451.5671595121
1959.103783 27451.5671587083
1960.895043 27451.5671581976
1962.625247 27451.5671579242
1964.413424 27451.5671573362
1966.2369 27451.5671571966
1968.061738 27451.5671558466
1969.871012 27451.5671548387
1971.60872 27451.5671534318
1973.238324 27451.5671518189
1974.973398 27451.5671510232
1976.708274 27451.5671509153
1978.48055 27451.5671503242
1980.284451 27451.5671499329
1982.297285 27451.5671496469
1984.198864 27451.5671495074
1985.97137 27451.5671483291
1987.794749 27451.5671479202
1989.689942 27451.5671478291
