time objective
3.844446 63297.0662577974
7.871525 54032.5532889931
12.108142 48495.6960023898
16.64218 45564.3057007765
21.645188 43785.5100931117
26.820736 41265.1971346113
32.325564 39761.6344279387
38.151715 38854.6381355897
44.199006 37756.618986598
50.564896 37197.3814936348
57.525693 36847.9579529927
64.367513 36300.9884242161
71.444286 35279.47817222
78.444648 34865.7282479861
85.67921 34749.1516426075
93.324679 34363.2364050722
100.793024 34272.8958018863
108.315224 34210.4176298427
115.94482 33765.7083327135
123.368434 33216.9962631994
130.891842 32664.3218229272
138.519202 32211.5695523482
146.00081 32114.8753670522
153.913906 32049.0601676947
162.081123 31963.208991607
170.006084 31689.9670407999
177.626338 31450.7913692651
185.528745 31330.2290350056
193.088448 31090.5775130317
200.716087 30942.6806665388
208.207222 30727.0829673997
215.729139 30697.2689250984
223.294722 30664.4598376634
230.501167 30607.9164294701
237.674338 30150.6995653455
244.839452 29928.5211175013
251.856048 29778.3917140786
259.169705 29416.455918325
266.300708 29340.708516538
273.209791 29268.8491167275
279.852527 29245.7066598785
286.431634 29147.8583985218
293.526736 29061.8623252712
300.658972 29055.5730940179
307.57189 29023.4832088536
314.479571 28972.6160334773
321.361423 28913.8067815806
328.20087 28907.1078406396
334.79422 28856.4697135401
341.206669 28798.6776507503
347.751042 28727.1433747452
354.377499 28679.9984512836
361.04194 28588.3359776225
367.538 28555.6554107269
373.382665 28542.2651821947
379.084564 28483.6245963317
385.18743 28458.8746485564
391.763787 28349.1731886444
397.940871 28327.1151481891
403.952087 28316.3605425156
410.267027 28284.6262354995
416.165906 28272.9772901831
422.080431 28263.6447223809
427.840103 28249.4120605305
433.311197 28086.0546889046
439.6216 28066.5710387726
445.799395 28034.5510450382
451.994417 28001.442809959
458.271459 27972.510074912
464.481694 27951.6652943334
470.188925 27940.17374684
475.576888 27925.4832642806
480.827631 27864.4385363015
486.886482 27863.8389563897
492.946448 27835.6914197033
498.885678 27833.2547127209
504.935948 27818.9612732358
510.347737 27815.8573134639
515.549891 27794.8474912386
520.687849 27758.7251734235
526.51652 27756.3598503294
532.404539 27728.2887040028
538.457119 27700.9825712618
544.253236 27679.5895091581
549.374549 27671.7136119948
554.375256 27659.0932450639
559.915228 27656.8244078931
565.789419 27647.6963900733
571.255623 27633.7189926633
576.4217 27631.6812424884
581.67355 27628.2859829335
586.51332 27624.5024702515
591.370199 27609.0863626099
598.324989 27609.0863626084
603.872935 27586.8526520779
609.21853 27579.3792153862
614.590808 27571.949990551
619.406614 27568.9559464116
624.19327 27556.3408250307
629.092752 27552.3431639435
634.711918 27550.8695819893
640.053968 27546.2622100049
645.604575 27539.7038895362
650.707792 27536.0626315597
655.450432 27534.0215447794
660.239603 27530.3731093342
665.263374 27525.0077255505
671.845736 27525.0077255504
676.863303 27524.0683874016
681.943276 27519.6953868339
686.556526 27518.4608686101
691.120375 27514.3579585807
695.919056 27504.9095937112
700.776436 27502.0273565028
705.782063 27501.5435603115
710.919762 27496.8110072094
715.82352 27495.0462800285
720.749985 27493.5465644047
725.388427 27492.8976875243
730.010026 27492.3328299385
734.828566 27488.9535262177
739.466596 27484.7658642657
744.541612 27480.4706013917
750.758114 27480.4706013917
755.501887 27478.4371393045
760.278378 27478.0884494819
765.178165 27476.5243872008
770.081003 27475.9929617381
774.64853 27475.8330342342
779.206921 27472.8995392925
783.796636 27471.4138659955
788.526689 27471.0402937756
793.400455 27469.6517038236
798.235014 27468.6393734144
803.124512 27468.1643802999
807.737644 27467.9285705013
812.317595 27467.6766669093
816.875458 27466.5611439266
821.60246 27465.3994206301
826.258166 27465.2213458276
831.085737 27464.5130240267
836.250929 27463.2828033075
840.867589 27463.0274843324
845.414735 27462.7157097536
849.936795 27462.387349229
854.569627 27461.8081699111
859.169742 27461.5678244843
863.670072 27461.2941192388
868.206944 27461.1809878424
872.905411 27460.9318840909
877.40007 27460.5340346327
881.915387 27459.4799085794
886.459776 27459.4626528205
891.027954 27459.2204691312
895.544539 27458.8785866865
900.117966 27458.6697902677
904.786344 27458.5933147101
909.243603 27458.2129661208
913.727108 27457.4232962907
918.394351 27457.0164987664
923.088848 27456.8511763676
927.612458 27456.5929176911
932.17144 27456.362655148
936.656025 27456.3189533416
941.325456 27456.1644028176
945.840211 27455.8426593782
950.436932 27455.4754648198
955.006207 27455.3857762643
959.555945 27455.3580016358
964.126287 27455.1115931433
968.705791 27454.968179206
973.428869 27454.9452988357
977.949087 27454.8789356733
982.447894 27454.615604853
987.002584 27454.5338392271
991.580758 27454.490298331
996.113611 27454.1908883832
1000.597169 27454.0817464627
1005.076039 27454.0529164953
1009.707796 27454.0219479297
1014.215991 27453.968113297
1018.73099 27453.7216724002
1023.319937 27453.5878358843
1028.007961 27453.412999643
1032.51017 27453.3222662002
1037.097621 27453.1838806184
1041.790528 27453.153891616
1046.28781 27453.1419973363
1050.79391 27453.1064201876
1055.303127 27452.9905642444
1059.818047 27452.8412828223
1064.332627 27452.7853325337
1068.829688 27452.7507024293
1073.369318 27452.6998351723
1078.085125 27452.6333813273
1082.472747 27452.6217093711
1086.827661 27452.6086995036
1091.248632 27452.5084239674
1095.742834 27452.4753189071
1100.121028 27452.4560840815
1104.575134 27452.4061107386
1109.157244 27452.3807503651
1113.584767 27452.3747008204
1118.011957 27452.3583274167
1122.462907 27452.2965518531
1126.928526 27452.2894327704
1131.386015 27452.2348726833
1135.841762 27452.1862943753
1140.305597 27452.1537915313
1144.932177 27452.1411914985
1149.385958 27452.1211161694
1153.887872 27452.1196046508
1158.342255 27452.0942157273
1162.768316 27452.0842122973
1167.151845 27452.0713963993
1171.599668 27452.0505602287
1176.135276 27452.0300739769
1180.820731 27452.0110480778
1185.292319 27452.0008335808
1189.745022 27451.9968929246
1194.177723 27451.9612380782
1198.569124 27451.9419293704
1202.909547 27451.9401576625
1207.286781 27451.9245644143
1211.853036 27451.9198118755
1216.23525 27451.9125832544
1220.615856 27451.9065254655
1225.009972 27451.8864806066
1229.416826 27451.8840238196
1233.75834 27451.8673627188
1238.099815 27451.8654282756
1242.501399 27451.8610993147
1247.063638 27451.8582048138
1251.43717 27451.8502134695
1255.84224 27451.8415031866
1260.244514 27451.8145694193
1264.692266 27451.8042635862
1269.054934 27451.8001565477
1273.438021 27451.7896180533
1277.814371 27451.7852226419
1282.396881 27451.7808654267
1286.773888 27451.7794252712
1291.146823 27451.7698845204
1295.567936 27451.7519599533
1300.014877 27451.7314452615
1304.443549 27451.7258871942
1308.803854 27451.7227409336
1313.180215 27451.7164000339
1317.749881 27451.7132278231
1322.131533 27451.712362531
1326.523386 27451.7103778178
1330.917013 27451.7010478245
1335.278252 27451.6895056392
1339.64802 27451.6844695752
1344.047688 27451.6784689172
1348.593083 27451.6735623522
1352.970671 27451.6722913657
1357.352972 27451.6708679501
1361.749276 27451.6690428151
1366.15105 27451.6650774346
1370.560248 27451.6616202346
1374.937718 27451.6586894173
1379.367659 27451.6574346632
1383.96957 27451.6536809055
1388.415002 27451.6522743805
1392.82677 27451.651205992
1397.192791 27451.6506265253
1401.615659 27451.6502359769
1405.978528 27451.6405220839
1410.370049 27451.6318544367
1414.858384 27451.6276468013
1419.533527 27451.6237271473
1423.989118 27451.6223613286
1428.436122 27451.6210135293
1432.853338 27451.6205771401
1437.265166 27451.6187236617
1441.664902 27451.617241052
1446.045721 27451.6144883187
1450.54488 27451.6141274874
1455.140119 27451.6131177123
1459.519514 27451.6125591766
1463.881429 27451.6110156141
1468.243918 27451.6056099995
1472.635707 27451.6043722668
1477.019482 27451.6026788966
1481.408847 27451.6002558155
1485.986813 27451.599021445
1490.349569 27451.5988006989
1494.707185 27451.5976635952
1499.096872 27451.5972127169
1503.502349 27451.5959986245
1507.852216 27451.5947339833
1512.169963 27451.5938331075
1516.54403 27451.5933335833
1521.091208 27451.5930421104
1525.450386 27451.5927564886
1529.816314 27451.591875762
1534.217232 27451.590889017
1538.642682 27451.5897017574
1543.001931 27451.5894392662
1547.336291 27451.5891146456
1551.684002 27451.5877178266
1556.226012 27451.5871958167
1560.583448 27451.5870790195
1564.950169 27451.5869256024
1569.316902 27451.5851323684
1573.742074 27451.5837194573
1578.14912 27451.582528514
1582.530711 27451.5821914841
1586.943356 27451.5812682672
1591.513759 27451.581094017
1595.922407 27451.5809084972
1600.356909 27451.5804388856
1604.818208 27451.5802183157
1609.218694 27451.5797427747
1613.629202 27451.5795868552
1618.0451 27451.5793774262
1622.644586 27451.5792398081
1627.060101 27451.5785219894
1631.515993 27451.5772945794
1636.019723 27451.5766631974
1640.462893 27451.5761160565
1644.822087 27451.5759004022
1649.174025 27451.5757268338
1653.581436 27451.5754106967
1658.194787 27451.5747255769
1662.699242 27451.5747240985
1667.125037 27451.574673185
1671.531486 27451.5742387374
1675.904209 27451.5741734633
1680.217072 27451.574138362
1684.549849 27451.5735021959
1688.95461 27451.5729343788
1693.578247 27451.5727922149
1697.943719 27451.5722535374
1702.320861 27451.5720457999
1706.693605 27451.5719939436
1711.069772 27451.5718636982
1715.375448 27451.5718341392
1719.726033 27451.5717697455
1724.091407 27451.5717045411
1728.644731 27451.5712233147
1733.071612 27451.570934475
1737.494698 27451.5707237771
1741.899443 27451.570621566
1746.242994 27451.5704784572
1750.537933 27451.5704332569
1754.893372 27451.5704007193
1759.459278 27451.5702792661
1763.848184 27451.5698850752
1768.320787 27451.5698744429
1772.799824 27451.5697321615
1777.226081 27451.5696645165
1781.616689 27451.5696381051
1785.956071 27451.5696098492
1790.359766 27451.5694940409
1794.97014 27451.5694285327
1799.408106 27451.5691689567
1803.895268 27451.569063508
1808.299844 27451.5690156008
1812.728611 27451.568950632
1817.092459 27451.5689324716
1821.456501 27451.5689198938
1825.860955 27451.5688398568
1830.493672 27451.5688208705
1834.91385 27451.5687969253
1839.426156 27451.5686780055
1843.813512 27451.5685396477
1848.184485 27451.5685222439
1852.490691 27451.5685069897
1856.826325 27451.5684877723
1861.19679 27451.5684170017
1865.752821 27451.5684128902
1870.153288 27451.5682948034
1874.562713 27451.5682575692
1878.923791 27451.5681844808
1883.28422 27451.568174143
1887.571996 27451.5681580428
1891.945647 27451.5681570136
1896.503836 27451.5680815996
1900.861204 27451.5680521578
1905.228086 27451.5680144022
1909.617928 27451.5680033705
1914.017965 27451.5679517955
1918.35819 27451.5679157522
1922.636238 27451.5679020216
1927.001246 27451.5678663612
1931.5397 27451.5677776641
1936.003301 27451.5677670379
1940.362147 27451.5677547445
1944.714075 27451.5676981326
1949.10859 27451.567693554
1953.471792 27451.5676858052
1957.825201 27451.5676654837
1962.226905 27451.5676625319
1966.795583 27451.5676425047
1971.208959 27451.5676011921
1975.653582 27451.5675862672
1980.06756 27451.5675793813
1984.482105 27451.5675757023
1988.837898 27451.5675653545
1993.215852 27451.5675351
1997.622157 27451.5675100325
2002.317253 27451.5674992795
2006.724191 27451.5674502346
2011.176158 27451.5674447666
2015.612976 27451.5674391392
2020.008972 27451.5674368917
2024.345578 27451.5674157641
2028.816071 27451.5674047734
2033.414167 27451.5673909115
2037.895707 27451.5673816826
2042.294635 27451.5673793794
2046.680271 27451.5673617603
2051.045897 27451.5673589041
2055.374804 27451.5673577792
2059.673165 27451.5673523208
2064.066216 27451.5673328674
2068.706277 27451.5673206996
2073.07559 27451.567314362
2077.442474 27451.567311678
2081.812261 27451.5673084392
2086.18602 27451.5673066838
2090.492602 27451.5672974982
2094.838853 27451.5672881988
2099.203585 27451.5672679943
2103.866157 27451.5672647594
2108.244354 27451.5672562559
2112.607306 27451.5672517172
2116.966007 27451.5672501456
2121.327169 27451.5672482843
2125.621806 27451.5672431071
2129.946823 27451.5672323061
2134.303211 27451.5672226879
2138.898124 27451.5672180479
2143.284811 27451.5672043932
2147.637139 27451.5671992812
2152.037481 27451.567197458
2156.442069 27451.5671959638
2160.791483 27451.5671940899
2165.181233 27451.5671921817
2169.582068 27451.5671895747
2174.194621 27451.5671871171
2178.633503 27451.5671841499
2183.037445 27451.5671801171
2187.445132 27451.5671785059
2191.839882 27451.5671773974
2196.185717 27451.5671770497
2200.591725 27451.5671744604
2205.180217 27451.567173197
2209.583245 27451.5671703829
2214.025272 27451.5671700044
2218.42141 27451.567167932
2222.829674 27451.567166065
2227.145997 27451.5671639207
2231.445088 27451.567163463
2235.800015 27451.5671630142
2240.369571 27451.5671614415
2244.767298 27451.5671568009
2249.192409 27451.5671509677
2253.624731 27451.5671479514
2258.02449 27451.5671444989
2262.31865 27451.5671427921
2266.640992 27451.5671418747
2271.00241 27451.5671414413
2275.544199 27451.5671392098
2279.949676 27451.5671372242
2284.351936 27451.5671369697
2288.713021 27451.5671367168
2293.069844 27451.5671360697
2297.361872 27451.567133125
2301.691373 27451.5671329148
2306.057255 27451.5671323424
2310.643842 27451.5671314875
2314.992556 27451.567128385
2319.403772 27451.5671277322
2323.782992 27451.5671269933
2328.139846 27451.5671264449
2332.442348 27451.5671256341
2336.81944 27451.5671252626
2341.395592 27451.567124344
2345.765289 27451.5671214695
2350.167353 27451.5671206268
2354.596101 27451.5671193847
2359.016371 27451.5671189566
2363.399442 27451.5671159287
2367.737751 27451.5671159122
2372.167606 27451.5671151289
2376.745814 27451.5671150413
2381.153879 27451.5671143762
2385.555783 27451.5671121185
2390.027777 27451.5671116175
2394.451431 27451.5671114594
2398.799773 27451.5671096039
2403.176661 27451.5671086538
2407.539011 27451.56710824
2412.076477 27451.5671080412
2416.458141 27451.5671077162
2420.830075 27451.5671058031
2425.239538 27451.5671046705
2429.679216 27451.5671042168
2433.964391 27451.5671026237
2438.291131 27451.5671023739
2442.643522 27451.5671020795
2447.185866 27451.5671019676
2451.54195 27451.5671018871
2455.914823 27451.5671017135
2460.295738 27451.5671000511
2464.637171 27451.5670989616
2468.939458 27451.5670981959
2473.312364 27451.567096531
2477.66957 27451.5670961773
2482.176067 27451.5670952525
2486.541524 27451.567095104
2490.918074 27451.567094753
2495.299659 27451.5670944563
2499.651707 27451.5670944038
2503.999472 27451.5670940751
2508.377446 27451.5670938799
2512.94774 27451.5670937076
2517.326255 27451.5670936627
2521.697253 27451.5670936425
2526.044866 27451.5670934271
2530.389703 27451.5670931644
2534.726372 27451.5670929275
2539.064907 27451.5670927435
2543.42598 27451.5670925204
2547.94988 27451.56709247
2552.291318 27451.567092414
2556.641999 27451.5670919713
2560.980696 27451.5670919307
2565.355133 27451.5670915447
2569.709726 27451.5670911838
2574.000335 27451.5670907018
2578.330623 27451.5670905082
2582.861649 27451.5670904577
2587.196664 27451.5670904206
2591.555691 27451.5670902337
2595.956401 27451.567090219
2600.324411 27451.5670901193
2604.660214 27451.5670900898
2608.994922 27451.5670900357
2613.353284 27451.5670900013
2617.902963 27451.5670898184
2622.309221 27451.5670897797
2626.722139 27451.5670896628
2631.130975 27451.5670895346
2635.519067 27451.5670894073
2639.816695 27451.567089389
2644.149663 27451.5670893684
2648.483127 27451.5670893334
2653.042564 27451.5670892898
2657.396549 27451.5670891967
2661.790727 27451.5670891715
2666.176856 27451.5670891106
2670.502286 27451.5670890522
2674.77471 27451.5670890396
2679.131667 27451.567089018
2683.660715 27451.5670889658
2688.012528 27451.5670889308
2692.394101 27451.5670889094
2696.737591 27451.5670888399
2701.087608 27451.5670888247
2705.400489 27451.5670887954
2709.663592 27451.5670887867
2713.995533 27451.567088777
2718.527519 27451.5670886274
2722.917438 27451.5670886
2727.303865 27451.5670885511
2731.693619 27451.5670883948
2736.091601 27451.5670883677
2740.421489 27451.5670883413
2744.728097 27451.5670883307
2749.091241 27451.5670883219
2753.645421 27451.5670882994
2758.027969 27451.5670882364
2762.428649 27451.5670881949
2766.889148 27451.567088148
2771.294128 27451.5670881474
2775.604855 27451.5670880708
2779.91365 27451.5670880609
2784.260416 27451.567088056
2788.79334 27451.5670880275
2793.159451 27451.5670880202
2797.504502 27451.5670879685
2801.92326 27451.5670879616
2806.266112 27451.5670879465
2810.563527 27451.5670879374
2814.858437 27451.5670879279
2819.187658 27451.5670879147
2823.707855 27451.5670878733
2828.088922 27451.5670878468
2832.441001 27451.5670878341
2836.8267 27451.5670878312
2841.183185 27451.5670878069
2845.451202 27451.5670878061
2849.771018 27451.5670878005
2854.105065 27451.5670877938
2858.631461 27451.5670877536
2863.006926 27451.5670877354
2867.406122 27451.567087708
2871.83525 27451.5670876814
2876.188714 27451.5670876712
2880.490299 27451.5670876495
2884.851697 27451.5670876466
2889.411422 27451.5670876453
2893.780134 27451.5670876407
2898.206262 27451.5670876286
2902.640345 27451.5670876175
2907.047948 27451.5670876161
2911.367952 27451.5670876104
2915.642675 27451.5670876096
2919.972357 27451.5670876061
2924.523827 27451.5670875972
2928.877503 27451.5670875878
2933.25726 27451.5670875803
2937.630635 27451.5670875757
2941.980875 27451.567087565
2946.274938 27451.5670875634
2950.565031 27451.5670875588
2954.901466 27451.5670875497
2959.46974 27451.5670875415
2963.847187 27451.5670875398
2968.190316 27451.5670875394
2972.530715 27451.5670875261
2976.879632 27451.5670875217
2981.198351 27451.5670875204
2985.534509 27451.5670875184
2989.935812 27451.5670875037
2994.533026 27451.5670874869
2998.969691 27451.5670874826
3003.338984 27451.567087472
3007.784358 27451.5670874715
3012.147019 27451.5670874707
3016.476934 27451.5670874703
3020.840676 27451.5670874676
3025.19699 27451.5670874632
3029.78056 27451.5670874541
3034.202275 27451.5670874466
3038.553012 27451.5670874437
3042.904806 27451.5670874416
3047.242317 27451.5670874376
3051.51447 27451.5670874356
3055.849083 27451.5670874338
3060.411866 27451.5670874324
3064.823306 27451.5670874311
3069.175112 27451.5670874253
3073.527372 27451.5670874248
3077.948173 27451.5670874237
3082.932241 27451.5670874236
3087.21972 27451.5670874226
3091.589972 27451.567087418
3096.148754 27451.5670874148
3100.65435 27451.5670874135
3105.812664 27451.5670874134
3111.250985 27451.5670874134
3116.580586 27451.5670874134
3121.869289 27451.5670874134
3126.287335 27451.5670874129
3131.495138 27451.5670874126
3136.246198 27451.5670874119
3141.24796 27451.5670874115
3145.708267 27451.5670874109
3150.041258 27451.5670874066
3155.145064 27451.5670874066
3160.220558 27451.5670874065
3165.368813 27451.5670874057
3170.494291 27451.5670874055
3175.59985 27451.5670874053
3180.770026 27451.5670874052
