time objective
5383.095598 251343.492588658
7539.759657 240487.867367316
9639.954123 226375.555953069
11591.058559 220546.785557076
13479.008058 216286.719060429
15270.362675 206645.621300282
16827.201528 200638.515500027
18261.555372 197147.681669429
19530.938129 189988.393799192
20724.013461 185537.19230272
21909.887035 183013.563788766
23163.066041 180123.125063732
24456.451144 177397.787446668
25724.323382 174784.628935296
26953.890421 171274.558968364
28126.823417 169658.158475429
29240.32516 166641.14207031
30318.226888 166253.60747639
31374.665017 161576.592124065
32222.130168 160654.83181024
33058.426536 159227.886664662
33887.664167 158532.672295991
34725.927008 153539.08011732
35500.609071 148906.517394879
36263.226761 147896.340479014
37007.425627 145847.203018965
37723.814762 143533.823866392
38427.014693 141829.165316628
39117.740572 141049.822485205
39794.75909 140317.07815881
40464.730043 139719.359401856
41126.987436 138401.976067274
41767.026692 136182.887256246
42396.956702 135158.758391425
43021.458071 134210.93589379
43641.705598 133604.165992669
44261.037545 133008.11243167
44871.138396 132314.023892793
45473.904247 131212.380536135
46074.631438 130391.602045166
46663.278482 129958.561846599
47246.3965 129151.603062363
47828.320519 128825.494226711
48402.288738 128059.25663972
48972.597132 127512.895706727
49539.604438 127128.624516146
50101.092751 126736.268655463
50654.985491 125933.563137967
51202.058998 125840.079371635
51746.192984 124964.59268738
52286.107602 124634.8225264
52823.475768 124385.379292682
53357.978559 124157.914795329
53886.517988 123330.707731272
54410.141141 122263.930513744
54929.085442 120329.090662783
55414.273588 119768.810650481
55897.77042 119173.777840372
56376.269229 118341.412523063
56850.142237 118079.318779852
57322.565217 117887.725927108
57791.957136 117678.246467108
58258.85861 117350.279863609
58719.012551 117131.498438397
59173.191925 116678.291580655
59624.937713 116410.984858056
60072.948565 116276.364185242
60518.988599 116071.045718447
60961.947915 115902.138037575
61405.155713 115634.799302139
61842.742009 115152.196338078
62272.387487 114847.461698985
62703.838042 114642.220658956
63131.418951 114385.573151214
63554.832227 114236.113629909
63975.900962 114153.892573472
64394.34455 113810.310180133
64806.249134 113039.61501619
65204.659387 112536.969090802
65592.316571 112126.020755428
65971.616513 111539.228512545
66348.211419 111158.002894017
66723.623876 111020.509801323
67098.150344 110873.511533638
67470.36382 110766.532299373
67836.278061 110549.803140556
68199.798664 110488.765803769
68563.074053 110291.240926079
68926.141605 110232.594266402
69288.191657 110182.654821304
69649.14969 110036.895552092
70007.558629 109891.155787477
70354.310863 109545.668698876
70695.919084 109037.05755443
71032.163351 108827.996511524
71368.052383 108739.135260535
71703.19755 108664.158666553
72036.339666 108631.963791527
72368.268637 108540.735944689
72700.597782 108274.586696423
73025.98899 108139.767397648
73348.273315 107903.13491097
73665.808613 107530.691664513
73978.576424 107420.803624086
74290.092595 107383.87948776
74602.543438 107345.384090889
74913.857544 107235.951037927
75222.320541 106999.146762539
75528.432138 106914.61874087
75827.749014 106823.955698948
76125.808502 106808.621201793
76423.276087 106648.46041225
76720.162817 106605.855921797
77016.410179 106588.195435327
77312.529047 106520.542019909
77605.468532 106128.492960506
77886.962534 105773.327256043
78171.412363 105634.834337574
78453.03434 105446.976944378
78731.688906 105352.453967298
79007.048851 105297.574341758
79280.855925 105278.13765368
79555.609944 105246.069039583
79828.721845 105210.565070532
80094.618915 105179.834525804
80357.649392 105101.410709057
80616.837633 104977.986674982
80877.286178 104954.483205312
81136.450197 104945.608130315
81394.469347 104923.92961653
81653.336893 104860.604376408
81908.405427 104825.54979154
82161.9219 104764.661159585
82411.058861 104636.487956083
82660.303792 104563.092002805
82909.835733 104545.604791291
83159.143989 104535.221931579
83407.06337 104527.854517505
83655.15674 104522.642483661
83900.951117 104415.893614279
84146.36043 104386.045324817
84389.199809 104214.633345361
84630.575436 104180.910424749
84871.270868 104170.993342021
85112.926612 104156.613909079
85353.551678 104101.87504458
85590.958397 104007.363503165
85828.631427 103982.233307712
86063.039963 103931.108171079
86296.129807 103891.105115833
86528.934052 103871.672300717
86761.34465 103864.20490617
86993.180863 103846.583874297
87222.664002 103746.593728494
87450.787007 103718.242599817
87678.463364 103706.151174309
87900.158173 103529.623238057
88121.267669 103418.817515251
88340.810099 103387.808141064
88561.120979 103380.396363946
88780.110215 103369.568594526
88998.044048 103350.238969883
89216.744944 103333.361838489
89432.856622 103316.883362888
89648.953639 103309.139169445
89864.741049 103297.856150684
90078.708257 103292.001430219
90292.606802 103282.141923542
90507.256669 103275.662132164
90721.524279 103259.41172518
90937.826192 103253.58027211
91150.230564 103236.035151398
91362.4681 103235.053857717
91574.987635 103212.325310043
91789.623499 103205.402826546
92001.465861 103196.040427373
92211.851512 103192.861329187
92422.483691 103187.974961767
92633.908144 103178.302169973
92845.292501 103141.154047696
93057.794308 103098.86830982
93272.053753 103083.695910368
93480.406319 103045.311528842
93690.149732 103018.545534613
93897.93187 103002.851685054
94105.620823 102998.919076137
94313.066229 102995.795538418
94519.615514 102993.774855006
94725.493196 102946.747941121
94931.024011 102923.386991635
95136.830917 102890.025995232
95342.48465 102877.678913425
95545.857282 102830.173932796
95747.392181 102825.034511928
95948.828679 102821.569355307
96150.818522 102811.893711993
96351.833143 102786.566136367
96558.416745 102780.776678182
96759.58996 102771.513026503
96957.403716 102763.746530974
97154.949698 102760.356661049
97353.312503 102756.881840117
97551.524711 102746.405498542
97754.528112 102738.162520572
97952.420853 102714.367092576
98153.485166 102710.399456571
98348.665472 102704.409090641
98544.196601 102693.121342502
98742.211754 102691.161019352
98939.069445 102683.652048611
99133.663878 102663.905776833
99326.792439 102656.169364788
99526.335107 102635.496532507
99718.048908 102591.43119614
99909.712416 102581.714144588
100101.1328 102578.208924501
100292.219588 102574.671351839
100482.663737 102562.570356749
100679.289811 102557.360053793
100870.022213 102549.827098396
101062.785441 102546.138118332
101253.067785 102539.467816796
101445.914043 102538.624501018
101635.775176 102536.407021054
101824.771548 102535.462668512
102013.411809 102526.60735921
102202.13467 102501.930591919
102395.496906 102491.471936453
102586.248464 102490.896057394
102774.40033 102476.400432945
102961.82863 102473.137945737
103148.892196 102467.900091398
103335.105675 102467.119178831
103521.41594 102464.491516942
103708.396438 102453.233664286
103900.791018 102442.873762753
104087.240169 102431.116216862
104277.402946 102428.886649661
104465.006397 102415.086028863
104649.86266 102410.25536917
104833.976209 102404.378382437
105017.544652 102403.611948708
105201.537768 102400.698876882
107397.457342 102374.168924704
107625.729729 102310.043705988
107857.37542 102283.1703946
108083.49155 102240.944409066
108309.015426 102231.554660009
108535.091751 102220.64505643
108760.846472 102182.133341268
108984.332902 102131.339187212
109209.414804 102083.059869776
109431.907869 102073.314396842
109652.332534 102047.840173761
109879.214187 102036.751514189
110100.672868 102025.910666396
110323.225229 102005.463844129
110553.082996 101998.491638712
110774.725938 101976.683674603
110997.889841 101964.193875932
111218.471314 101959.461064757
111438.351682 101941.125747632
111658.709574 101930.31004339
111879.094261 101922.33864388
112098.942617 101905.739817276
112317.709374 101894.514284513
112534.568491 101833.155800046
112755.416264 101828.007754158
112971.332688 101808.036130642
113186.713733 101801.803761179
113402.840852 101798.423340021
113617.913198 101779.732165462
113834.608617 101772.27687414
114048.99829 101764.351382181
114262.338468 101761.246465503
114476.117108 101749.066789637
114689.824287 101743.388912662
114904.087906 101718.189358409
115117.499558 101687.66928918
115330.242343 101620.267706343
115545.078083 101610.314469796
115754.713195 101571.584720192
115963.846751 101567.684224795
116172.657189 101564.816875166
116381.463444 101560.786024475
116591.62408 101559.981099332
116800.495847 101558.300433503
117009.702527 101536.461574083
117218.832417 101520.366736034
117427.786587 101499.793412225
117634.198392 101498.845630995
117840.679845 101465.521828571
118046.743256 101463.009976627
118252.4275 101460.8206607
118457.56529 101441.476812223
118663.889999 101426.850131811
118873.299964 101416.649683272
119079.825423 101412.973422426
119284.183628 101404.769155771
119489.084514 101399.08628961
119693.000568 101397.948321458
119897.168106 101396.382224179
120100.360413 101380.69678745
120305.142904 101362.251405435
120509.750354 101349.050009604
120717.129032 101343.653434713
120918.670106 101330.234535364
121119.945656 101322.432612159
121321.185057 101320.853393955
121522.2695 101318.442881326
121723.49993 101309.076478833
121925.853078 101305.0216468
122157.664354 101303.752700831
122380.538027 101299.682426029
122582.465689 101290.943375745
122797.966421 101278.137176898
123032.48657 101276.253796693
123281.943269 101275.57653122
125530.868723 101274.5174485
125786.113047 101266.116799304
126043.681893 101264.976825798
126295.919505 101261.628294992
126552.491174 101260.521741554
126778.543699 101258.227467417
127035.027618 101257.07583713
127251.714853 101254.054967142
127500.68697 101232.78918948
127755.264065 101221.460276422
127987.21466 101210.140507922
128249.748612 101180.338467114
128515.733 101179.617543624
128780.357492 101165.325525533
129046.415785 101160.920031694
129290.226586 101160.497021813
129489.593647 101159.628574526
131731.0745 101159.273737945
131932.736215 101158.206167095
