time objective
72.65273 263377.940901927
172.97364 240995.084821372
287.80451 234937.143501143
420.45468 231184.491786821
572.800373 222524.375937514
754.0999 208646.740107865
936.802469 203437.548262167
1143.146755 197763.817730303
1359.22391 191873.300490524
1587.167821 183876.032584579
1803.633407 173577.901075442
2032.099816 170180.662541912
2266.073126 165643.899250387
2515.554304 162600.277814492
2760.521825 153570.580985971
3011.71411 151259.469691279
3270.574089 147609.11036608
3536.022873 144072.003102017
3799.167401 143080.925569194
4071.194796 140354.402705992
4347.491268 137491.676328
4623.484519 133548.269022586
4907.085267 132046.573746235
5206.783391 131170.630600522
5510.155245 130572.393172952
5816.009611 129238.063656965
6135.561145 128406.10245499
6455.529471 125885.646301571
6780.732295 123466.966770532
7117.060468 123206.699336717
7449.062729 120505.668215938
7796.060772 120027.923861658
8146.875259 119260.225450385
8500.752717 118872.177627655
8859.975224 118505.131964398
9226.485903 117489.564199726
9595.091635 117212.265524248
9975.105269 116232.572286415
10357.764895 115829.820249607
10717.979931 114738.860252966
11140.534885 114301.494812335
11573.307271 114059.816463394
12005.441458 113762.692959968
12441.392247 113358.297678588
12885.20852 113114.64243085
13324.677905 112913.803320054
13768.443868 112449.385709426
14213.522225 111612.321623629
14658.193851 111390.930479501
15109.474654 111251.121851735
15559.754092 110989.029816848
16012.971533 110351.053534007
16472.756417 110134.230576629
16928.505869 109758.274958329
17386.02359 109662.250973373
17845.572235 109515.309963449
18304.935513 109446.959944694
18765.670403 109233.751715553
19231.422803 108789.19166531
19693.401273 108320.288818828
20153.690596 108187.419504626
20580.234131 107436.996805157
21035.740354 107329.908231139
21495.102036 107279.452621551
21960.815106 107207.315882131
22422.228074 106925.353626033
22882.567259 106841.518877494
23339.610208 106390.778352738
23795.161153 106278.523220688
24246.521362 106219.242318415
24696.137192 106181.018743149
25146.071375 106137.360019973
25595.613162 106110.42462679
26047.224298 105955.965313244
26494.126695 105731.295920477
26939.890616 105659.151513775
27380.687925 105302.281472702
27730.283888 105247.692201525
28077.3535 105221.078687381
28424.248776 105176.07887298
28771.205426 104970.134481655
29116.518537 104939.840357079
29463.787484 104757.738816916
29811.221493 104609.091195302
30157.640305 104571.233301623
30501.670121 104550.950918208
30845.642748 104525.137085543
31190.582621 104400.439421215
31533.374563 104155.531063112
31876.288611 104094.821389895
32245.938104 104085.34111853
32603.245654 103980.658381065
32953.788677 103966.625300293
33303.706793 103948.420501509
33650.155409 103903.584599854
33993.921008 103867.944106034
34337.147532 103853.263322301
34681.207999 103738.659462595
35021.733216 103685.836167161
35366.819655 103672.56864743
35712.118834 103660.660017506
36048.206767 103624.350695058
36385.027967 103500.787119153
36716.897768 103449.882562288
37045.2338 103335.117055473
37377.233269 103251.129340555
37705.027402 103192.180295934
38030.491806 103181.912166231
38357.527459 103164.355721695
38684.77441 103104.445414393
39008.880396 103033.667638304
39336.667185 102948.411142072
39667.847259 102918.521556427
39993.421589 102884.912859629
40318.120019 102866.467523719
40639.504947 102855.703428
40960.776883 102843.897010749
41281.652132 102805.623415036
41600.852528 102765.657866392
41924.827284 102727.615062372
42248.432465 102683.229408011
42567.043627 102674.879654999
42886.033625 102646.363576372
43203.246377 102638.550432501
43517.635387 102631.563876746
43837.45835 102576.770666322
44154.983555 102518.440046963
44471.14842 102500.255777488
44786.428968 102461.783874991
45099.741341 102390.432752611
45409.487919 102380.596104524
45722.245051 102374.75104306
46033.544576 102363.737525757
46342.119094 102346.479758162
46652.601231 102301.233319314
46964.613452 102298.46481615
47275.039641 102265.424091224
47586.957487 102255.990887711
47895.926221 102244.21031333
48202.417366 102233.689603251
48510.756955 102211.73147932
48826.502473 102202.022649753
49135.51605 102183.517640979
49447.995994 102178.944886708
49755.593853 102160.716644147
50060.512896 102153.371468897
50366.46335 102150.8455847
50677.741206 102130.631499292
50984.693377 102075.292564393
51290.453761 102057.755651272
51598.250318 102028.71149365
51900.039005 101982.196083352
52200.449606 101934.401557925
52504.306491 101924.836412403
52807.650596 101921.590078546
53108.582971 101912.736277049
53410.13521 101901.636902574
53708.441537 101898.383033502
54009.331261 101871.994962749
54308.890229 101840.347477524
54609.98094 101829.935609539
54907.873514 101828.144150093
55206.521593 101820.238743249
55505.522218 101808.468462567
55801.210302 101778.236189016
56104.047278 101767.92728104
56405.751473 101758.161480076
56702.614027 101752.487316396
57000.179947 101748.948237408
57295.808192 101744.461477745
57588.760455 101710.506499369
57883.545297 101682.816109809
58181.067018 101680.230187712
58480.61707 101652.000468825
58778.056286 101649.722138224
59074.238951 101637.009888902
59368.373205 101635.324978182
59660.623798 101631.608009684
59954.618991 101624.042148746
60252.646701 101618.8415674
60546.273185 101602.128983291
60843.755846 101595.325165116
61134.520488 101590.12209034
61423.223436 101586.901897795
61713.916301 101583.24474958
62006.506421 101572.785372187
62298.145795 101562.509796289
62588.98834 101555.71565044
62880.425722 101553.031450978
63168.714637 101533.37744527
63456.186875 101525.608585312
63745.955507 101523.276612798
64038.00627 101518.355192749
64326.599162 101503.953528117
64619.181147 101485.589784698
64908.313919 101456.660939597
65195.9759 101450.813258978
65482.838064 101443.615217088
65770.819067 101442.045971202
66056.650339 101440.247783607
66343.82978 101434.187327225
66628.734149 101430.696379401
66913.399923 101426.952085823
67196.392876 101424.700897371
67481.968587 101422.088205029
67771.154536 101414.25826872
68059.330795 101400.273476717
68348.391043 101389.320934378
68636.68178 101379.797943449
68922.983001 101371.230774621
69207.030315 101366.918822424
69493.874014 101365.825165384
69780.552131 101365.034708283
70064.678619 101363.197484158
70348.133017 101361.715827546
70630.05865 101343.322729502
70912.048585 101341.751003604
71195.424687 101336.140455627
71480.286475 101333.837092772
71761.147972 101331.788734009
72042.991973 101330.912022447
72325.846259 101329.791039258
72605.007964 101321.933270088
72886.034279 101320.922488622
73167.915669 101317.552145991
73452.670874 101315.813758089
73734.047365 101312.281008082
74015.344944 101311.331622146
74295.678643 101306.716437688
74573.057478 101292.534329451
74856.145009 101285.119371525
75137.764281 101282.148955761
75422.614588 101276.366279672
75702.795261 101273.896873399
75983.802024 101270.227283686
76262.270628 101269.377599438
76538.926148 101268.707180105
76818.869581 101268.203154101
77098.530574 101250.636519578
77378.90217 101247.831585864
77659.508694 101240.577503234
77943.478606 101229.03309001
78221.084511 101218.120028092
78496.489672 101215.722645223
78774.218354 101213.40180966
79052.886766 101211.076532747
79328.332436 101206.661603627
79608.147947 101203.984762994
79886.102738 101203.561649419
80160.202415 101198.179760853
80433.215465 101196.477031383
80708.362124 101195.363502479
80985.83854 101190.148208222
81261.947785 101186.56817749
81540.968469 101185.144196058
81819.060114 101180.309207194
82091.826249 101175.654185322
82364.611589 101173.121401558
82638.343631 101172.397973291
82916.053145 101171.905236418
83190.59564 101170.176478516
83464.832247 101165.054341304
83740.40061 101159.973234816
84016.862428 101155.85221559
84292.139516 101151.122299004
84567.184147 101148.82810952
84843.4099 101148.005179052
85117.015521 101147.113351274
85390.224701 101144.586554902
85661.369836 101139.402244937
85937.805375 101139.136928022
86209.854516 101136.073812875
86480.830408 101135.241589501
86754.214461 101134.641196057
87026.254846 101130.064396133
87298.485282 101126.522924723
87570.714574 101124.355871474
87842.462777 101121.470767989
88111.833984 101111.263480281
88381.25465 101108.472117477
88653.17964 101106.679988944
88922.98982 101106.372910219
89192.965595 101104.762686328
89461.073429 101102.097681598
89729.737035 101099.49793545
89999.160844 101098.004674432
90267.194955 101096.170835838
90537.938513 101094.958404239
90806.677614 101094.44938367
91074.859754 101093.852461343
91341.510308 101089.868266304
91609.115947 101087.453373116
91880.701715 101085.23271019
92147.900231 101084.329792841
92419.024817 101081.92233676
92687.071343 101077.572167357
92954.285747 101077.257252383
93220.569502 101076.887839968
93485.058061 101076.276128661
93749.257685 101070.375527248
94017.352076 101069.381514414
94290.26577 101067.884104065
94560.999603 101064.059652776
94831.403258 101057.434661034
95098.333079 101054.448808256
95362.973596 101053.406866616
95627.105781 101053.022237655
95892.952848 101051.01728973
96164.18412 101050.277737123
96432.717909 101048.760755377
96699.424587 101048.342764648
96964.648479 101047.182528996
97227.127693 101046.64530797
97489.122443 101046.129398845
97753.885013 101045.998582453
98021.795333 101044.061060535
98285.561667 101039.510192318
98555.491467 101036.58594486
98824.939571 101035.1710762
99086.158874 101032.751331502
99347.179362 101031.778811622
99611.194461 101031.445155467
99876.354772 101030.969680724
100154.736753 101030.950181949
100420.488329 101030.303396583
100683.568972 101027.791461691
100943.460682 101024.138383449
101214.322199 101023.629015864
101482.892997 101022.55143855
101746.437409 101017.95662936
102008.529584 101016.574259867
102272.868431 101016.236728148
102533.162937 101015.943635145
102792.686625 101013.816154815
103054.425619 101012.560908546
103319.518408 101012.210675948
103582.167656 101010.913334732
103844.305751 101010.515396724
104106.089172 101010.275856837
104366.41892 101009.992261941
104626.5493 101007.94388672
104887.168071 101006.038510063
105150.775823 101005.710901552
105416.391593 101003.449457602
105682.39865 101002.632458076
105945.520859 101000.691883201
106207.839183 101000.424451839
106468.04036 100999.609808594
106726.57446 100999.239974085
106985.677436 100998.301350919
107250.78503 100998.014310474
107513.903345 100997.693733863
107773.631564 100997.32615724
108034.660884 100996.392451862
108297.009136 100995.819889549
108557.741094 100995.166795979
108818.360044 100994.686701879
109082.03753 100993.826571726
109347.220011 100993.526692087
109615.725157 100993.389470291
109879.129824 100993.043553889
110140.092693 100992.755207981
110397.404829 100989.541433976
110662.97874 100988.215074574
110924.777053 100986.745912978
111186.258464 100986.258435602
111446.229658 100986.058352007
111708.469981 100985.595356151
111970.14579 100985.141554979
112227.673296 100984.546210618
112489.888282 100984.073235187
112750.742047 100983.271894202
113009.420141 100983.053426378
113270.604104 100982.901624905
113531.018585 100980.856621739
113795.888743 100980.428705959
114057.382702 100978.751169479
114317.188039 100977.742259207
114574.820091 100977.337212183
114833.247139 100977.163110123
115096.33463 100977.08189395
115353.799527 100976.897500837
115613.894908 100976.813243531
115873.309911 100976.26581234
116128.837222 100975.971443642
116400.715331 100975.871348275
116660.61277 100972.190459757
116919.583234 100971.788504013
117177.501591 100971.541752768
117438.105024 100971.386974067
117702.602435 100971.370098977
117958.106556 100970.552259994
118216.134822 100970.132578942
118475.795912 100969.963298248
118738.206925 100969.370865182
118997.430832 100969.057223896
119256.597926 100968.870865563
119514.381576 100968.819953296
119771.11437 100968.51352156
120026.948317 100967.236492878
120284.066514 100965.876429894
120548.020673 100964.974112808
120809.002282 100962.979030918
121066.805561 100962.560229197
121324.584169 100962.075238198
121582.307551 100961.912228289
121836.936729 100961.771618808
122091.527939 100960.815336481
122352.285677 100960.300890893
122615.358064 100959.91772391
122875.221677 100959.342606763
123138.753869 100959.248998465
123395.626458 100959.168988988
123649.290376 100959.086881871
123903.348042 100958.434664424
124164.26495 100957.774651623
124424.861096 100957.606840053
124686.318048 100956.221680599
124945.412056 100955.797745961
125201.820663 100955.43811782
125457.142282 100955.264231819
125710.642565 100955.184463059
125966.462035 100955.104101032
126220.740927 100954.781080932
126478.553113 100954.513104573
126735.493714 100953.769817653
126994.87339 100953.041177912
127250.320948 100952.605243304
127503.216676 100952.467199477
127755.715466 100952.317623653
128012.034819 100952.244085867
128267.309125 100952.0126166
128523.153318 100949.793577341
128786.463998 100949.259085932
129047.24604 100948.168157635
129305.160279 100947.09010332
129560.645681 100946.408589801
129817.973959 100946.131190889
130073.102349 100946.013814698
130330.028402 100945.907111692
130587.438337 100945.425372228
130841.73159 100944.977858148
131101.25624 100944.931070408
131353.565721 100944.247387993
131606.45282 100944.069339482
131859.843863 100944.015602237
132114.765709 100943.957788838
132368.888564 100943.844621939
132628.508204 100943.751772087
132883.209411 100943.31503867
133142.747406 100943.237382256
133394.374011 100943.099760844
133646.856092 100943.011225122
133899.001653 100942.881814778
134154.951097 100942.47489321
134416.38664 100942.468664974
134670.180632 100941.785613691
134928.157817 100941.33051008
135180.734021 100940.921203836
135432.712313 100940.746775327
135684.468453 100940.670942184
135938.733678 100940.616581848
136191.779389 100940.446457864
136447.829951 100939.813147157
136704.345673 100939.052347193
136961.574753 100938.729555886
137216.133843 100938.328604091
137467.913002 100938.115500297
137720.001926 100937.986673901
137975.320618 100937.921978405
138233.019073 100937.577555735
138489.911253 100937.064896247
138744.223525 100936.960203019
138998.769569 100936.759089699
139253.224901 100936.061000843
139505.249643 100935.773538723
139760.768046 100935.70059661
140016.791869 100935.651152613
140268.423477 100935.399582259
140520.900774 100934.979300337
140772.726643 100934.776620877
141024.806523 100934.540464321
141274.064184 100934.317649109
141523.359071 100934.097520669
141776.976981 100934.04310596
142032.569477 100933.972606043
142284.535381 100933.939664998
142534.144381 100933.62638891
142788.766873 100933.37516178
143037.681953 100933.092749943
143286.653124 100933.007878927
143539.259805 100932.907057713
143792.890597 100932.852598141
144043.504086 100932.787169524
144293.096698 100932.466034707
144542.104194 100931.829076493
144796.167979 100931.824849674
145044.988109 100931.793457576
145294.131467 100931.235140475
145547.610509 100930.911361927
145802.705712 100930.910268027
146054.190792 100930.867894802
146302.88764 100930.85890321
146551.04587 100930.792191874
146799.118429 100930.414834613
147068.790736 100930.410347757
147320.846043 100929.240571931
147574.556794 100929.148213814
147825.760188 100929.10748372
148074.183781 100929.022160203
148322.278896 100928.832687387
148570.316261 100928.70980744
148821.181134 100928.530339114
149070.007943 100928.439523887
149322.905754 100928.106014488
149577.115222 100928.045078593
149827.895351 100928.019474068
150075.915532 100927.989050357
150323.660441 100927.778780313
150571.604367 100927.753892582
150825.03682 100927.41155143
151075.731154 100927.382624677
151329.438989 100926.876844569
151581.372551 100926.806544877
151829.371983 100926.77824888
152077.13901 100926.550068711
152325.010694 100926.164435821
152578.145307 100925.932713604
152826.243732 100925.74125703
153081.520421 100925.628832717
153335.147811 100925.600490465
153585.413331 100925.550679517
153833.19531 100925.53856786
154080.614158 100925.283119835
154330.807578 100925.004264901
154581.210693 100924.940675444
154833.669133 100924.750464109
155087.951404 100924.584285191
155341.107843 100924.347306885
155588.979623 100924.31235556
155836.942455 100924.278105579
156084.676862 100923.905306418
156337.509065 100923.802813112
156587.996626 100923.627547751
156843.57648 100923.460896972
157097.137274 100923.383310652
157347.148908 100923.308129251
157594.801106 100923.287091175
157842.284283 100923.195414669
158089.424367 100922.900471773
158341.964049 100922.741099291
158592.939461 100922.650541516
158847.024398 100922.525880984
159099.817438 100922.395309484
159347.382843 100922.358388249
159594.793198 100922.337380717
159842.179566 100922.300407475
160089.346785 100922.294710491
160336.706637 100922.229083148
160591.897119 100921.953277938
160855.214177 100921.935704475
161103.052333 100921.608082976
161350.579607 100921.568623838
161598.275708 100921.507319579
161845.725802 100921.479740829
162093.234058 100921.45311985
162341.594544 100921.434087347
162590.597317 100921.224635191
162839.891484 100920.824635263
163108.022566 100920.819773585
163355.959974 100920.393987353
163605.860625 100920.345832102
163852.890122 100920.308711067
164100.297022 100920.295000005
164351.310994 100920.262312315
164600.909839 100920.163922065
164850.552192 100920.15186177
165100.373014 100920.128741208
165347.6193 100919.960530905
165594.495048 100919.806781191
165841.180723 100919.791561155
166090.643638 100919.720774399
166338.265739 100919.515455106
166588.865011 100919.495779292
166841.229649 100919.39698132
167088.465933 100919.108794003
167335.374817 100919.04951335
167582.257318 100919.013899405
167829.356577 100918.997659543
168079.861059 100918.858738687
168331.32063 100918.753348167
168578.662476 100918.543713831
168830.768775 100918.490413944
169077.770153 100918.430224795
169324.860131 100918.13307198
169571.618254 100918.103233441
169821.796276 100918.086065204
170069.724929 100918.076503101
170316.73038 100917.964476926
170566.194135 100917.799019765
170815.948116 100917.756785479
171065.589082 100917.584560706
