time objective
32.298249 263241.631933715
84.80548 240330.729352629
144.442314 234449.160987864
213.528419 228739.641822906
293.830303 218626.50814226
387.444433 207871.809500251
492.011143 193192.482841808
595.58314 189404.57149215
699.766801 183626.018274531
803.384024 179134.27702512
908.94901 179030.085546511
1011.858196 175119.683528027
1113.09063 168479.027270681
1215.737644 166965.479885903
1319.087828 163404.688420701
1420.262772 159212.906656385
1518.938766 150745.151902998
1620.54627 149831.625645973
1724.46081 145127.960278206
1830.342395 142535.584323715
1937.489146 139777.459717147
2046.447078 138373.311890236
2158.863684 136676.159737676
2276.3568 134826.595747197
2396.250588 132897.37309325
2519.448266 131903.206372653
2644.058489 130366.214511868
2774.31701 129275.150954654
2904.995116 128351.140862512
3038.66932 127512.146441109
3174.632999 125861.354368064
3313.384768 125288.249925641
3456.811259 124525.888349244
3600.623172 122465.736595165
3746.757107 121200.091181372
3895.700075 120541.606750562
4047.084829 120081.409938614
4200.320093 119523.475222029
4355.820373 118663.023483811
4513.028301 118465.639137706
4674.373534 118158.434447741
4834.731688 116648.050386667
4996.342971 116072.040672516
5160.238619 115896.892830232
5325.062856 115616.345845839
5491.341963 115460.385508971
5659.452873 114593.346950306
5827.540426 112771.344780116
5998.261226 112561.529162794
6168.993281 111909.098137004
6337.14687 111517.966374703
6504.928354 111067.313759243
6673.181931 110805.542587209
6843.466264 110689.282452243
7015.468323 110543.033136938
7189.948782 110282.248337394
7362.336674 109863.645863669
7534.651341 109529.10113937
7703.188554 109153.443559704
7875.714516 109030.088407122
8045.835328 108970.31083727
8216.625926 108885.572795715
8388.300417 108397.430529043
8560.60506 107800.209455222
8734.30655 107381.041274993
8909.529023 107019.280246833
9079.473528 106851.414860119
9246.384623 106658.147588213
9413.270896 106604.427740814
9580.295613 106558.373342403
9746.979188 106294.794257268
9912.577446 106097.106094001
10079.829691 105930.770748617
10247.653962 105762.520562796
10412.799258 105653.91099661
10575.311004 105619.872543936
10737.707956 105579.985904414
10900.218676 105525.14580757
11062.547488 105410.40748278
11227.217725 105310.737422595
11389.980939 105192.293753094
11552.908324 105066.791389856
11713.992315 104904.759556046
11874.29656 104871.741125945
12034.917396 104822.235614829
12195.43265 104777.403649131
12356.203905 104640.989978353
12517.717279 104491.464176427
12686.496653 104428.272142461
12847.486435 104388.27664478
13008.23614 104344.888941964
13167.884405 104227.009277278
13327.526609 104207.121876929
13487.198012 104183.91064928
13646.763356 104046.389877208
13805.365284 103866.978446505
13966.450007 103774.771848891
14124.777262 103666.11346732
14280.503804 103503.899764664
14436.218902 103466.953393475
14591.87151 103455.035731528
14745.732956 103430.831658078
14898.892659 103358.58320376
15054.196147 103303.202990759
15209.378153 103249.555449722
15363.306916 103211.295797899
15515.399461 103151.518599721
15667.470246 103141.42994628
15819.225782 103131.095075247
15971.344675 103022.869868868
16126.384095 102961.506884715
16279.440711 102933.347039676
16432.751998 102867.268588322
16583.920475 102845.943430659
16734.248332 102824.725115142
16884.270479 102816.187086957
17035.25656 102763.638741379
17187.320421 102729.920481169
17346.578442 102718.15317508
17501.115252 102663.316185547
17654.519208 102565.532772659
17807.439628 102554.605493728
17960.728823 102547.171368923
18113.779945 102505.998517203
18267.550567 102489.808345992
18422.999424 102444.09263706
18575.581793 102438.942112353
18726.900841 102407.949231891
18877.704011 102399.034627234
19028.624539 102390.948444502
19179.633149 102371.789510805
19333.11394 102369.507196434
19485.924906 102302.791190043
19641.730409 102283.4463505
19792.696978 102245.764599683
19943.498783 102236.692666524
20094.057206 102225.930246915
20244.65042 102204.260350252
20394.040717 102184.197535352
20542.987532 102182.73346487
20694.271757 102136.773654616
20843.07975 102113.9054035
20991.31697 102091.523468105
21138.350882 102088.435741947
21286.696075 102079.254519366
21437.087949 102030.758525225
21588.792415 101990.546220806
21745.138471 101963.751652368
21897.518833 101936.306014924
22045.630873 101918.447264818
22208.573596 101913.891243794
22372.301298 101905.929453382
22526.808737 101868.280625462
22680.478212 101856.112903881
22836.544726 101846.677375411
22992.49418 101796.340345895
23145.273077 101784.995438668
23296.051063 101778.649215294
23446.283575 101776.00140546
23596.76735 101771.855195906
23746.512004 101745.44828797
23895.398216 101714.957933269
24050.117787 101693.757082723
24200.837836 101670.977850809
24348.94941 101660.613406723
24503.453508 101645.904130354
24650.74392 101642.772545032
24797.726927 101637.238788081
24943.183126 101616.605994515
25103.943224 101614.415732053
25252.433424 101607.916470236
25400.777347 101599.133974327
25549.070135 101593.874190118
25695.785179 101587.12678302
25842.312216 101582.750654364
25989.146423 101576.929479025
26139.761443 101565.087714642
26289.84801 101547.833107284
26443.971391 101533.243552048
26592.366 101526.302473227
26741.735535 101514.912068308
26890.381304 101511.785581005
27038.005645 101509.81716854
27185.574108 101500.403731444
27331.778278 101494.478787071
27480.518994 101466.975421091
27629.34113 101437.826787727
27778.195817 101431.289951066
27923.949947 101425.506884675
28069.146923 101423.356321466
28213.903092 101413.820777675
28358.859039 101401.577640282
28509.15703 101392.613033537
28656.276308 101380.481703654
28800.781954 101374.151863077
28944.614275 101373.112305463
29088.921003 101371.261909053
29232.928232 101369.629473961
29376.617176 101367.332806218
29544.479245 101367.291878437
29688.698303 101358.322942242
29833.791532 101340.72553168
29979.991587 101335.130471812
30125.997126 101324.713800198
30271.68433 101294.691379013
30415.169822 101284.852956153
30558.896315 101281.912634524
30702.173842 101280.552393392
30844.969869 101275.999697304
30987.275078 101269.845473274
31132.343312 101266.099183509
31276.985588 101260.74232274
31417.977087 101258.212936145
31558.954891 101255.402143223
31699.133401 101254.345666429
31839.997532 101246.312083869
31986.662164 101244.742964986
32127.696176 101242.946156763
32268.095878 101242.745721271
32407.102474 101228.921980619
32545.121928 101223.746263664
32684.897371 101222.030682375
32826.828362 101221.06143339
32967.902846 101220.463634126
33116.888036 101219.865668909
33260.412749 101208.919019061
33404.589835 101199.886436764
33552.309719 101192.842939002
33695.256589 101186.101184368
33837.129549 101181.381997976
33978.611589 101180.013946396
34120.113424 101178.603783152
34263.735708 101173.659175808
34404.61979 101170.85165476
34547.574502 101164.826843159
34690.081393 101164.663840209
34830.424195 101154.572571185
34970.402395 101152.654834439
35110.076902 101152.16163474
35249.707178 101150.016359756
35398.031097 101149.857290123
35538.607459 101147.605767156
35681.226939 101145.808882202
35820.820987 101145.167318332
35960.673345 101142.176045226
36099.608423 101140.930588458
36238.862045 101139.928280073
36378.159279 101137.481149269
36516.993977 101119.796869569
36663.09611 101114.834192025
36807.047607 101109.456018823
36983.10103 101107.013066133
37146.811462 101104.125313418
37298.193967 101103.176700743
37448.47586 101102.206834031
37598.437693 101101.470016085
37751.916937 101098.42133725
37988.101517 101097.464810151
38229.267897 101089.808061872
38441.602547 101085.880790474
38636.88761 101080.69005498
38852.806223 101076.728225194
39059.880706 101076.442798205
39262.426022 101075.821321254
39690.116443 101075.547818666
39881.64734 101071.08426782
