iter objective
1 51675.3452604713
2 47080.4375265224
3 44901.2786380527
4 43185.8392488652
5 42099.1387678825
6 41312.2058260897
7 40713.9115134147
8 40237.7759857509
9 39873.4718066371
10 39615.6074695594
11 39342.7560304574
12 39138.6873110224
13 38978.055814025
14 38833.2823610552
15 38713.3084065856
16 38612.301086114
17 38527.8969732073
18 38448.5330151557
19 38379.6874642593
20 38319.7470417048
21 38265.3816573463
22 38211.6012210753
23 38162.9380544824
24 38116.6571679264
25 38075.1614639748
26 38035.401282459
27 38003.0224164459
28 37971.4249104342
29 37941.038569282
30 37914.8158826288
31 37892.1123487084
32 37871.770322139
33 37851.7462573739
34 37833.4147692907
35 37813.2494922018
36 37793.5389699417
37 37775.4276183127
38 37757.5186120966
39 37740.9601115639
40 37726.0708246809
41 37712.0578990382
42 37699.2449276963
43 37687.0457834295
44 37676.4338195053
45 37665.8198482744
46 37655.5941770556
47 37645.7900994653
48 37636.5822605905
49 37627.7848717669
50 37619.599558281
51 37611.8309048099
52 37604.7525711019
53 37597.6037528402
54 37590.776206852
55 37584.2497239993
56 37578.1863423991
57 37572.4429722248
58 37567.0950511356
59 37562.8825457684
60 37558.5511358848
61 37554.3239529269
62 37550.5494573971
63 37546.9529785074
64 37543.7055823008
65 37540.6452954226
66 37537.5073661055
67 37534.4613446592
68 37531.6116959656
69 37528.8411752202
70 37526.2289001194
71 37523.6129062574
72 37521.0100442095
73 37518.6858749141
74 37516.3630553021
75 37514.1789682906
76 37511.9062713213
77 37509.7601407934
78 37507.8007612562
79 37505.7360060968
80 37503.8731696691
81 37502.0150079835
82 37500.1736210078
83 37498.4484244921
84 37496.7653470379
85 37495.0977538297
86 37493.4980909961
87 37491.9748896192
88 37490.4797378514
89 37489.017558267
90 37487.6480950505
91 37486.2688098572
