iter objective
1 100405.249413082
2 61747.5169469915
3 59961.0551590234
4 57144.3417514121
5 55465.3056234453
6 52718.1282432832
7 48654.6506746615
8 45547.1519051644
9 45230.5405647336
10 43341.0866567509
11 42759.191821301
12 42062.9379074819
13 41247.3400858399
14 40826.2705216762
15 40126.5482476882
16 39794.3833853933
17 39519.5116977974
18 39282.0869325992
19 39036.0969724917
20 38795.6586858753
21 38521.7195124579
22 38218.7040702286
23 37885.159946503
24 37614.6501598336
25 37338.3574608935
26 37111.3708985035
27 36890.0525314872
28 36725.6255916305
29 36540.8250550363
30 36377.2918559538
31 36234.7752094786
32 36072.7807058658
33 35880.5563096709
34 35702.1128556357
35 35547.3873438078
36 35417.6127436951
37 35289.2438438542
38 35152.24397018
39 35111.1762950265
40 34948.4133766963
41 34824.1612485561
42 34733.3305649461
43 34659.6876174553
44 34580.0414276102
45 34519.899124965
46 34444.3105990616
47 34353.9006189701
48 34298.4158132073
49 34241.130822653
50 34192.1219322937
51 34142.0170437181
52 34097.8529940329
53 34039.3192688098
54 33987.3270804812
55 33932.3380145561
56 33888.7442251216
57 33841.018704618
58 33805.6937814163
59 33765.858364351
60 33728.1996788493
61 33690.0251692137
62 33656.4463674078
63 33621.4618465694
64 33593.1124398535
65 33558.9517939616
66 33532.9772663832
67 33500.808890199
68 33472.3241834708
69 33442.4727379192
70 33416.8482752618
71 33384.4964039677
