iter objective
1 81425.8774517737
2 66298.604911759
3 62372.6262266865
4 59694.7466259568
5 53481.4828046432
6 51904.9402590898
7 48283.8703415504
8 47541.8270533791
9 44448.7887145493
10 43910.4974411462
11 41327.6913049346
12 40710.0190804648
13 40121.7354191015
14 39875.2478863749
15 39774.9054951649
16 39563.6778768461
17 39309.530840311
18 38855.358818162
19 38839.6057231425
20 38308.6053520308
21 38176.7109212189
22 37973.996220335
23 37741.5516351123
24 37152.3403895285
25 37109.5183622301
26 37047.4814272437
27 36536.4434228809
28 36084.6249825139
29 36037.638841885
30 36021.111295465
31 35963.9558034521
32 35827.556667092
33 35747.9779426019
34 35598.2984440148
35 35542.9432977008
36 35495.2096076098
37 35440.6898443141
38 35392.7024345889
39 35320.2119225898
40 35286.0780862959
41 35260.1406615767
42 35209.596793749
43 35186.2143383344
44 35178.0649589276
45 35147.692885801
46 35132.5497730256
47 34733.2784548344
48 34635.3308186459
49 34515.7434501568
50 34389.5395869492
51 34343.1439881028
52 34332.0802560108
53 34320.8323876337
54 34306.5859238756
55 34300.3626883655
56 34197.4359368831
57 34051.0687758031
58 33939.5917592173
59 33506.4823561936
60 33329.1034968422
61 33277.1657229033
62 33263.6579592144
63 33247.013402982
64 33234.154856074
65 33200.0231925418
66 33196.0803927723
67 33184.7625697958
68 33178.284269045
69 33173.6635029716
70 33161.5036574753
71 33137.8763843213
72 33100.4627111424
73 33071.703410062
74 33054.0857386038
75 33039.9002979539
76 33035.3653911611
77 33018.2250252864
78 32955.4982609058
79 32928.6858399106
80 32887.9101284632
81 32769.2938626851
82 32734.0450087483
83 32719.104927991
84 32711.1772302777
85 32703.4472180518
86 32670.812359214
87 32661.9517241763
88 32609.2332634215
89 32589.9564520257
90 32495.0649768351
91 32455.9322736279
92 32453.4073073184
93 32443.1705299239
94 32440.8285305165
95 32439.7396843491
96 32436.0199822595
97 32416.7440911348
98 32410.6040700624
99 32393.8610687413
100 32378.3499072522
101 32353.1202596948
102 32338.1608971087
103 32332.9329879273
104 32331.6829768429
105 32305.97977456
106 32304.8946993409
107 32273.407917539
108 32268.7504939744
109 32249.8355109528
110 32246.7249325243
111 32244.3895214346
112 32238.6906175109
113 32216.8660540888
114 32128.8102577391
115 32083.4845053575
116 32062.9664726301
117 32004.9232921236
118 31998.2788236339
119 31985.7652304866
120 31983.7286639406
121 31969.847110111
122 31964.9905224007
123 31954.5848123922
124 31946.9593616371
125 31943.7751200021
126 31940.6906151202
127 31939.0854796878
128 31936.6002188864
129 31909.1631153571
130 31907.7677175477
131 31899.6028112876
132 31897.4492158863
133 31894.6678783792
134 31891.6136759245
135 31872.0364846007
136 31867.3562025262
137 31850.5793123041
138 31800.1027547124
139 31795.7316839792
140 31785.4455884269
141 31784.1456486922
142 31783.2516496928
143 31779.8228210061
144 31747.3740401336
145 31684.9354710702
146 31658.3215240038
147 31655.0508877008
148 31623.2142998739
149 31612.0789173043
150 31609.3030709454
151 31607.3604974318
152 31605.0056141705
153 31598.3619216208
154 31585.1615470866
155 31570.2328125458
156 31569.4198862078
157 31559.8592803109
158 31556.5462138537
159 31555.7164574558
160 31554.7591135712
161 31540.5253313647
162 31525.5594727872
163 31516.3830231816
164 31512.8942676952
165 31502.9800483097
166 31501.1276947495
167 31500.2427054615
168 31498.2543298069
