iter objective
1 81425.8774517737
2 64143.1323839218
3 62048.8991271912
4 52763.337800437
5 51882.0392149827
6 51826.2375435748
7 50496.4800265295
8 50258.3348209373
9 49606.904579432
10 49250.3820888939
11 49129.2304981821
12 48492.0788616777
13 48368.1355439234
14 47592.4013683878
15 47351.0957576049
16 47238.1749398374
17 46832.5379278058
18 46616.5847729164
19 46503.040516359
20 46175.3431652004
21 45988.6913048286
22 45617.8717359356
23 45532.1286232268
24 45129.2340926423
25 45108.6783662939
26 44695.782758673
27 44567.462963017
28 44485.7237100446
29 44301.3890196254
30 44183.4734791674
31 43956.4875166134
32 43930.7228018103
33 43644.9208649057
34 43553.2439326572
35 43502.2648900232
36 43343.449567013
37 43225.0544669663
38 43076.8249755549
39 42965.4738684707
40 42830.5790966834
41 42721.9519089514
42 42602.267218129
43 42593.9517635334
44 42236.1597338177
45 42176.3115885817
46 42135.6667326498
47 42040.3724400682
48 41953.1893818289
49 41952.3001522956
50 41799.5686041979
51 41745.5143154423
52 41636.5641673716
53 41563.2740184648
54 41558.2174990647
55 41428.4327253452
56 41394.6207925929
57 41286.402271068
58 41239.3040838696
59 41151.8193732462
60 41093.0912213725
61 41091.1311367176
62 40976.4901840393
63 40926.1901306191
64 40924.7160614435
65 40813.5192158641
66 40780.5274878557
67 40701.2883678235
68 40650.5457722502
69 40644.0600536913
70 40554.4250751888
71 40504.2325867176
72 40493.0685532591
73 40416.6414292705
74 40371.5742854337
75 40364.0227368652
76 40286.1240635677
77 40269.5063978657
78 40129.5794476738
79 40104.0537385376
80 40045.1044208422
81 39999.9241521346
82 39904.0661791161
83 39869.2087863194
84 39860.2389452408
85 39800.1413596159
86 39785.2546924909
87 39675.0355098286
88 39658.1935374058
89 39606.4238983415
90 39577.7211274261
91 39491.8628353539
92 39467.6290259495
93 39462.8791339786
94 39405.7788352231
95 39372.4817011229
96 39301.2370043372
97 39285.5767847982
