iter objective
1 72160.3327177199
2 62419.6999068791
3 59752.1284968069
4 52163.8857641934
5 51567.3630503057
6 47331.6005377175
7 46247.0340966942
8 44960.4557137299
9 42323.4206716565
10 41922.584636481
11 40689.7456284056
12 40178.3217703142
13 39905.6994898726
14 39699.9128089624
15 39384.3309082435
16 38921.6607754237
17 38599.3929914151
18 38298.8704235069
19 38072.4552699331
20 37869.5912687549
21 37739.2002693708
22 37541.6799239574
23 37373.1913856326
24 37184.9370359067
25 37086.4462333607
26 36884.1501019495
27 36781.3157982099
28 36707.111898252
29 36571.3661237866
30 36325.4682202664
31 36082.0304734447
32 36048.9003734219
33 35823.1799214681
34 35811.610807289
35 35738.8753104149
36 35721.4424001782
37 35456.639342417
38 35308.0022183135
39 35212.0174092276
40 34816.1274735792
41 34733.0161548958
42 34705.8403660693
43 34672.5064324203
44 34608.4026628914
45 34505.6908963918
46 34406.2207390815
47 34354.8664225501
48 34321.1442340983
49 34301.4957708455
50 34273.6096745605
51 34264.4853874744
52 34239.3023558713
53 34216.1783536423
54 34197.6044461307
55 34183.469991471
56 34097.2650899063
57 34028.097041349
58 34005.9972891988
59 33756.4878046573
60 33699.8430593207
61 33685.5037779806
62 33667.3249871068
63 33661.5500981596
64 33656.5011511023
65 33609.0318123458
66 33441.583290985
67 33276.0977919894
68 33255.7805401139
69 33072.7564119191
70 33005.2769358978
71 32985.8529355862
72 32976.188685531
73 32971.6512151175
74 32940.0335612152
75 32919.5151594214
76 32905.730558037
77 32856.9661145168
78 32845.4409352631
79 32839.8010410335
80 32827.5552330128
81 32775.5437165684
82 32761.0409286563
83 32699.3360810825
84 32649.1022940787
85 32612.0486109893
86 32600.0923595915
87 32596.2457383235
88 32586.5174724048
89 32557.6907534804
90 32555.8271246637
91 32534.6660859383
92 32524.3466823259
93 32518.3730916734
94 32510.9482025432
95 32484.3669453995
96 32449.700453756
97 32417.3747693328
98 32388.1191641522
99 32359.0086847724
100 32355.4454656643
101 32352.8872038476
102 32344.7784548306
103 32341.1667787479
104 32277.1458166745
105 32207.2486904251
106 32138.8478817641
107 32133.1955124699
108 32093.4290455502
109 32051.6984556593
110 32037.5739421303
111 32034.4186269995
112 32032.5288790162
113 32013.2330275023
114 31999.4755661745
115 31976.5909419831
116 31952.0565946731
117 31942.1205858402
118 31936.0162315845
119 31933.4582446779
120 31922.3288996679
121 31919.9098825873
122 31909.6714686098
123 31892.2787707197
124 31878.8566039376
125 31873.9388749301
126 31871.3625619933
127 31868.7531226701
128 31865.5265957886
129 31862.9613696021
130 31852.4642750571
131 31812.539317732
132 31791.416137044
133 31762.3646491103
134 31750.2428108223
135 31736.0463497431
136 31729.6607811151
137 31727.5559596066
138 31712.0613888216
139 31638.7502105419
140 31616.0361657271
141 31587.2998133424
142 31573.2283947916
143 31553.1022087247
144 31545.3927851337
145 31540.9405025576
146 31537.7292323953
147 31536.8486729788
148 31536.2494520117
149 31529.0360589549
150 31518.7544031131
151 31513.2888678055
152 31507.8190114866
153 31496.9316553811
154 31489.8231912303
155 31488.2021243469
156 31486.4543309402
157 31447.4525016225
158 31441.0282055831
159 31431.5164816224
160 31402.3772289028
161 31392.8532809849
162 31387.194819866
163 31385.0811775797
164 31384.4783259249
165 31374.0314011618
166 31368.9232369185
167 31359.4041356799
168 31352.0575960055
169 31346.1693761775
170 31345.2616493994
171 31343.6483221487
172 31343.0538356123
173 31337.2187955919
174 31330.8534619147
175 31318.3935921667
176 31313.5388642502
177 31297.2946498058
178 31291.9304186143
179 31289.3404778835
180 31288.2400633009
181 31275.1329666707
182 31245.3868009195
183 31244.9145135191
184 31221.776420779
185 31218.3462023882
186 31216.4043949186
187 31212.7161058758
188 31209.9071770804
189 31205.8084726425
190 31203.8206948036
191 31196.8801170253
192 31195.1032203684
193 31191.9319175214
194 31189.57687333
195 31186.0171314845
196 31166.2677120561
197 31163.731104191
198 31161.1912608613
199 31160.9240885376
200 31157.9951907549
201 31157.6561210405
202 31155.1501649862
203 31126.9173011495
204 31088.0140681637
205 31077.9813236319
206 31040.6575230698
207 31018.8371231652
208 31013.2312887349
209 31009.1970303224
210 31007.3572105511
211 31005.6165928017
212 31003.5574717384
213 30995.3841769031
214 30992.6407002285
215 30990.0484581516
216 30988.4038170091
217 30983.3875650403
218 30973.3615547766
219 30967.8793018715
220 30965.4006464605
221 30957.8481256515
222 30955.7938000799
223 30954.3474857656
224 30936.1998318597
225 30904.1975358786
226 30893.9532524492
227 30890.4054196176
228 30875.8034121881
229 30865.5142360654
230 30865.422442998
231 30863.4233745662
232 30863.1725638707
233 30862.4157188848
234 30855.9782320112
235 30846.1184065616
236 30844.3801984553
237 30837.4058182724
238 30829.8858961653
239 30828.5362595451
240 30827.6882223543
241 30826.8206568123
242 30824.5352779764
243 30817.7970276711
244 30815.4777955945
245 30814.4690303033
246 30806.9314912241
247 30803.7846124181
248 30802.1011926114
249 30800.6944890061
250 30800.1603841316
251 30797.5855044581
252 30789.0125555795
253 30786.2055786124
254 30772.4419984351
255 30758.5776100198
256 30750.6021012248
257 30748.9586891587
258 30747.7540834051
259 30747.3296246943
260 30746.0717168535
261 30741.1072573217
262 30732.2012879546
263 30727.443973802
264 30724.9800789442
265 30720.0968987833
266 30718.3664155812
267 30716.7602435672
268 30716.4721531658
269 30714.7975733733
270 30710.932214127
271 30705.1606934058
272 30700.8520969775
273 30697.3185287482
274 30696.0139458953
275 30695.0074036196
276 30693.9938805737
277 30691.4630240584
278 30686.3865426069
279 30682.1030337433
280 30676.8194634397
281 30669.7377884096
282 30663.4209017634
283 30662.1691486725
284 30661.6299894774
285 30658.6500089325
286 30639.8679663705
287 30639.8532217047
288 30630.1078193175
289 30627.2552691796
290 30625.7362414787
291 30625.2679732338
292 30624.2311955501
293 30622.9216812749
294 30619.5856014418
295 30618.5168518607
296 30614.1322146049
297 30610.0767496688
298 30610.0047419434
299 30607.7938658701
300 30607.3251458887
301 30606.7590816844
302 30597.311354105
303 30594.8552809909
304 30590.1331600081
305 30585.2782893757
306 30582.370241169
307 30582.0060431362
308 30581.2666880277
309 30581.0255018121
310 30575.0279898786
311 30558.0578399751
312 30541.0797526556
313 30526.9855831489
314 30509.918276519
315 30502.1168136468
316 30498.1767199799
317 30496.3993536363
318 30495.0436323225
319 30492.8316514167
320 30492.5003590765
321 30491.8982598293
322 30491.4213149417
323 30487.8638182937
324 30484.6300468414
325 30482.2275357651
326 30477.6084264355
327 30476.4672134721
328 30474.7788521315
329 30474.2526054398
330 30473.2325312762
331 30471.5994160337
332 30465.2786892049
333 30461.2696851445
334 30457.6922639326
335 30454.9966660154
336 30454.4653024486
337 30452.049159834
338 30439.1597856971
339 30435.8082568339
340 30431.3738130879
341 30427.7010517117
342 30411.9554489739
343 30409.5192547369
344 30409.1664785316
345 30408.8115208638
346 30407.9460135417
347 30407.3146388194
348 30400.8436874927
349 30396.9967502504
350 30389.5752403134
351 30388.5077475143
352 30387.7375348456
353 30387.2578814118
354 30386.9346723984
355 30383.1941832355
356 30380.1675025822
357 30378.6390051914
358 30372.1322966256
359 30370.8435163212
360 30369.9519548794
361 30368.0735198651
362 30367.5730688815
363 30363.7296372762
364 30363.0258179183
365 30360.1073891553
366 30359.1408448782
367 30358.8633190845
368 30358.5131258582
369 30356.5835516635
370 30352.0821300041
371 30349.7919869487
372 30348.5563623847
373 30346.655374593
374 30345.9380260071
375 30345.1734753074
376 30337.2124516074
377 30331.2306195468
378 30330.0679085879
379 30315.1738971068
380 30301.0285151977
381 30298.3312777405
382 30297.4379168308
383 30296.6868359596
384 30295.848485878
385 30294.0578387869
386 30289.545157585
387 30285.7491526194
388 30283.8915820216
389 30280.4535850852
390 30278.9010643591
391 30278.3232040413
392 30276.8178130514
393 30274.4863724056
394 30272.4817856178
395 30270.5242473257
396 30269.7721109348
397 30267.7039113067
398 30267.3552500304
399 30265.8838276555
400 30263.0737150848
401 30261.1423644116
402 30255.2358732903
403 30251.505143677
404 30248.8496167216
405 30248.0180651903
406 30247.5489967644
407 30247.4085716766
408 30247.0545436603
409 30246.815647372
410 30245.3604930381
411 30235.516260321
412 30233.4937915971
413 30229.0578190233
414 30226.9939054698
415 30222.9435017392
416 30222.1698782948
417 30221.7711843244
418 30213.9022998898
419 30211.2166119492
420 30205.1220388105
421 30202.0019715172
422 30201.8578507922
423 30195.9180564051
424 30192.2890283587
425 30187.3532543125
426 30187.1513513654
427 30186.6325975536
428 30185.4990996598
429 30184.4494718782
430 30182.2766570256
431 30181.0618107716
432 30180.2723829715
433 30179.6449897145
434 30179.2312044993
435 30178.9666510548
436 30177.3076848457
437 30175.7550979035
438 30170.1158665758
439 30168.1475284846
440 30166.7535910829
441 30165.6578331208
442 30165.2961092418
443 30163.5937619549
444 30153.3049344019
445 30151.1105700454
446 30147.9754208895
447 30145.6992938322
448 30140.8457062477
449 30129.0285688095
450 30127.2571955878
451 30126.4393584137
452 30125.5680472398
453 30124.5471797298
454 30123.4443409394
455 30120.9359108022
456 30120.2123114043
457 30119.2826314849
458 30118.3493823046
459 30117.767657777
460 30117.4374753111
461 30116.8636666524
462 30114.992600499
463 30111.8548600475
464 30111.3992938593
465 30108.7583030037
466 30106.3315815517
467 30105.6488097474
468 30105.2552788049
469 30104.2951277707
470 30104.2513287615
471 30099.744160234
472 30097.8305715029
473 30095.5405250691
474 30092.5526387712
475 30091.8353621315
476 30088.8314604312
477 30088.514913532
478 30088.2845186302
479 30083.978266966
480 30073.8785426618
481 30068.4767280267
482 30066.1843599611
483 30062.7319797634
484 30061.9310267283
485 30060.973699231
486 30060.6773098618
487 30059.896143212
488 30059.0071678088
489 30055.042524698
490 30054.3761950483
491 30053.5518701427
492 30053.1463532771
493 30052.1624613718
494 30050.7659780157
495 30046.7980200589
496 30046.4494695995
497 30045.3356999922
498 30044.5274483991
499 30044.1158598237
500 30043.0087323586
501 30038.6099482775
502 30031.8467427744
503 30027.3539283382
504 30025.626177823
505 30024.7728482487
506 30020.4164457899
507 30019.841652893
508 30019.6094110933
509 30019.0683692947
510 30018.1824743483
511 30016.5694873187
512 30015.7679412659
513 30013.7152257067
514 30012.4638637989
515 30011.8527315517
516 30011.4825507606
517 30010.5835330154
518 30010.2263058087
519 30009.2624886732
520 30006.8770066787
521 30006.285262383
522 30005.0458302245
523 30004.2135749561
524 30003.8856173917
525 30003.4258797991
526 30001.1590251048
527 29994.3989976146
528 29992.5655656454
529 29989.558719918
530 29974.8263078164
531 29971.6551632344
532 29970.7565445625
533 29970.5420056875
534 29970.2527700347
535 29970.0101432522
536 29967.2614327904
537 29965.4910563793
538 29962.9581578905
539 29961.2822703216
540 29959.9753790353
541 29959.3077363455
542 29958.973643664
543 29958.40288151
544 29957.7423583293
545 29954.7865838554
546 29953.1834276203
547 29951.9879043402
548 29950.7366806475
549 29950.6919536766
550 29949.8135032367
551 29949.6634204583
552 29948.4730052611
553 29943.2453331924
554 29939.2839047588
555 29931.0279488141
556 29930.6113395402
557 29925.3938761206
558 29921.8384204084
559 29921.199082762
560 29920.9084778527
561 29920.4271785466
562 29918.6068107027
563 29916.9075209784
564 29915.1370941649
565 29914.13760033
566 29913.0756937743
567 29912.5069287953
568 29911.8539516178
569 29909.9488568954
570 29908.3565616513
571 29907.4831912054
572 29906.0792252912
573 29904.6420865406
574 29904.1402596658
575 29903.5784211359
576 29900.558130998
577 29899.0073207874
578 29897.708343566
579 29896.5004310959
580 29895.4094996532
581 29893.9619965854
582 29893.6980665533
583 29893.5335190698
584 29892.5820239864
585 29888.3035915741
586 29881.1120086257
587 29878.1939755081
588 29877.5266242489
589 29870.3790105642
590 29869.2429151195
591 29868.3133523022
592 29868.1110910592
593 29867.4701890561
594 29865.5115681017
595 29863.9374795557
596 29862.3678147703
597 29862.2649691726
598 29860.0781129142
599 29859.7985684723
600 29859.4678613089
601 29858.7017117359
602 29857.8466088724
603 29856.0830696852
604 29855.1642159957
605 29852.6165819503
606 29851.5313220995
607 29851.385928266
608 29851.1599406903
609 29850.6855870104
610 29848.8392373779
611 29845.3705143232
612 29836.0338865357
613 29833.1375890263
614 29832.6106354342
615 29832.2003319674
616 29831.6497909124
617 29831.4957404663
618 29829.1169109537
619 29827.6098182483
620 29826.4521799062
621 29825.2818285282
622 29824.2914018701
623 29823.6225029639
624 29823.490106046
625 29823.0424685267
626 29819.7368228819
627 29817.0601499503
628 29815.1347660415
629 29814.6063444102
630 29811.0398663452
631 29810.0367403826
632 29809.660219555
633 29809.3579634521
634 29808.3064822194
635 29807.6155095915
636 29805.4640049422
637 29803.7527293914
638 29803.1038423552
639 29801.2027932826
640 29800.880161799
641 29800.7646046115
642 29800.4144967166
643 29798.5418551118
644 29798.526308523
645 29794.8907462049
646 29790.4591315644
647 29789.8618746044
648 29788.669627832
649 29787.5940930093
650 29787.3501849918
651 29787.2262852038
652 29784.9116956915
653 29782.5666446874
654 29781.5501611432
655 29781.3367720593
656 29777.7728255128
657 29776.915902049
658 29776.5589790898
659 29776.4508980376
660 29775.8407086389
661 29775.0943446272
662 29774.5941497594
663 29773.3418745875
664 29771.4607441785
665 29770.8216289562
666 29770.6119668534
667 29770.4145666249
668 29768.9100550899
669 29766.9198952936
670 29763.5929905975
671 29761.7448469993
672 29759.5475200153
673 29758.1268409198
674 29757.5341950061
675 29757.3565001082
676 29757.1322772834
677 29756.2345253228
678 29755.4344403722
679 29754.3384603511
680 29748.1889816296
681 29747.530289698
682 29745.1246882198
683 29744.7145829625
684 29744.4726973614
685 29744.3528526736
686 29744.1732216939
687 29742.3347126082
688 29742.158869951
689 29739.979362994
690 29739.1061510664
691 29736.8815571881
692 29735.7528987452
693 29735.5861381411
694 29735.2175875607
695 29734.5733060545
696 29733.8321673255
697 29731.8744031448
698 29730.6105840418
699 29729.7401401244
700 29728.9736535074
701 29728.8764849343
702 29728.4545721336
703 29728.3513187146
704 29725.678570788
705 29724.8349358255
706 29724.2575303666
707 29723.9071921246
708 29723.6072236722
709 29722.9892998285
710 29721.3369363086
711 29720.9065510832
712 29720.2669587637
713 29720.0063936656
714 29719.6657390572
715 29719.3053148468
716 29718.9186181355
717 29718.8269855969
718 29718.095944418
719 29709.2305698501
720 29707.6805483682
721 29704.3526896961
722 29703.9501769786
723 29700.1877883684
724 29698.976229671
725 29697.0829790777
726 29696.9809644543
727 29696.738615721
728 29695.4913363541
729 29691.1880156841
730 29690.0904425862
731 29688.2541203745
732 29687.2899351592
733 29686.9519552658
734 29686.36732225
735 29686.2045447624
736 29685.329851943
737 29684.1395332416
738 29682.4119937189
739 29680.4674982721
740 29679.8303759207
741 29679.057208645
742 29678.9861673864
743 29678.7395892125
744 29678.5917821124
745 29676.2143255451
746 29675.7534112249
747 29673.9083438727
748 29669.1422805489
749 29666.0959666175
750 29665.7650275541
751 29665.1469639866
752 29664.8577487407
753 29664.7616000752
754 29663.8170362571
755 29663.3047716021
756 29662.5761463158
757 29662.183254093
758 29661.345095367
759 29661.1004391288
760 29660.8996860143
761 29660.1911338137
762 29656.8722667789
763 29656.175255012
764 29653.8284662346
765 29653.8132418794
766 29651.8731618527
767 29651.193440727
768 29651.1655408388
769 29650.8057264464
770 29650.7151765954
771 29647.6121784143
772 29640.6866480318
773 29639.0532279054
774 29635.2652634892
775 29634.2022977353
776 29628.4514602766
777 29624.5764377359
778 29624.3686854613
779 29623.8403301922
780 29622.7965015591
781 29622.2095587037
782 29622.0206179307
783 29621.7444069544
784 29620.4239728111
785 29620.0477693771
786 29619.914855564
787 29619.3840737484
788 29616.8147652227
789 29615.6070458362
790 29612.7521671615
791 29610.0999291493
792 29608.5389110838
793 29608.3058206295
794 29608.1730877493
795 29607.9349388671
796 29607.3863840457
797 29605.7523181516
798 29605.4712948397
799 29602.62518747
800 29601.3849618517
801 29600.186976961
802 29599.8314577704
803 29599.5026994622
804 29598.9630718949
805 29598.4324191114
806 29597.5430304297
807 29597.4204888182
808 29596.751720176
809 29596.6272888834
810 29596.4692999189
811 29596.3069267212
812 29594.1331439002
813 29592.239478366
814 29590.1099386107
815 29588.1310379903
816 29587.5290631434
817 29586.9040411841
818 29586.2229549489
819 29586.0529635692
820 29585.9626916655
