iter objective
1 77695.1031889639
2 64847.894378897
3 61241.7316973821
4 55510.235227141
5 50646.4853301448
6 48127.6978651536
7 46424.3889121973
8 44769.3731841611
9 42778.0946934351
10 42473.4087521644
11 41262.5245616376
12 40267.0393855502
13 39790.1591437267
14 39629.3345152673
15 39425.1981656337
16 39074.5319053918
17 38626.7266468247
18 38350.8824716551
19 38105.7318720532
20 37896.0751999281
21 37817.6434607903
22 37683.174288952
23 37488.7134282899
24 36855.2052518943
25 36674.9439586584
26 36336.794149085
27 36229.4312424566
28 36132.729048505
29 36104.8940671922
30 36041.6399990432
31 36028.0073463827
32 36003.4253871209
33 35738.6961244811
34 35649.5537696813
35 35547.1417872463
36 35317.2180363672
37 35206.301209479
38 35060.2258872293
39 35043.6923735582
40 34995.7913374753
41 34878.4280794727
42 34771.8332923176
43 34721.2543669709
44 34671.8046052197
45 34612.1069887413
46 34596.7616027238
47 34583.4694173798
48 34514.4692598098
49 34333.2382503153
50 34130.6974105654
51 34061.8093342209
52 33837.0649110193
53 33803.6274575428
54 33736.5982788196
55 33730.3328842068
56 33699.8508466354
57 33673.4148182561
58 33654.2404664957
59 33598.1040400069
60 33578.6851247491
61 33563.7557597192
62 33545.9023188679
63 33541.1167979952
64 33528.2743525957
65 33410.2259336756
66 33364.1603523026
67 33343.2344758601
68 33203.7163602252
69 33081.8188237
70 33072.2029715891
71 33064.9522778262
72 33037.7711467734
73 33018.0848770272
74 33001.0730364555
75 32979.7093846348
76 32971.1129224899
77 32961.7060438456
78 32959.2261274045
79 32945.8991294498
80 32896.9018666285
81 32879.714197557
82 32862.2290028011
83 32832.2704803126
84 32806.9469619826
85 32799.6454291786
86 32790.7249240544
87 32771.6800040309
88 32750.7497060254
89 32720.7809600614
90 32715.4053116331
91 32678.8197305684
92 32672.0449754004
93 32668.9906099995
94 32665.8281467929
95 32658.4742058262
96 32570.4171081623
97 32535.2399373314
98 32522.6527567601
99 32433.8749339359
100 32370.3716813048
101 32357.907563378
102 32350.0158672734
103 32341.8491313938
104 32331.6780908419
105 32326.9661065347
106 32322.9733391966
107 32306.3503308624
108 32303.0195866228
109 32293.3477215249
110 32239.6683335763
111 32152.48399617
112 32113.8083615918
113 32071.6099680626
114 32048.6992514061
115 32035.5050127832
116 32017.2054895088
117 32015.4113968273
118 32007.5416766564
119 32002.4919120942
120 31994.9272182745
121 31981.8260350888
122 31976.034058901
123 31972.3731895233
124 31968.8507770523
125 31960.5389823921
126 31933.4919234788
127 31917.6793853527
128 31912.991516654
129 31886.7152644108
130 31874.2746425851
131 31868.8850473228
132 31866.5752589275
133 31862.0228300776
134 31845.2620807706
135 31827.9109484192
136 31806.6963744615
137 31790.2092458827
138 31776.0094316804
139 31771.1606631996
140 31767.7070598769
141 31765.749377071
142 31761.8577004326
143 31750.8586980542
144 31748.7537493377
145 31747.595845244
146 31734.2649116657
147 31731.1041199655
148 31727.7007416247
149 31725.5336304181
150 31722.4626394439
151 31712.7454477536
152 31649.4551595429
153 31637.8003123232
154 31595.2496859537
155 31557.7733711283
156 31539.4545526296
157 31537.4883862466
158 31535.1184046278
159 31533.5082909903
160 31525.7824615466
161 31517.7470657067
162 31512.5569022524
163 31507.5141133397
164 31503.6285996715
165 31502.0049244336
166 31500.1014279653
167 31494.0550545504
168 31492.1531756931
169 31489.0534088053
170 31485.800722754
171 31483.3185883678
172 31482.1596772705
173 31480.2591820076
174 31400.7550752561
175 31320.5385682511
176 31277.6640436868
177 31257.6546406871
178 31242.6916772655
179 31224.1187722833
180 31214.3492085588
181 31211.133734473
182 31207.4910828295
183 31201.2764525166
184 31197.567781471
185 31191.1770146336
186 31185.1597140332
187 31177.4479675946
188 31175.7588922049
189 31173.7844806243
190 31172.235442145
191 31169.1472534363
192 31165.7096683673
193 31163.8405321143
194 31161.5060255255
195 31159.1648377219
196 31149.9253998467
197 31145.5696153979
198 31136.559419134
199 31124.1660426431
200 31115.5556081747
201 31114.4916043048
202 31109.5258682114
203 31108.5460793424
204 31108.0926945859
205 31096.5748247027
206 31094.3212700977
207 31065.5494658236
208 31058.9546181695
209 31039.2378219665
210 31034.0697773155
211 31032.481621222
212 31031.1533993058
213 31026.2417383414
214 31020.7815736528
215 31018.6025723407
216 31013.125267569
217 31011.5380651627
218 31009.0297742296
219 31007.3581690738
220 31003.8988655
221 31001.3578679332
222 30998.3500890164
223 30995.565257168
224 30992.7145966761
225 30991.5712094311
226 30990.7702142391
227 30985.9759295437
228 30955.57310739
229 30930.0149021122
230 30921.605849154
231 30916.8719536717
232 30891.5523648212
233 30888.6449086096
234 30885.3165931025
235 30882.354155811
236 30880.2906658447
237 30876.1232283676
238 30874.613225645
239 30862.3900028504
240 30859.6733246141
241 30859.3808506265
242 30858.6663941626
243 30858.2505869909
244 30853.2528180806
245 30848.4159231458
246 30843.5139912709
247 30843.5139912702
248 30843.1908548697
249 30837.4149660894
250 30836.5977514009
251 30835.3131213421
252 30815.8396160479
253 30809.5704397877
254 30797.4261169426
255 30789.9563446895
256 30785.7611581739
257 30784.4192319909
258 30783.6193073762
259 30778.7152212213
260 30777.5769613507
261 30771.3876527991
262 30771.057956156
263 30764.8067139946
264 30763.191365822
265 30763.1375367037
266 30762.0324831074
267 30761.5186100994
268 30749.2276467282
269 30739.5263414495
270 30735.9795832985
271 30712.4996802592
272 30697.8565039143
273 30693.0450503861
274 30692.0849832289
275 30690.1862167501
276 30687.9683399252
277 30678.1528919649
278 30676.5939622894
279 30673.4055570704
280 30671.7106077245
281 30670.4318705267
282 30670.3490891719
283 30669.5794853907
284 30669.3732840245
285 30667.5593605019
286 30664.2034244872
287 30657.2444896096
288 30654.3606375216
289 30642.7897615604
290 30634.0541425761
291 30632.7015171928
292 30632.1464047276
293 30629.8190463875
294 30625.8501803619
295 30621.421266997
296 30619.0015642313
297 30615.7739705996
298 30614.1753623534
299 30612.9844223431
300 30610.7709725994
301 30605.6059723113
302 30605.4725015435
303 30604.3368596357
304 30599.7798398678
305 30596.4167440745
306 30595.8556328467
307 30594.4156757139
308 30592.5302870938
309 30589.9542697999
310 30587.5757475511
311 30585.7771877324
312 30584.8398209057
313 30584.0216001577
314 30580.2065314268
315 30580.198577782
316 30576.2897972501
317 30574.0349563971
318 30570.7168104549
319 30563.8313794934
320 30558.5917886441
321 30558.1766118391
322 30557.4568205249
323 30557.1132574848
324 30551.6123217022
325 30543.2419663835
326 30532.8611501151
327 30524.8514538288
328 30507.1454003699
329 30498.8565393508
330 30497.1495024838
331 30497.0141055605
332 30494.8588667696
333 30493.9669110789
334 30491.670792324
335 30490.4934923287
336 30487.592487098
337 30483.3673944603
338 30481.9636108356
339 30481.1318901228
340 30480.3527015014
341 30479.9055316995
342 30474.8838354562
343 30465.7037999572
344 30463.0127380279
345 30458.5980579571
346 30453.9450098711
347 30452.561555054
348 30451.4767438752
349 30451.1105895351
350 30448.6646126628
351 30447.5040777598
352 30445.5751561023
353 30443.2360940641
354 30440.4914692455
355 30439.84996289
356 30439.5940853848
357 30438.1157301569
358 30437.1888026939
359 30433.7425278129
360 30431.5104181086
361 30427.3097961382
362 30419.187451146
363 30416.8292713745
364 30415.5257416861
365 30415.0124167584
366 30414.3799052215
367 30413.709076269
368 30411.696077623
369 30409.9205770092
370 30405.8941747454
371 30397.4198058417
372 30394.4603306508
373 30390.855479641
374 30389.1776159963
375 30388.9635071533
376 30388.0565152642
377 30387.4667414424
378 30382.1463195243
379 30379.367851463
380 30378.1420301214
381 30377.439310946
382 30376.4829814115
383 30375.450775198
384 30374.7765992352
385 30373.5969576219
386 30373.2698194598
387 30372.719869302
388 30372.0614063369
389 30369.5692147912
390 30363.8145391216
391 30360.1893392824
392 30358.8129030172
393 30356.8843460492
394 30355.8569239145
395 30352.7278814145
396 30352.3449377747
397 30352.0928709721
398 30344.6751896117
399 30325.3497560318
400 30324.8805157055
401 30311.7229033587
402 30306.5043936255
403 30298.7768869197
404 30297.0086957502
405 30296.5568745717
406 30293.0303168658
407 30291.2946099676
408 30290.9040974524
409 30290.4021736914
410 30286.6935989666
411 30286.2730048994
412 30285.8317362756
413 30283.4134117522
414 30276.8363269512
415 30274.6656932148
416 30269.8739427162
417 30264.1465825757
418 30260.6009987696
419 30259.5573640102
420 30259.2342360243
421 30257.6590309888
422 30252.0104581485
423 30249.3295919461
424 30245.3699417445
425 30236.2593552619
426 30233.5824939357
427 30229.3011551165
428 30228.722956991
429 30228.4764217009
430 30228.2404528516
431 30225.6528628158
432 30223.3641066396
433 30220.5842475449
434 30219.849826032
435 30217.7316074234
436 30217.3375029726
437 30216.5973656599
438 30214.6002116604
439 30209.8406536613
440 30208.3804131016
441 30206.6823618025
442 30203.8209030828
443 30203.2875968693
444 30202.5044886504
445 30200.8514966178
446 30197.9721340981
447 30195.5912061363
448 30195.2400587827
449 30192.1938189349
450 30188.869898537
451 30188.4185710024
452 30188.115008174
453 30187.7808950773
454 30185.4663350889
455 30179.7787111605
456 30175.8445910498
457 30174.119744145
458 30170.4650577755
459 30166.4444105195
460 30165.8134152814
461 30165.2270617701
462 30163.5044788134
463 30161.6722180899
464 30160.8683341275
465 30159.5398490246
466 30159.1835195101
467 30158.1845166055
468 30156.962686578
469 30151.5690549744
470 30149.7933283928
471 30148.0399999674
472 30147.561797265
473 30146.8374734301
474 30146.1545277275
475 30145.270277128
476 30144.9942061673
477 30143.2162074647
478 30143.2080843924
479 30142.0185537039
480 30140.8488565033
481 30140.4149060038
482 30139.9491616045
483 30131.1411856265
484 30126.246663909
485 30116.5926078689
486 30110.4685816973
487 30106.0099453511
488 30104.0299706099
489 30102.0080918828
490 30101.6553283502
491 30101.3169057984
492 30097.9765868228
493 30093.1333776846
494 30089.6435014862
495 30088.2585062135
496 30085.025860026
497 30084.6276566492
498 30083.9493824158
499 30083.6790670871
500 30081.8337993485
501 30080.1308363894
502 30078.4140541808
503 30077.2716761233
504 30076.2983755558
505 30075.7855159515
506 30075.4812724295
507 30075.3090231665
508 30075.0160491563
509 30070.5818140022
510 30068.3675308668
511 30068.095857826
512 30063.3129087945
513 30061.3505954763
514 30060.8117434718
515 30060.5389310045
516 30058.7462432373
517 30056.9876154592
518 30053.8831739739
519 30051.0650485425
520 30049.981082998
521 30048.7542136842
522 30048.1833973323
523 30047.8439631878
524 30046.9070269508
525 30043.6232734597
526 30041.5369626001
527 30039.5644086691
528 30035.7875951244
529 30033.7634932943
530 30032.5483889325
531 30032.1992362833
532 30031.2492094241
533 30031.2307767961
534 30030.9677648101
535 30028.1795130673
536 30025.2470886663
537 30024.7719955087
538 30024.4387874569
539 30022.8167400879
540 30020.0395017608
541 30016.7253142038
542 30016.6408532517
543 30014.7846779644
544 30012.7237254052
545 30011.7370947597
546 30011.3193063046
547 30011.142615856
548 30007.3753943936
549 30005.2978666667
550 30000.1925118627
551 29996.9457990371
552 29996.9196679185
553 29994.0746126483
554 29993.8175250132
555 29993.4944529528
556 29992.9911708225
557 29990.3915598506
558 29986.8943124695
559 29986.6008021318
560 29985.2372558488
561 29979.3144032921
562 29977.6977821833
563 29976.6832642074
564 29976.5781705248
565 29975.3035988328
566 29974.4422441182
567 29973.3906234361
568 29971.8430399556
569 29970.9183636118
570 29970.4915324997
571 29970.1655831812
572 29969.8584687402
573 29966.968406676
574 29962.8874412641
575 29962.1762006594
576 29956.7806152775
577 29955.7605985068
578 29954.3589019449
579 29953.952084637
580 29953.7109926745
581 29953.0292386519
582 29952.3803189411
583 29949.2026028192
584 29947.046330454
585 29943.8850339504
586 29943.3867443629
587 29940.0495624109
588 29937.3345149971
589 29936.7526087565
590 29936.2991428918
591 29935.4614314819
592 29934.8027977112
593 29933.9405816476
594 29933.865254665
595 29932.0235794169
596 29931.5425517114
597 29931.2719027253
598 29930.6017862101
599 29930.1971229694
600 29928.6190288938
601 29927.178284035
602 29926.5981020096
603 29926.080700445
604 29924.6822656799
605 29924.2323119924
606 29922.5056381806
607 29921.609257871
608 29918.5054449264
609 29917.2692034423
610 29916.7293530726
611 29916.6711205849
612 29916.4585595083
613 29916.3620810829
614 29915.0997907695
615 29905.9018832966
616 29903.6808543177
617 29896.4011164596
618 29881.716236457
619 29878.2664449074
620 29876.8165377574
621 29876.2551123454
622 29874.3821181787
623 29873.0739903496
624 29872.3550213381
625 29872.315958603
626 29871.5025620775
627 29871.2999879569
628 29870.5526850938
629 29870.0903204527
630 29867.9681622955
631 29866.3203204758
632 29864.8960421152
633 29864.5720531363
634 29864.2863106611
635 29863.7779750363
636 29861.9513728431
637 29861.0438165888
638 29859.4437173066
639 29858.0805698109
640 29856.9192056215
641 29856.4965662173
642 29855.8784782516
643 29855.39842427
644 29854.882068049
645 29853.5695265877
646 29852.4978454685
647 29850.4442896067
648 29849.9333400222
649 29849.3486743766
650 29849.311049945
651 29848.6844999377
652 29848.577158611
653 29848.2554561964
654 29840.4159024359
655 29829.8280504186
656 29825.4894847216
657 29819.9005179158
658 29811.0918274413
659 29807.6105930747
660 29807.2128981272
661 29806.9855912801
662 29806.8216546377
663 29805.6580349665
664 29805.3481049878
665 29805.1776124557
666 29803.8516631458
667 29803.3640521434
668 29802.852128657
669 29802.6934007847
670 29802.3235009634
671 29801.2235511778
672 29796.2474156892
673 29793.7332748211
674 29790.842341162
675 29789.8472811436
676 29789.4898990301
677 29789.2819330578
678 29789.0943308724
679 29787.3476701446
680 29787.2498502473
681 29784.876391225
682 29783.0572520246
683 29778.3957043078
684 29778.0649748347
685 29777.7874266488
686 29777.1940025945
687 29775.5649965701
688 29775.5496447266
689 29773.7407827969
690 29773.2833296614
691 29771.8822978893
692 29771.7321908716
693 29770.4613937336
694 29770.0387987663
695 29769.4006525901
696 29766.8928389811
697 29766.0167706482
698 29765.7406321872
699 29765.527194594
700 29764.4529484663
701 29762.1253148516
702 29760.9332806266
703 29758.5592837567
704 29757.5563539399
705 29756.6804224546
706 29756.1663953677
707 29755.9527668638
708 29755.6100267031
709 29754.7714596917
710 29754.4121192813
711 29753.2126529417
712 29752.9892244527
713 29752.5560610949
714 29752.2243413078
715 29751.9487773542
716 29751.6497668761
717 29750.565980257
718 29745.1072503846
719 29737.3657452947
720 29736.1658713701
721 29734.7195827257
722 29728.5067655199
723 29723.1744609594
724 29722.2906894574
725 29722.1247288199
726 29721.7344094933
727 29720.9375600596
728 29719.7596036622
729 29719.6187232355
730 29718.2101044296
731 29717.7868118886
732 29717.4526025685
733 29717.2093953139
734 29715.92714326
735 29714.4318327375
736 29714.2061372225
737 29712.5607274618
738 29712.1266347847
739 29711.6465782963
740 29711.0125661202
741 29710.4044192119
742 29709.3717962933
743 29708.7202149483
744 29708.5058877083
745 29707.6246637177
746 29707.4749121974
747 29707.1533642895
748 29706.4184520915
749 29706.2675903087
750 29705.9489400056
751 29705.571780241
752 29704.6028058482
753 29704.0085518347
754 29703.4288897782
755 29702.2400982913
756 29701.7709696054
757 29701.5132707207
758 29701.040318684
759 29699.3384850583
760 29697.1150832335
761 29696.7942547595
762 29694.6025074713
763 29692.1627533828
764 29690.5899441992
765 29690.4310733648
766 29689.8217676358
767 29687.835222915
768 29687.5273809067
769 29687.1976586106
770 29686.5615448834
771 29686.2177350961
772 29686.111192622
773 29685.8170851047
774 29685.6132861206
775 29685.1698388598
776 29682.4718014319
777 29677.8610540442
778 29676.3902244322
779 29673.9701829771
780 29672.379144871
781 29670.0335418706
782 29668.8680857136
783 29668.7411923249
784 29668.2781562882
785 29668.2225421776
786 29667.8896968744
787 29664.7340120931
788 29664.0212001753
789 29662.8907570195
790 29662.7001146714
791 29662.5863589727
792 29662.4226717055
793 29659.9671021474
794 29655.7837167218
795 29654.4723622632
796 29653.2329395415
797 29651.678704165
798 29650.6646092277
799 29650.4527007226
800 29649.8132329313
801 29649.0930465395
802 29647.7180321703
803 29646.7624742135
804 29646.0465002811
805 29645.7768454319
806 29645.7585257048
807 29645.2918080302
808 29645.231213147
809 29645.0325080027
810 29642.669810069
811 29641.0871009564
812 29639.698131154
813 29638.1258988385
814 29634.923499564
815 29634.105201583
816 29633.4351136869
817 29633.2506490823
818 29632.7316341914
819 29631.4207345479
820 29630.070966252
821 29629.3803390074
822 29629.3174688273
823 29628.6267935312
824 29628.0514626955
825 29627.9291297748
826 29627.1873426832
827 29625.5281011582
828 29624.7738727199
829 29624.1831384731
830 29623.4912519308
831 29623.1418500879
832 29622.8747113129
833 29622.6148066858
834 29621.651022857
835 29620.0793391517
836 29619.1293952757
837 29617.851103735
838 29616.8122607448
839 29615.6331197965
840 29615.4199219664
841 29615.2522875029
842 29615.0354235344
843 29614.48990057
844 29613.9920923574
845 29612.777125161
846 29612.4235141996
847 29611.6393270025
848 29610.7776405985
849 29610.6758938085
850 29610.2675705865
851 29608.7313184278
852 29607.4093696246
853 29606.8037771117
854 29605.4107249582
855 29604.922417551
856 29604.0462170133
857 29603.894439712
858 29603.5620196522
859 29603.5487644877
860 29601.5822005195
861 29600.4233321364
862 29599.8081253675
863 29599.5662311771
864 29599.0665400983
865 29598.9478969616
866 29598.5576409873
867 29597.932256309
868 29597.2897563424
869 29597.1152107439
870 29596.7485423435
871 29594.7476485249
872 29593.3230527435
873 29592.0299108332
874 29588.9108485197
875 29586.5761854922
876 29586.5165135322
877 29585.4503043153
878 29585.3521292238
879 29585.0918091553
880 29584.4123943961
881 29583.6338462967
882 29583.5576603734
883 29582.8599421433
884 29581.6346104075
885 29580.3719102145
886 29579.7910582315
887 29579.7187067186
888 29579.5973968574
889 29578.9701595433
890 29578.874701213
891 29577.4749688973
892 29577.0107360073
893 29576.0972565224
894 29575.7722746545
895 29575.6353562552
896 29575.4318913747
897 29573.6635590439
898 29572.0738749046
899 29571.0177771675
900 29569.7470996022
901 29569.5814137612
902 29568.9252977933
903 29568.7078292347
904 29568.5518505396
905 29568.4537142316
906 29565.1128778558
907 29564.4429916153
908 29560.2818478951
909 29557.861135179
910 29556.089858395
911 29551.7475118915
912 29550.8021501892
913 29550.5994850986
914 29549.3516369498
915 29548.9197062567
916 29548.5296246322
917 29548.144396997
918 29547.998111355
919 29547.4349860593
920 29546.4780272609
921 29545.4052347954
922 29544.2201404954
923 29543.5216755191
924 29542.9396833391
925 29542.6406828687
926 29542.0567822688
927 29541.7503337032
928 29541.245665337
929 29540.6814724313
930 29540.5859284249
931 29540.4661315342
932 29540.263378504
933 29540.0939491891
934 29540.0562641903
935 29539.8412883241
936 29533.4375784004
937 29529.1503677455
938 29523.2252580238
939 29520.9103474549
940 29519.2187632216
941 29517.1736160196
942 29516.2980006158
943 29516.1020103836
944 29515.0320674247
945 29514.5300632946
946 29514.3537160691
947 29513.8481382079
948 29513.1788435869
949 29512.4032052922
950 29512.2344646022
951 29512.0197732861
952 29511.5149741654
953 29510.1092236447
954 29508.6637359258
955 29508.1586560302
956 29507.3393673062
957 29506.2753844315
958 29505.3471800071
959 29505.2318824451
960 29505.0953546533
961 29504.9710927611
962 29504.6911690856
963 29504.3872390648
964 29503.3039540822
965 29502.7962243949
966 29502.5355219018
967 29502.0079487175
968 29501.1067452113
969 29500.9030749603
970 29500.5790125684
971 29498.3507463477
972 29494.5073286859
973 29493.1236039734
974 29492.7257715821
975 29490.4520579322
976 29489.8195371292
977 29489.4522293552
978 29489.3267186368
979 29489.0998490157
980 29488.4811939077
981 29487.6749322384
982 29486.6418120127
983 29486.2903223514
984 29484.4737920931
985 29484.1489549219
986 29483.8823810739
987 29483.7567851594
988 29483.5690773526
989 29482.7124782442
990 29482.3483270078
991 29481.6368447158
992 29480.3559420966
993 29480.1310093718
994 29479.892961532
995 29479.8068162837
996 29479.4618809572
997 29479.3035446721
998 29479.050561096
999 29478.7975188571
1000 29477.8985584046
