time nnz
1.784901 3352
3.218895 3340
4.67117 2924
5.804716 2390
6.779889 1752
7.945125 2076
8.893023 1740
9.706547 1354
10.445546 1218
11.127736 1078
11.789707 1000
12.436359 958
13.074754 938
13.70203 910
14.320025 894
15.30702 1478
16.183765 1426
16.984993 1242
17.756713 1180
18.501348 1128
19.239338 1098
19.969333 1078
20.694744 1068
21.41765 1050
22.131134 1042
22.851671 1036
23.563739 1030
24.273001 1016
24.976253 1006
25.681032 1002
26.379703 996
27.071049 984
27.761122 976
28.444346 972
29.132736 968
29.818351 966
30.509377 962
31.191479 962
31.875133 960
32.564674 960
33.2504 960
33.932626 958
34.610726 954
35.288154 948
35.963685 944
36.636936 942
37.310974 940
37.984919 938
38.656739 936
39.32764 934
39.996092 932
40.662596 930
41.331124 930
42.257504 1262
43.069843 1224
43.861656 1146
44.644798 1132
45.421424 1112
46.196816 1104
46.975991 1104
47.749823 1100
48.523083 1096
49.294212 1090
50.062501 1086
50.8307 1086
51.600035 1084
52.364261 1080
53.123686 1078
53.882593 1074
54.642029 1074
55.408087 1074
56.166206 1074
56.939205 1072
57.697514 1070
58.627547 1224
59.460801 1208
60.289843 1186
61.109856 1174
61.929061 1168
62.754869 1166
63.569923 1164
64.387997 1158
