time nnz
0.373567 8608
0.49326 7560
0.612993 7342
0.73284 7742
0.862908 7948
0.982485 8338
1.102183 8356
1.221922 8508
1.342433 8466
1.462297 8440
1.582295 8416
1.702184 8430
1.822095 8376
1.942205 8394
2.062138 8328
2.196152 8282
2.316929 8214
2.436752 8142
2.556824 8112
2.676661 8052
2.796558 8022
2.916387 7938
3.036137 7834
3.1559 7698
3.275595 7646
3.395519 7534
3.515516 7474
3.635407 7424
3.759653 7302
3.884798 6946
4.004877 6894
4.139378 6822
4.259575 6812
4.379684 6696
4.499675 6434
4.738339 6442
4.857925 6328
4.977661 6216
5.097324 6152
5.217163 6142
5.336978 6112
5.456967 6162
5.576731 6084
5.696477 6082
5.816121 6024
5.935907 5982
6.174558 6000
6.29423 5892
6.54699 5878
6.796573 5840
7.035694 5806
7.274663 5762
7.513845 5694
7.753098 5668
7.992103 5660
8.231401 5618
8.470724 5578
8.710001 5526
8.949326 5494
9.188365 5430
9.442091 5390
9.681213 5326
9.920354 5310
10.159163 5272
10.397698 5240
10.636476 5190
10.875069 5160
10.99493 5054
11.114592 5028
11.234427 5010
11.354313 4988
11.474107 4908
11.593844 4848
11.713635 4802
11.833457 4754
11.953479 4692
12.073386 4662
12.193239 4590
12.313009 4566
12.433086 4542
12.552981 4480
12.672699 4430
12.792372 4414
12.912125 4370
13.031957 4324
13.151668 4274
13.271309 4226
13.39109 4208
13.510969 4184
13.630654 4160
13.750516 4118
13.870245 4074
13.989956 4050
14.109792 3974
14.229395 3834
14.468076 3886
14.706747 3802
14.945185 3790
15.183644 3756
15.42215 3710
15.660733 3684
15.899573 3654
16.152608 3620
16.391674 3576
16.630335 3566
16.868813 3514
17.107337 3494
17.345966 3440
17.5847 3412
17.823582 3352
18.0625 3342
18.302028 3298
18.540954 3266
18.779761 3240
19.01859 3240
19.257452 3210
19.496888 3186
19.736041 3150
19.975382 3156
20.214834 3116
20.454077 3100
20.692676 3060
20.931221 3052
21.170232 3028
21.409178 3022
21.648409 3008
21.887695 3002
22.126444 2984
22.365673 2964
22.604842 2950
22.843693 2914
23.082605 2894
