8740 0.983463
7630 1.271073
7412 1.559128
7856 1.869545
8054 2.15626
8438 2.44229
8450 2.722943
8598 2.993411
8552 3.298391
8538 3.643141
8498 3.972715
8526 4.223317
8466 4.47389
8470 4.742699
8448 4.989182
8418 5.236592
8334 5.494866
8270 5.753812
8250 6.005921
8200 6.255985
8146 6.522514
8080 6.774948
8006 7.021119
7886 7.267121
7846 7.514019
7784 7.76115
7710 8.0223
7592 8.278211
7390 8.528922
7086 8.77857
7122 9.027482
7066 9.276298
6950 9.522505
6764 9.76853
6642 10.260178
6628 10.772094
6434 11.021061
6512 11.272054
6418 11.521162
5946 11.771523
5768 12.270139
6024 12.766888
6036 13.263524
6036 13.760224
5952 14.253307
5878 14.516144
5882 14.768526
5836 15.017449
5828 15.265754
5756 15.515416
5634 15.763058
5580 16.009406
5542 16.257496
5538 16.502896
5498 16.747779
5448 16.995358
5324 17.24312
5296 17.733806
5248 18.225475
5290 18.719552
5226 19.211985
5162 19.707724
5104 20.204046
5088 20.697876
5026 21.207985
5020 21.704626
4956 22.200273
4916 22.694816
4862 23.189666
4816 23.687024
4790 24.181199
4772 24.676054
4738 25.172155
4712 25.669133
4676 26.167141
4646 26.665282
4594 27.160993
4566 27.654751
4530 28.148288
4476 28.639718
4460 29.131315
4442 29.621987
4412 30.11242
4396 30.60295
4348 31.116937
4320 31.617227
4262 32.114056
4242 32.611235
4220 33.106591
4220 33.599596
4158 34.088964
4126 34.575704
4082 35.063384
4058 35.553712
4012 36.044964
3978 36.536981
3938 37.02978
3918 37.522413
3876 38.014689
3864 38.507959
3810 38.999927
3770 39.489979
3746 39.977178
3754 40.461519
3702 40.944857
3672 41.427859
3626 41.91152
3610 42.393655
3556 42.875516
3526 43.358237
3494 43.839522
3488 44.320663
3462 44.802024
3440 45.043939
3450 45.527108
3400 45.770595
3390 46.257021
3346 46.501401
3358 46.990455
3290 47.236267
3270 47.989914
3190 48.473817
3212 48.958921
3256 49.448835
3226 49.938444
3212 50.421694
3196 50.905789
3170 51.394284
3160 51.879715
3120 52.361878
3092 52.85058
3042 53.094687
3106 53.336382
3050 53.820271
3054 54.307728
2980 54.790343
2960 55.272449
2936 55.754313
2974 56.238525
2922 56.72577
2912 57.211792
2898 57.696076
