time nnz
0.527046 8744
1.126025 9454
1.699315 9174
2.306317 9076
2.883509 9062
3.452166 9022
4.024728 9002
4.596792 8956
5.172027 8982
5.746637 8930
6.341837 8924
6.923172 8878
7.50767 8876
8.133968 8786
8.805283 8822
9.624773 8730
10.399094 8754
11.197951 8666
11.992364 8674
12.953803 8552
14.050471 8742
14.989932 8614
15.950746 8640
16.880669 8478
17.974629 8662
18.981793 8468
20.083838 8678
21.16254 8550
22.267009 8450
23.221347 8566
24.295509 8412
25.426234 8540
26.482216 8358
27.657435 8520
28.690356 8350
29.743891 8468
30.742869 8330
31.709697 8418
32.70278 8498
33.615524 8292
34.587552 8412
35.452992 8150
36.38634 8530
37.268662 8218
38.129379 8340
39.003911 8380
39.758777 8114
40.557513 8470
41.325574 8030
42.150145 8422
42.919364 7988
43.761409 8376
44.530709 7900
45.392404 8470
46.127523 7990
46.996184 8306
47.835638 8282
48.772394 8362
49.661103 7838
50.555185 8330
51.5652 8278
52.270669 7752
53.114518 8428
53.958359 8108
54.831684 8364
55.710061 8088
56.641761 8322
57.487856 8096
58.34873 8294
59.163457 8106
60.097712 8254
60.946975 8088
61.778847 8224
62.583195 8060
63.444588 8184
64.269759 8006
65.096252 8120
65.919441 7962
66.717216 8036
67.587495 7918
68.44512 7956
69.307451 7868
70.137119 7886
71.016547 7800
71.922304 7812
72.739489 7744
73.576387 8010
74.327924 7830
75.107609 7888
75.897734 7774
76.681993 7698
77.485131 8006
78.356369 7842
79.181342 7826
79.967106 7678
80.832165 7980
81.83555 7830
82.801853 7792
83.735005 7654
84.717819 7950
85.550683 7776
86.370454 7720
87.160473 7594
88.001887 7856
88.850678 7714
89.662245 7594
90.569149 7832
91.426203 7702
92.302971 7592
93.137286 7818
93.924454 7728
94.678743 7538
95.468549 7784
96.213334 7520
96.971816 7840
97.733478 7688
98.452509 7566
99.170923 7768
99.904445 7672
100.646357 7450
101.44956 7698
102.244959 7434
103.032954 7714
103.78603 7408
104.577863 7730
105.309391 7396
106.111813 7730
106.894613 7608
107.63502 7428
108.421843 7574
109.206221 7366
109.964669 7590
110.677569 7338
111.456701 7566
112.196714 7302
112.920487 7520
113.590702 7290
114.343045 7847
115.086221 7584
115.772846 7395
116.464337 7472
117.212759 7637
117.898314 7366
118.599616 7593
119.280423 7308
120.042539 7529
120.744105 7240
121.465212 7474
122.215296 7556
122.857554 7354
123.570907 7490
124.317049 7268
124.932044 7484
125.505924 7534
126.059489 7302
126.617936 7425
127.179675 7144
127.821742 7696
128.411495 7242
129.021136 7502
129.567558 7066
130.151516 7672
130.724134 7190
131.32314 7458
131.859156 6984
132.444853 7592
133.002649 7104
133.54751 7334
134.101384 7406
134.615713 7097
135.226998 7619
135.761905 7121
136.353821 7323
137.006759 7361
137.648755 7016
138.310478 7556
138.874518 6924
139.429515 7578
139.99088 7056
140.610339 7226
141.252359 7301
141.888628 6916
142.658659 7398
143.216251 6824
143.885417 7382
144.518116 6752
145.313339 7632
146.047779 6988
146.666565 7172
147.366911 7174
148.055938 7342
148.666484 6784
149.384709 7346
149.995815 6638
150.730499 7546
151.486714 6655
152.267793 7388
152.819755 6554
153.602673 7524
154.260298 6628
155.017657 7280
155.649686 6485
156.430014 7348
157.066073 6439
157.907462 7344
158.653719 6397
159.538641 7308
160.165587 6336
160.948981 7498
161.720909 6315
162.633546 7354
163.520414 6229
164.631345 7438
165.403925 6171
166.378475 7392
167.077106 5983
168.216397 7710
169.263418 6844
170.348143 7592
171.345836 6818
172.245916 7462
173.265676 6782
174.202017 7372
175.157992 6762
176.098762 7280
177.043081 6736
178.001341 7188
178.853735 6682
179.692999 7088
180.520124 6622
181.385718 7004
182.183344 6562
183.019748 6904
183.956864 6520
184.906478 6738
185.69212 6460
186.366342 6586
187.042714 6358
187.718641 6430
188.388171 6252
189.060232 6212
189.766724 6738
190.49351 6302
191.220682 6436
191.950121 6200
192.650316 6224
193.402307 6664
194.137819 6348
194.906544 6330
195.694793 6194
196.449957 6086
197.331608 6605
198.185076 6210
199.057071 6285
199.731115 6032
200.430813 6620
201.106878 6204
201.740528 6280
202.391131 6009
203.019412 6592
203.684028 6164
204.306202 6234
204.896341 5963
205.570915 6502
206.256911 6112
206.870195 6116
207.491692 6510
208.112837 6220
208.737558 6150
209.328402 5960
209.952328 6418
210.600795 6114
211.268162 5989
211.9049 6452
212.541152 6078
213.143329 6014
213.807336 6420
214.460566 6106
215.102448 5983
215.79712 6462
216.496452 6074
217.13967 6004
217.844463 6410
218.561862 6094
219.24615 5953
220.006612 6424
220.899197 6040
221.874774 5930
222.674952 6332
223.38886 6002
224.00757 5831
224.695979 6258
225.504272 5827
226.242254 6408
227.010617 5948
227.687047 5862
228.417979 6252
229.110658 5904
229.765078 5728
230.430793 6110
230.99225 5699
231.648062 6154
232.329963 5699
233.016895 6256
233.697562 5818
234.263032 5668
234.939959 6015
235.532081 5644
236.195131 6044
236.784437 5624
237.421546 6042
237.991935 5614
238.549376 6066
239.069801 5612
239.62558 6093
240.107879 5606
240.612104 6123
241.088466 5600
241.590233 6147
242.068986 5596
242.572549 6175
243.080379 5598
243.582272 6195
244.114681 5761
244.606564 5567
245.120082 5890
245.605338 5491
246.125431 5828
246.617227 5449
247.182026 6378
247.743602 5673
248.272776 5536
248.844108 5841
249.355995 5450
249.94667 6348
250.531445 5700
251.123733 5539
251.735825 5858
252.324979 5427
252.943047 5706
253.714067 5964
254.513648 5502
255.422805 5889
256.238463 5418
257.021957 5761
257.671876 5336
258.542717 6230
259.606065 5412
260.699824 6029
261.620872 5350
262.52038 5847
263.159217 5304
263.816616 5640
264.537135 5895
265.197482 5429
265.948491 5752
266.673429 5273
267.443199 6172
268.188052 5290
268.97767 5898
269.711141 5229
270.408687 5586
271.21253 5767
271.910641 5318
272.575446 5587
273.328729 5830
274.052854 5322
274.820853 5628
275.495869 5140
276.226847 5932
276.935069 5164
277.596873 5534
278.351788 5668
279.031532 5214
279.788451 5399
280.569789 5644
281.335327 5139
282.086966 5998
282.853441 5131
283.598165 5596
284.447259 5680
285.16031 5210
285.909342 5409
286.548521 5640
287.129658 5097
287.732738 6012
288.45182 5087
289.109681 5558
289.841851 5632
290.521929 5142
291.198312 5321
291.896423 5522
292.532883 4994
293.333246 5722
294.009415 4954
294.776704 5752
295.37138 4934
296.107849 5776
296.753318 4918
297.441354 5794
298.051619 4906
298.758396 5806
299.408664 4892
300.119723 5806
300.702503 4874
301.314717 5782
301.949324 4856
302.585305 5734
303.175836 4830
303.818191 5632
304.409148 4782
305.032144 6134
305.63955 4912
306.248811 5484
306.791677 4726
307.435378 5806
308.018314 4740
308.62837 5628
309.124508 4702
309.688171 5984
310.269703 4812
310.817049 5176
311.336996 5179
311.876673 5428
312.348773 4702
312.843932 5398
313.355738 5302
313.801502 4728
314.272314 5350
314.768642 5382
315.209682 4724
315.702051 5462
316.091636 4584
316.585813 6290
317.06912 4842
317.585405 5490
317.980813 4532
318.477556 6152
318.95539 4784
319.439168 5258
319.954751 5166
320.496568 5442
320.990618 4580
321.504642 5238
322.009708 5134
322.552762 5388
323.004376 4528
323.5286 5796
324.001732 4522
324.506904 5282
325.009446 5132
325.540986 5406
326.006084 4486
326.56898 5780
327.071678 4476
327.603683 5200
328.140982 5044
328.706624 5282
329.184332 4436
329.744366 5482
330.153636 4316
330.719818 6390
331.269202 4834
331.816676 5246
332.398959 5110
332.8919 4436
333.502224 5506
334.066441 4326
334.661045 5191
335.34789 5046
336.016704 5214
336.516818 4296
337.123987 5180
337.698568 4966
338.363982 5160
338.812819 4234
339.457101 5642
339.90557 4196
340.543201 5554
341.019848 4082
341.634613 6398
342.222057 4920
342.752579 4924
343.309394 4710
343.873439 4948
344.50689 4756
345.184599 4912
345.758867 4754
346.392719 4844
346.984704 4744
347.632215 4786
348.234942 4698
348.808806 4716
349.410688 4670
349.967272 4660
350.513648 4588
351.051342 4580
351.619661 4500
352.154499 4496
352.691846 4362
353.229761 4271
353.732414 4170
354.272256 4730
354.859036 4408
355.412279 4471
355.965152 4298
356.500306 4210
357.022422 4100
357.652994 4560
358.327662 4272
358.968699 4216
359.542378 4088
360.079578 4538
360.660005 4246
361.260746 4188
361.834666 4066
362.454846 4494
363.026103 4198
363.563384 4103
364.116447 4648
364.650139 4326
365.197229 4342
365.762801 4140
366.277165 4066
366.863735 4534
367.45722 4224
368.012025 4140
368.509281 4012
369.035557 4394
369.556798 4116
370.049926 4008
370.571738 4456
371.091128 4142
371.609946 4120
372.100116 3944
372.617423 4294
373.12575 4000
373.642549 4570
374.15702 4179
374.671297 4204
375.157857 3976
375.671984 4478
376.184631 4123
376.693534 4114
377.174496 3918
377.682997 4288
378.196081 3972
378.697519 4574
379.234627 4161
379.725812 4212
380.183193 3940
380.668797 4456
381.153511 4090
381.626747 4070
382.074225 3864
382.546486 4222
382.992969 3898
383.498819 4360
383.971653 4012
384.416386 3966
384.914695 4437
385.392944 4058
385.843309 3948
386.353241 4432
386.840774 4068
387.356808 4020
387.861595 3818
388.365669 4114
388.870097 3828
389.384319 4200
389.85338 3852
390.353356 4322
390.85886 3964
391.32647 3898
391.823237 4282
392.316833 3940
392.783973 3812
393.275078 4144
393.752491 3806
394.27684 4218
394.771472 3836
395.28746 4394
395.810222 3974
396.303767 3916
396.810098 4410
397.358817 4014
397.835018 3876
398.356985 4388
398.860078 3976
399.334108 3908
399.83938 4404
400.404757 3994
400.940848 3860
401.539551 4340
402.051377 3944
402.602593 3862
403.228971 4318
403.714137 3914
404.169123 3768
404.665657 4138
405.120703 3760
405.601586 4222
406.056 3796
406.555749 4410
407.050873 3926
407.595306 3890
408.030279 3644
408.534114 4660
409.024698 3998
409.512905 4078
409.973825 3710
410.460883 4138
410.925245 3716
411.41417 4204
411.904058 3774
412.364323 3694
412.853913 3942
413.313876 3658
413.805008 3905
414.239423 3620
414.726838 4548
415.216251 3912
415.723121 3916
416.187925 3622
416.692503 3862
417.126789 3590
417.615374 4442
418.108906 3835
418.59656 3806
419.03142 3572
419.520519 4388
420.010578 3800
420.475327 3730
420.968452 4110
421.484863 3696
421.980364 4192
422.473713 3749
422.944294 3638
423.441979 3902
423.912584 3578
424.414693 3786
424.859925 3516
425.36459 4240
425.84074 3648
426.349312 4246
426.858698 3705
427.339415 3610
427.848338 3902
428.328027 3520
428.838483 3780
429.289481 3474
429.797252 4206
430.310671 3654
430.796567 3574
431.308811 3812
431.798622 3508
432.278417 3642
432.790177 3982
433.272977 3548
433.782233 3938
434.263329 3496
434.773472 3812
435.225075 3448
435.733941 4300
436.246832 3688
436.730664 3600
437.242096 3930
437.723673 3520
438.23732 3838
438.717147 3468
439.201336 3628
439.713335 3966
440.195474 3522
440.70358 3916
441.188517 3460
441.696054 3780
442.146545 3400
442.654254 4200
443.165705 3606
443.683562 3510
444.19525 3744
444.691652 3422
445.192197 3544
445.719353 3828
446.216015 3404
446.74001 3636
447.205461 3352
447.727686 3884
448.214527 3382
448.717836 3630
449.164854 3334
449.666581 3838
450.140087 3366
450.615558 3556
451.117152 3854
451.624703 3432
452.127549 3674
452.575327 3346
453.079322 3986
453.554101 3410
454.057228 3732
454.503592 3341
455.002846 4096
455.477851 3422
455.977654 3886
456.451719 3366
456.948661 3642
457.380726 3304
457.867866 3826
458.326291 3340
458.786519 3508
459.295486 3798
459.756066 3336
460.222425 3544
460.718382 3884
461.187418 3404
461.719496 3690
462.160165 3316
462.658604 4048
463.130057 3384
463.624485 3774
464.092253 3322
464.558382 3442
465.040788 3678
465.464505 3276
465.943405 4036
466.391038 3362
466.861908 3848
467.307195 3300
467.777685 3548
468.166691 3228
468.633277 4442
469.101294 3592
469.600508 3548
470.018912 3232
470.489692 3702
470.906765 3228
471.378852 3912
471.831281 3284
472.313515 3614
472.738614 3222
473.237727 3790
473.706215 3248
474.224179 3422
474.721493 3672
475.198856 3266
475.658569 3337
476.166214 3508
476.597984 3188
477.08722 3606
477.518703 3182
478.008399 3712
478.443533 3188
478.933298 3886
479.398956 3236
479.890943 3538
480.328535 3164
480.829464 3606
481.275472 3158
481.777339 3702
482.22164 3152
482.72167 3862
483.197084 3202
483.698805 3508
484.145051 3124
484.648294 3510
485.094981 3112
485.598094 3492
486.015392 3106
486.536842 4238
487.045814 3410
487.525045 3290
488.033812 3524
488.483318 3128
488.989562 3721
489.46964 3151
489.94827 3272
490.45538 3446
490.902272 3088
491.436103 3480
491.868653 3074
492.386308 4174
492.893181 3366
493.374478 3224
493.852358 3372
494.368164 3676
494.84739 3144
495.32796 3318
495.837028 3524
496.288662 3098
496.799647 3724
497.282429 3105
497.764495 3230
498.272819 3378
498.694303 3038
499.210466 4126
499.703004 3202
500.210932 3788
500.691861 3112
501.204258 3390
501.624754 3020
502.133288 3836
502.617768 3098
503.126931 3396
503.548648 3016
504.059827 3880
504.541338 3104
505.053414 3426
505.47761 3006
505.988197 4020
506.471796 3114
506.983513 3608
507.438401 3020
507.949242 3660
508.403945 3018
508.948205 3718
509.429832 3048
509.913039 3214
510.42715 3406
510.881754 3018
511.398864 3424
511.826678 2992
512.339689 3862
512.826167 3066
513.307918 3322
513.82169 3499
514.274423 3012
514.784195 3694
515.263013 3036
515.743213 3188
516.269123 3344
516.725294 2989
517.207836 3288
517.722057 3439
518.176602 2984
518.687753 3522
519.138956 2970
519.649602 3430
520.071309 2954
520.580326 3904
521.062243 3048
521.573041 3420
521.995761 2938
522.504374 3948
522.985602 3040
523.49757 3450
523.948171 2944
524.460538 3306
524.854044 2908
525.363389 4354
525.874474 3322
526.356953 3208
526.868429 3456
527.32252 2970
527.835096 3597
528.288119 2944
528.796392 3508
529.249949 2919
529.761802 3308
530.157031 2882
530.666416 4312
531.172924 3246
531.647897 3164
532.153875 3312
532.60168 2894
533.10985 3282
533.500775 2848
534.008318 4356
534.5156 3286
535.010247 3152
535.535101 3374
535.982939 2898
536.490097 3419
536.938092 2853
537.42113 3172
537.910539 3315
538.340567 2840
538.824354 3234
539.215332 2798
539.759893 4094
540.273891 2953
540.814679 3554
541.293529 2830
541.83339 3470
542.316368 2810
542.815792 3198
543.341896 3363
543.786931 2858
544.275392 3389
544.680138 2796
545.18062 3690
545.660172 2858
546.151175 2996
546.625798 3040
547.137196 3199
547.566191 2786
548.087236 3628
548.541049 2814
549.042027 3430
549.458276 2778
549.960282 3754
550.432452 2848
550.900788 3040
551.378593 3100
551.884879 3353
552.339201 2811
552.851337 3192
553.246358 2734
553.757341 3750
554.297648 2828
554.77519 3014
555.252818 3060
555.762524 3287
556.214518 2775
556.694722 3066
557.217369 3161
557.662386 2726
558.138362 2974
558.628314 2998
559.13836 3162
559.564196 2712
560.077658 3538
560.538414 2722
561.05905 3306
561.497804 2690
562.042581 3382
562.49388 2692
563.049024 3516
563.545358 2714
564.116935 3230
564.547407 2658
565.114043 3938
565.643881 2818
566.25447 3238
566.712399 2644
567.305947 4004
567.843509 2816
568.428621 3316
568.90769 2660
569.482168 3444
569.993855 2664
570.554841 3072
571.136834 3189
571.67299 2702
572.240781 3030
572.831779 3099
573.347416 2656
573.911439 2890
574.496814 2888
575.086129 2986
575.72794 3153
576.261285 2667
576.849186 2900
577.443979 2914
578.037896 3013
578.67544 3164
579.236552 2640
579.835949 2938
580.437307 2956
581.060166 3120
581.626145 2630
582.197112 2874
582.773816 2862
583.386464 2946
584.004616 3085
584.54876 2635
585.175748 3436
585.721981 2632
586.274934 2948
586.836077 2938
587.426969 3139
587.917941 2620
588.517081 3422
589.002456 2610
589.583725 3518
590.100344 2624
590.680778 3110
591.057888 2512
591.62975 4750
592.232712 3280
592.806536 3422
593.306838 2610
593.867195 3112
594.332528 2472
594.985974 4664
595.670196 3246
596.221042 3294
596.671037 2514
597.220523 3422
597.707265 2516
598.294676 2826
598.949928 2820
599.541495 2900
600.222909 3007
600.811887 2478
601.409388 2740
602.013699 2674
602.607195 2746
603.164595 2728
603.732483 2816
604.271858 2848
604.803189 2978
605.282759 2470
605.804854 2682
606.300475 2610
606.790728 2666
607.275958 2604
607.764626 2648
608.256838 2588
608.744783 2612
609.237106 2564
609.735001 2578
610.234411 2538
610.740207 2558
611.244625 2508
611.713393 2528
612.203942 2856
612.690422 2850
613.241251 3032
613.759919 2473
614.290332 2620
614.851799 2604
615.346834 2565
615.861886 2572
616.380108 2526
616.947076 2536
617.499792 2486
617.961091 2500
618.450422 2756
618.948737 2742
619.449721 2783
619.949537 2844
620.482503 3014
620.947981 2457
621.446525 2623
621.9487 2602
622.457258 2563
622.964458 2578
623.474783 2520
623.971799 2536
624.471024 2480
625.009468 2488
625.472912 2430
625.968019 2736
626.454218 2642
626.952551 2736
627.451528 2716
627.943093 2800
628.444807 2840
628.967893 2966
629.435505 2420
629.938576 2650
630.439158 2570
630.966387 2608
631.467271 2546
631.961899 2562
632.46125 2504
632.95079 2524
633.450562 2466
633.949661 2472
634.420116 2420
634.923339 2716
635.425615 2630
635.944994 2710
636.445894 2678
636.94191 2754
637.442618 2758
637.970377 2882
638.413085 2378
638.918637 2878
639.454922 2940
639.923721 2413
640.425255 2609
640.959574 2574
641.475054 2535
641.974481 2538
642.476014 2487
642.966156 2480
643.46238 2434
643.935774 2432
644.436912 2733
644.94406 2694
645.442468 2743
645.941898 2782
646.473023 2938
646.914785 2371
647.452722 3068
647.807365 2298
648.35599 4250
648.863669 2568
649.403545 3562
649.880171 2400
650.418605 3032
650.743218 2212
651.282492 4494
651.823693 3068
652.365013 2958
652.564064 1746
653.034051 3276
653.610292 5462
654.151038 4422
654.716549 3828
655.229339 3610
655.786549 4122
656.29375 2948
656.867147 3954
657.338167 2638
657.910615 3898
658.400035 2445
659.039529 3398
659.473352 2020
660.127318 3506
660.575598 2043
661.05671 1942
661.653895 2694
662.25774 2464
662.842516 2318
663.461114 2224
663.993829 1997
664.556673 2212
665.121423 1959
665.68292 2170
666.197415 1929
666.740932 2116
667.246449 1901
667.772437 2034
668.228784 1880
668.741245 2146
669.216251 1894
669.71638 2038
670.172495 1852
670.6232 1945
671.101453 2035
671.534937 1877
671.96404 1913
672.422934 2032
672.848424 1838
673.304935 1964
673.705181 1800
674.174212 1992
674.613324 1808
675.109723 2106
675.564879 1842
676.062996 1988
676.555796 1812
677.076216 1901
677.723901 1933
678.323703 1819
678.824119 2039
679.267636 1837
679.711043 1866
680.177991 1984
680.608096 1802
681.049393 1909
681.517246 1951
681.957429 1817
682.390493 1826
682.852663 1942
683.26034 1772
683.728968 1970
684.162844 1793
684.59978 1871
685.064993 1909
685.476907 1785
685.94486 1977
686.380612 1807
686.81278 1824
687.274492 1938
687.679855 1764
688.139747 1972
688.572787 1791
689.007959 1877
689.471545 1926
689.907207 1799
690.341149 1806
690.804385 1907
691.209326 1752
691.671992 1932
692.078319 1758
692.537797 1978
692.971031 1781
693.431942 1883
693.809709 1740
694.270533 2150
694.732579 1921
695.167777 1841
695.630517 1882
696.036558 1759
696.498385 1906
696.904015 1761
697.36451 1943
697.798044 1783
698.228312 1792
698.68778 1901
699.091217 1740
699.552431 1920
699.956014 1742
700.416525 1982
700.850033 1769
701.309749 1903
701.714727 1734
702.173924 1918
702.576182 1730
703.03424 1960
703.465942 1757
703.926075 1879
704.32896 1726
704.788859 1903
705.192939 1728
705.653679 1914
706.084044 1741
706.521272 1825
706.982097 1848
707.388613 1737
707.850173 1857
708.254425 1735
708.717821 1855
709.125516 1733
709.58682 1853
709.9935 1733
710.458036 1851
710.86367 1729
711.326639 1847
711.734132 1727
712.19654 1841
712.60333 1723
713.084144 1835
713.494342 1719
713.960287 1827
714.339777 1709
714.804822 2079
715.244634 1821
715.712263 1899
716.150516 1751
716.584089 1778
717.050337 1881
717.460801 1708
717.928452 1932
718.366205 1725
718.832471 1849
719.242368 1706
719.706984 1859
720.113854 1704
720.583022 1873
720.991129 1706
721.45612 1890
721.898694 1723
722.346416 1801
722.819797 1822
723.237534 1719
723.71187 1839
724.126691 1713
724.601848 1831
725.014946 1711
725.475899 1819
725.880848 1707
726.312475 1802
726.774022 1900
727.207612 1723
727.670892 1843
728.076816 1696
728.539193 1851
728.94471 1694
729.406533 1869
729.811417 1694
730.272658 1884
730.709003 1707
731.14756 1793
731.609494 1818
732.017492 1705
732.484859 1833
732.891288 1703
733.354783 1831
733.763103 1703
734.227761 1829
734.634881 1703
735.101586 1829
735.510025 1703
735.97154 1833
736.378577 1703
736.840107 1841
737.246888 1703
737.713543 1847
738.121639 1705
738.587602 1861
739.036553 1721
739.526978 1722
739.991405 1827
740.401671 1680
740.865773 1845
741.277737 1682
741.776145 1863
742.216485 1697
742.655998 1773
743.1223 1783
743.535067 1683
744.003723 1800
744.418896 1679
744.859157 1772
745.326457 1880
745.764577 1701
746.207862 1797
746.677301 1828
747.11821 1713
747.557793 1726
748.033674 1817
748.449507 1672
748.918757 1831
749.32906 1668
749.803155 1851
750.247888 1687
750.694364 1759
751.162345 1779
751.575371 1669
752.045253 1796
752.459054 1661
752.930866 1771
753.318375 1659
753.791375 1945
754.23481 1743
754.705934 1789
755.118999 1665
755.592755 1787
756.00646 1661
756.452365 1760
756.931496 1857
757.378026 1681
757.825685 1769
758.309032 1802
758.733421 1675
759.210758 1840
759.66334 1693
760.116609 1706
760.599912 1787
761.023069 1664
761.503234 1791
761.90232 1662
762.381848 1980
762.828811 1723
763.311391 1854
763.769624 1679
764.259811 1771
764.656725 1656
765.145312 1942
765.60321 1713
766.090663 1825
766.544245 1669
767.003278 1737
767.493209 1757
767.949956 1651
768.497624 1753
768.89853 1647
769.390693 1904
769.854388 1715
770.346045 1751
770.747767 1645
771.239759 1913
771.696314 1717
772.198984 1749
772.601811 1643
773.096649 1935
773.5669 1731
774.062397 1775
774.494472 1655
774.988914 1775
775.423872 1651
775.916561 1746
776.32088 1639
776.811773 1887
777.278037 1707
777.745902 1740
778.242388 1835
778.708699 1657
779.173287 1745
779.666388 1757
780.10288 1647
780.600335 1774
781.03854 1645
781.538834 1745
781.964547 1631
782.463412 1896
782.94601 1707
783.444245 1737
783.855725 1629
784.354526 1901
784.824467 1707
785.367941 1741
785.776892 1631
786.282885 1907
786.755689 1711
787.256719 1753
787.705572 1643
788.213433 1737
788.625793 1631
789.135999 1877
789.621708 1689
790.105712 1716
790.630418 1805
791.127768 1647
791.650066 1713
792.173591 1718
792.733124 1821
793.254344 1645
793.771881 1723
794.325128 1739
794.81443 1637
795.362524 1733
795.801626 1623
796.342981 1870
796.830399 1685
797.323626 1706
797.857721 1803
798.328692 1640
798.862667 1827
799.361485 1647
799.844323 1723
800.331685 1741
800.761648 1635
801.233345 1743
801.613698 1627
802.143303 1882
802.594268 1693
803.027953 1718
803.499256 1825
803.961877 1645
804.403587 1721
804.881902 1739
805.286692 1635
805.751084 1741
806.128877 1623
806.599628 1882
807.044196 1689
807.476587 1712
807.936374 1819
808.368504 1639
808.802526 1715
809.26358 1729
809.67157 1627
810.135491 1721
810.516473 1613
810.984226 1854
811.424412 1673
811.869077 1688
812.346464 1785
812.767464 1628
813.273454 1789
813.69023 1630
814.166263 1809
814.612502 1639
815.0667 1693
815.544549 1711
815.97184 1611
816.429297 1703
816.915071 1793
817.375603 1629
817.840035 1687
818.336537 1705
818.774778 1611
819.243391 1689
819.743404 1785
820.175434 1626
820.667398 1807
821.129917 1641
821.592515 1693
822.087967 1707
822.524659 1609
822.990788 1701
823.503533 1793
823.978891 1629
824.456017 1685
824.916922 1697
825.413907 1793
825.859416 1629
826.307868 1685
826.784326 1703
827.177522 1607
827.659719 1862
828.11017 1671
828.568984 1686
829.051905 1783
829.468797 1622
829.964111 1799
830.434962 1637
830.883624 1689
831.377236 1701
831.770465 1603
832.247398 1862
832.693931 1663
833.144096 1685
833.618894 1779
834.034749 1622
834.508907 1795
834.9557 1635
835.409637 1687
835.859289 1691
836.337056 1783
836.783278 1629
837.234274 1679
837.682135 1685
838.162367 1779
838.57979 1622
839.055887 1799
839.503984 1637
839.955807 1683
840.403847 1695
840.888467 1791
841.340398 1629
841.796059 1683
842.278317 1699
842.673626 1603
843.16083 1852
843.616651 1653
844.075101 1671
844.562582 1759
844.985981 1609
845.478406 1767
845.903544 1607
846.395831 1765
846.820268 1607
847.305485 1761
847.727851 1603
848.209788 1747
848.631738 1601
849.116632 1739
849.542074 1597
850.027203 1725
850.427789 1594
850.909919 1824
851.368191 1641
851.854603 1721
852.254923 1594
852.743354 1842
853.2005 1643
853.687918 1733
854.110293 1597
854.593678 1719
854.985453 1597
855.468961 1801
855.921072 1635
856.377668 1693
856.85724 1723
857.283849 1603
857.763245 1707
858.168562 1587
858.659775 1820
859.129494 1629
859.64436 1643
860.143986 1723
860.546162 1593
861.040796 1822
861.500094 1635
861.983344 1713
862.376199 1591
862.85495 1804
863.296273 1631
863.745978 1703
864.221153 1744
864.642668 1599
865.121424 1736
865.548306 1591
866.024338 1689
866.418558 1581
866.902034 1788
867.326709 1595
867.808472 1728
868.233266 1587
868.681158 1673
869.16644 1763
869.613956 1615
870.064664 1641
870.516413 1649
870.996622 1739
871.417741 1587
871.907839 1731
872.331024 1587
872.811118 1713
873.202988 1577
873.684761 1783
874.137132 1621
874.588478 1669
875.064664 1691
875.489223 1579
875.975144 1665
876.481359 1753
876.942966 1605
877.394993 1629
877.846051 1637
878.35202 1723
878.789323 1577
879.308962 1705
879.734237 1571
880.21249 1788
880.658635 1617
881.1072 1667
881.579227 1703
881.997558 1571
882.468433 1681
882.861486 1559
883.340109 1776
883.763272 1573
884.260376 1710
884.754261 1567
885.238315 1647
885.722866 1731
886.18675 1575
886.772801 1735
887.251066 1567
887.809657 1721
888.286259 1567
888.808499 1699
889.194622 1561
889.67141 1798
890.112532 1613
890.604962 1677
890.990574 1557
891.46591 1761
891.908193 1589
892.355755 1627
892.80268 1627
893.28003 1713
893.69753 1561
894.171267 1701
894.583505 1557
895.036204 1665
895.513871 1695
895.934801 1557
896.410943 1679
896.801526 1545
897.27864 1758
897.700665 1557
898.178717 1694
898.569904 1543
899.052302 1796
899.502872 1587
899.948664 1609
900.39609 1653
900.868192 1691
901.284017 1555
901.758543 1653
902.146623 1541
902.622314 1706
903.046106 1549
903.497889 1633
903.982351 1707
904.405254 1553
904.888225 1691
905.281033 1547
905.764192 1776
906.220123 1593
906.67139 1643
907.149041 1671
907.578302 1541
908.031362 1631
908.514103 1709
908.934616 1545
909.419956 1697
909.839896 1541
910.292733 1653
910.771202 1685
911.197299 1541
911.677529 1649
912.071113 1533
912.55023 1692
912.944665 1533
913.424604 1778
913.843977 1549
914.323914 1706
914.746699 1541
915.199672 1619
915.682234 1693
916.104154 1541
916.593638 1671
916.987342 1529
917.46877 1723
917.89213 1541
918.37161 1687
918.790036 1531
919.238983 1639
919.714616 1667
920.13429 1527
920.580441 1623
921.058958 1695
921.475552 1533
921.976689 1685
922.39421 1525
922.845755 1629
923.3197 1649
923.737743 1525
924.18374 1607
924.666043 1675
925.089189 1529
925.544088 1635
926.023198 1663
926.444734 1523
926.883078 1611
927.333771 1689
927.727492 1523
928.177508 1667
928.546122 1517
928.997126 1711
929.410863 1529
929.872116 1679
930.269929 1523
930.70279 1621
931.157496 1647
931.559593 1519
931.989121 1603
932.47036 1669
932.886721 1521
933.331684 1621
933.795369 1645
934.214472 1517
934.666511 1599
935.138287 1663
935.545426 1517
935.984561 1611
936.449923 1635
936.835231 1517
937.303771 1734
937.717505 1523
938.182673 1637
938.573999 1513
939.050136 1662
939.440889 1515
939.943099 1706
940.367253 1525
940.817968 1603
941.298222 1671
941.716648 1521
942.164891 1623
942.640882 1649
943.063886 1517
943.517219 1603
944.00276 1671
944.422945 1521
944.872793 1625
945.350018 1649
945.771891 1517
946.221623 1601
946.699993 1673
947.119199 1519
947.568507 1625
948.046839 1649
948.469266 1517
948.919331 1599
949.397314 1673
949.831739 1519
950.283518 1617
950.757017 1647
951.175344 1515
951.616527 1589
952.088224 1655
952.471 1509
952.943143 1731
953.381278 1539
953.818813 1571
954.25602 1583
954.72578 1647
955.111018 1507
955.581451 1699
955.994227 1515
956.463355 1657
956.846894 1507
957.313967 1705
957.730182 1515
958.19998 1661
958.584016 1507
959.057094 1729
959.498633 1537
959.942091 1565
960.383987 1573
960.857493 1637
961.241657 1505
961.733299 1687
962.14704 1511
962.615766 1633
962.998804 1501
963.468148 1657
963.853567 1501
964.356883 1705
964.772665 1511
965.246846 1663
965.665989 1505
966.112514 1599
966.59034 1633
967.007734 1501
967.457036 1567
967.903475 1607
968.37824 1653
968.798829 1505
969.244665 1585
969.727794 1659
970.144205 1497
970.592827 1593
971.069164 1617
971.459054 1497
971.930676 1700
972.348014 1509
972.787092 1575
973.259717 1637
973.650016 1495
974.131059 1687
974.551106 1501
975.030045 1633
975.41904 1493
975.901919 1653
976.293847 1495
976.774292 1699
977.191449 1501
977.667977 1651
978.056415 1495
978.530647 1707
978.945529 1503
979.419875 1661
979.83535 1499
980.283933 1595
980.756626 1615
981.146421 1497
981.623438 1716
982.041622 1507
982.484657 1585
982.95974 1657
983.377377 1499
983.82928 1597
984.302477 1613
984.693508 1497
985.170699 1712
985.588556 1507
986.039019 1575
986.518142 1643
986.913181 1499
987.450953 1707
987.877547 1503
988.368662 1663
988.793914 1499
989.251197 1595
989.739795 1613
990.139782 1495
990.634197 1710
991.058239 1501
991.52982 1571
992.043641 1641
992.433187 1493
992.912791 1699
993.326245 1497
993.798006 1651
994.181647 1489
994.648866 1697
995.062484 1495
995.535638 1651
995.95034 1489
996.476358 1697
996.916224 1495
997.389032 1645
997.783095 1489
998.34231 1677
998.757132 1489
999.23177 1617
999.58977 1481
1000.062968 1758
1000.503067 1533
1000.946612 1589
1001.414004 1613
1001.798965 1489
1002.270621 1700
1002.684835 1497
1003.126475 1567
1003.597561 1631
1003.980792 1489
1004.448546 1669
1004.859378 1491
1005.326977 1615
1005.681695 1477
1006.146497 1740
1006.58571 1529
1007.024506 1579
1007.4613 1577
1007.926962 1661
1008.334944 1491
1008.784742 1605
1009.251209 1619
1009.659236 1489
1010.094405 1553
1010.560747 1619
1010.940234 1481
1011.403024 1647
1011.781377 1479
1012.245589 1661
1012.651426 1489
1013.086846 1593
1013.547059 1613
1013.955682 1487
1014.391162 1537
1014.829317 1581
1015.294116 1605
1015.67587 1487
1016.140854 1672
1016.521677 1481
1016.986896 1650
1017.34251 1473
1017.810627 1760
1018.219085 1501
1018.685004 1641
1019.073866 1473
1019.509589 1583
1019.974526 1655
1020.380374 1481
1020.843328 1607
1021.194719 1469
1021.657132 1730
1022.089762 1519
1022.522785 1567
1022.955925 1571
1023.417568 1651
1023.822575 1483
1024.258696 1575
1024.718976 1591
1025.099237 1477
1025.563137 1656
1025.947784 1471
1026.386897 1597
1026.856681 1663
1027.269276 1483
1027.739664 1631
1028.125663 1475
1028.598683 1641
1028.98738 1475
1029.462385 1683
1029.879544 1481
1030.354708 1607
1030.749009 1471
1031.221378 1607
1031.577298 1457
1032.048072 1742
1032.486997 1513
1032.927193 1561
1033.366501 1569
1033.836863 1643
1034.248421 1469
1034.68933 1569
1035.155169 1597
1035.539846 1465
1036.008166 1670
1036.394319 1457
1036.860731 1639
1037.218483 1455
1037.687222 1718
1038.095288 1475
1038.530658 1533
1038.997098 1587
1039.376157 1459
1039.842107 1613
1040.225758 1457
1040.692227 1599
1041.046231 1453
1041.512673 1742
1041.948608 1513
1042.38857 1559
1042.849936 1585
1043.230238 1461
1043.692316 1639
1044.044575 1453
1044.510119 1744
1044.918782 1471
1045.353231 1579
1045.81792 1637
1046.226628 1461
1046.69115 1585
1047.044236 1447
1047.507866 1683
1047.942092 1489
1048.377785 1505
1048.812453 1507
1049.250482 1541
1049.685989 1537
1050.149923 1607
1050.557171 1457
1050.992664 1523
1051.426843 1517
1051.890632 1577
1052.270096 1445
1052.734237 1583
1053.084198 1443
1053.547405 1710
1053.980291 1495
1054.412682 1525
1054.84469 1529
1055.306542 1587
1055.68463 1447
1056.149982 1617
1056.528248 1445
1056.990626 1643
1057.395684 1457
1057.829744 1553
1058.291283 1575
1058.669168 1451
1059.131084 1640
1059.510295 1443
1059.942419 1549
1060.406046 1621
