time nnz
0.014363 40
0.020123 80
0.026711 120
0.034309 159
0.04198 196
0.050742 232
0.059479 269
0.06896 307
0.078458 345
0.090113 373
0.101913 406
0.114407 439
0.126867 473
0.139138 504
0.158317 530
0.173694 550
0.191079 587
0.206852 627
0.223101 663
0.239081 695
0.254701 717
0.271449 717
0.287282 740
0.304726 763
0.322321 790
0.339273 817
0.356491 830
0.374288 830
0.392345 838
0.409584 868
0.42714 905
0.446155 939
0.465268 968
0.483978 959
0.502456 956
0.52314 983
0.542902 991
0.562447 1015
0.580414 1042
0.5989 1055
0.618015 1031
0.638139 1070
0.657604 1086
0.678629 1104
0.700016 1133
0.720117 1165
0.740732 1183
0.761355 1165
0.788074 1194
0.809252 1169
0.830539 1143
0.851352 1169
0.872664 1185
0.892955 1204
0.91374 1213
0.933738 1146
0.953464 1115
0.971996 1124
0.990957 1143
1.009219 1164
1.029734 1178
1.050537 1201
