time nnz
0.015279 40
0.021049 80
0.027604 120
0.033993 159
0.041438 197
0.050526 231
0.059233 265
0.069129 299
0.078861 332
0.089804 357
0.101329 388
0.114032 407
0.126609 422
0.138423 437
0.151504 461
0.166275 497
0.180865 532
0.194782 565
0.209399 585
0.224002 590
0.238508 596
0.25269 608
0.268184 627
0.283468 653
0.299141 680
0.31498 700
0.330616 683
0.348465 720
0.366411 735
0.384313 754
0.402133 769
0.419306 771
0.437385 722
0.453979 721
0.470616 731
0.486994 760
0.503055 770
0.519759 769
0.535925 721
0.550935 705
0.566217 715
0.58197 734
0.599362 760
0.616334 782
0.632361 788
0.648061 742
0.662489 700
0.678266 729
0.734175 758
0.75136 787
0.766894 756
0.781878 746
0.796341 733
0.811603 724
