nnz time
0.034086 40
0.051824 80
0.073136 120
0.092135 158
0.113488 197
0.136425 234
0.160513 267
0.188967 306
0.217456 340
0.24951 370
0.279564 399
0.311701 435
0.347427 464
0.379747 495
0.417711 524
0.457765 559
0.499381 592
0.542231 626
0.580848 641
0.622689 649
0.672764 687
0.717901 718
0.761415 751
0.806482 783
0.851109 798
0.895648 810
0.945593 846
0.997723 883
1.046196 903
1.097227 932
1.148551 956
1.197011 945
1.248271 975
1.297627 967
1.35075 991
1.402182 1016
1.461492 1024
1.513967 1064
1.571702 1050
1.627809 1046
1.678617 1074
1.731518 1103
1.788487 1099
1.844916 1134
1.899553 1095
1.952536 1128
2.006097 1155
2.064763 1175
2.119097 1162
2.170088 1104
2.226207 1124
2.279249 1109
2.333584 1117
2.384183 1137
2.435287 1150
2.488035 1160
2.541903 1156
2.592711 1155
2.645644 1177
2.699063 1197
2.751084 1206
2.807922 1174
2.857946 1157
2.91391 1191
2.967917 1196
3.02064 1216
3.074444 1234
3.127536 1241
3.182955 1229
3.234991 1217
3.284808 1221
3.338013 1239
3.388447 1236
3.439994 1253
3.490564 1252
3.540593 1230
