40 0.035549
80 0.047525
120 0.063136
160 0.080702
197 0.101175
231 0.133747
265 0.162344
303 0.194887
338 0.233401
359 0.27225
389 0.310775
411 0.349094
442 0.390948
480 0.434181
513 0.477948
546 0.52144
548 0.56595
539 0.611316
577 0.661007
609 0.700764
637 0.74004
665 0.777127
667 0.81885
668 0.859961
700 0.903641
740 0.952724
772 0.998871
789 1.045444
781 1.091461
811 1.138721
787 1.185428
795 1.234617
805 1.281581
826 1.326225
849 1.367396
870 1.410813
849 1.451874
788 1.493053
812 1.54047
822 1.585673
858 1.629198
885 1.678253
838 1.72606
786 1.771292
783 1.812298
804 1.859643
817 1.906057
817 1.9565
797 2.002488
815 2.044193
793 2.085039
815 2.128862
848 2.177256
855 2.224483
833 2.273494
777 2.31933
792 2.362877
770 2.401299
