nnz time
0.612891 8760
0.851315 8754
1.078939 8752
1.308374 8636
1.537578 8463
1.766038 8168
1.994691 7980
2.230693 7772
2.472468 7360
2.699032 7294
2.924053 7106
3.146986 6992
3.388423 6646
3.611936 6624
3.829571 6534
4.033513 5953
4.240453 5586
4.429588 5064
4.608153 4971
4.778131 4602
4.943488 4427
5.101734 4163
5.2488 3933
5.389404 3708
5.524057 3205
5.662144 3163
5.787157 3033
5.899972 2890
6.008771 2770
6.110081 2505
6.210912 2285
6.30434 2225
6.394407 2136
6.483265 2086
6.570285 2038
6.655621 1997
6.737805 1918
6.823285 1875
6.901945 1827
