time train-error
0.129402 0.09750000000000003
0.179599 0.09750000000000003
0.231069 0.09499999999999997
0.283139 0.07374999999999998
0.335668 0.03874999999999995
0.38919 0.018750000000000044
0.443623 0.008750000000000036
0.539684 0.0
0.634506 0.0
0.691984 0.0
0.750137 0.0
0.845155 0.0
0.940246 0.0
0.997675 0.0
1.093655 0.0
1.227403 0.0
1.284678 0.0
1.417104 0.0
1.475472 0.0
1.578641 0.0
1.644526 0.0
1.703256 0.0
1.761872 0.0
1.820614 0.0
1.879359 0.0
1.938169 0.0
1.996942 0.0
2.055664 0.0
2.114371 0.0
2.173079 0.0
2.231773 0.0
2.290396 0.0
2.348911 0.0
2.407635 0.0
2.466392 0.0
2.525485 0.0
2.584199 0.0
2.643094 0.0
2.701967 0.0
2.760934 0.0
