time train-error
0.218603 0.09750000000000003
0.401227 0.022499999999999964
0.600543 0.08999999999999997
0.782846 0.010000000000000009
0.979274 0.04125000000000001
1.14547 0.012499999999999956
1.325067 0.043749999999999956
1.504652 0.015000000000000013
1.675913 0.03125
1.84032 0.0050000000000000044
2.004079 0.025000000000000022
2.168613 0.0024999999999999467
2.332371 0.018750000000000044
2.481584 0.0012499999999999734
2.646937 0.011249999999999982
2.798119 0.0012499999999999734
2.947683 0.012499999999999956
3.096503 0.0
3.259333 0.003750000000000031
3.380133 0.0
3.54266 0.0012499999999999734
3.643265 0.0050000000000000044
3.806361 0.0
3.901275 0.0
4.052215 0.0
4.174812 0.0
4.311169 0.0
4.446851 0.0
4.581957 0.0
4.704648 0.0
4.841502 0.0
4.949713 0.0
5.084005 0.0
5.204596 0.0
5.325324 0.0
5.461183 0.0
5.568226 0.0
5.706711 0.0
5.817016 0.0
5.955472 0.0
6.051392 0.0
6.186092 0.0
6.279077 0.0
6.414077 0.0
6.494754 0.0
6.630027 0.0
6.696204 0.0
6.83007 0.0
6.936869 0.0
7.057324 0.0
7.177634 0.0
7.300181 0.0
7.423275 0.0
7.552724 0.0
7.676172 0.0
7.796921 0.0
7.903996 0.0
8.025326 0.0
8.132796 0.0
8.253378 0.0
8.360758 0.0
8.48216 0.0
8.589707 0.0
8.715003 0.0
8.808434 0.0
8.929796 0.0
9.051312 0.0
9.159075 0.0
9.279682 0.0
9.372519 0.0
9.492811 0.0
9.600962 0.0
9.72192 0.0
9.82898 0.0
9.93819 0.0
10.061466 0.0
10.170783 0.0
10.294749 0.0
10.389064 0.0
10.51303 0.0
10.622821 0.0
10.746652 0.0
10.842442 0.0
10.964123 0.0
11.073853 0.0
11.183426 0.0
11.30707 0.0
11.402468 0.0
11.52392 0.0
11.631715 0.0
11.738579 0.0
11.85965 0.0
11.953337 0.0
12.074487 0.0
12.181454 0.0
12.289018 0.0
12.409094 0.0
12.510842 0.0
12.644407 0.0
12.747311 0.0
12.880889 0.0
12.968505 0.0
13.101971 0.0
13.220334 0.0
13.338617 0.0
13.472401 0.0
13.575524 0.0
13.709119 0.0
13.812222 0.0
13.945752 0.0
14.048488 0.0
14.169201 0.0
14.262988 0.0
14.385478 0.0
14.478978 0.0
14.599366 0.0
14.692411 0.0
14.799528 0.0
14.920599 0.0
15.014206 0.0
15.135432 0.0
15.215426 0.0
15.336762 0.0
15.430555 0.0
15.544519 0.0
15.665925 0.0
15.759286 0.0
15.880233 0.0
15.960124 0.0
16.080975 0.0
16.176491 0.0
16.297376 0.0
16.392484 0.0
16.501446 0.0
16.609931 0.0
16.731776 0.0
16.826807 0.0
16.950092 0.0
17.031176 0.0
17.153335 0.0
17.233218 0.0
17.354441 0.0
17.448728 0.0
17.569854 0.0
17.649488 0.0
17.770431 0.0
17.863919 0.0
17.9859 0.0
18.066143 0.0
18.187873 0.0
18.280818 0.0
18.387628 0.0
18.508903 0.0
18.588775 0.0
18.70933 0.0
18.78894 0.0
18.914102 0.0
18.996773 0.0
19.121918 0.0
19.204387 0.0
19.329944 0.0
19.41251 0.0
19.537909 0.0
19.604916 0.0
19.728031 0.0
19.823209 0.0
19.93055 0.0
20.037456 0.0
20.158 0.0
20.223608 0.0
20.344281 0.0
20.424235 0.0
20.544596 0.0
20.611235 0.0
20.732943 0.0
20.813666 0.0
20.921829 0.0
21.044336 0.0
21.111244 0.0
21.232654 0.0
21.312746 0.0
21.435278 0.0
21.503605 0.0
21.629153 0.0
21.711714 0.0
21.822837 0.0
21.933908 0.0
22.059552 0.0
22.127517 0.0
22.235784 0.0
22.343521 0.0
22.464172 0.0
22.530637 0.0
22.657094 0.0
22.738349 0.0
22.89009 0.0
22.98924 0.0
23.123405 0.0
23.257657 0.0
23.391704 0.0
23.526237 0.0
23.678661 0.0
23.742213 0.0
23.894517 0.0
24.011082 0.0
24.14508 0.0
24.278933 0.0
24.413177 0.0
24.547471 0.0
24.699853 0.0
24.763514 0.0
24.915577 0.0
25.032176 0.0
25.166489 0.0
25.300693 0.0
25.434722 0.0
25.56888 0.0
25.703084 0.0
25.837217 0.0
25.971349 0.0
26.10556 0.0
26.257163 0.0
26.320841 0.0
26.472721 0.0
26.58926 0.0
26.723159 0.0
26.857357 0.0
26.991498 0.0
27.125442 0.0
27.259407 0.0
27.394107 0.0
27.528642 0.0
27.663232 0.0
27.797768 0.0
27.932204 0.0
28.084128 0.0
28.165371 0.0
28.317156 0.0
28.380786 0.0
28.532831 0.0
28.631762 0.0
28.765983 0.0
28.900124 0.0
29.026375 0.0
29.078806 0.0
29.200852 0.0
29.281404 0.0
29.389486 0.0
29.498726 0.0
29.620589 0.0
29.672299 0.0
29.793148 0.0
29.873126 0.0
29.980405 0.0
30.088568 0.0
30.210284 0.0
30.262673 0.0
30.383526 0.0
30.463171 0.0
30.57026 0.0
30.678576 0.0
30.799634 0.0
30.851851 0.0
30.973777 0.0
31.053551 0.0
31.160608 0.0
31.268041 0.0
31.395465 0.0
31.462338 0.0
31.585142 0.0
31.63793 0.0
31.760636 0.0
31.841545 0.0
31.95242 0.0
32.062961 0.0
32.187758 0.0
32.255507 0.0
32.366069 0.0
32.489658 0.0
32.555269 0.0
32.662047 0.0
32.782759 0.0
32.849278 0.0
32.959515 0.0
33.083464 0.0
33.149294 0.0
33.256162 0.0
33.377175 0.0
33.443973 0.0
33.56653 0.0
33.632455 0.0
33.741224 0.0
33.863139 0.0
33.929652 0.0
34.037775 0.0
34.15868 0.0
34.224856 0.0
34.333693 0.0
34.45842 0.0
34.538974 0.0
34.646846 0.0
34.754629 0.0
34.86364 0.0
34.973127 0.0
35.082517 0.0
35.205857 0.0
35.273283 0.0
35.381547 0.0
35.503415 0.0
35.569739 0.0
35.69194 0.0
35.759216 0.0
35.867726 0.0
35.990205 0.0
36.057711 0.0
36.178341 0.0
36.245792 0.0
36.368832 0.0
36.435353 0.0
36.544198 0.0
36.666247 0.0
36.73232 0.0
36.839082 0.0
36.961002 0.0
37.027461 0.0
37.13673 0.0
37.259021 0.0
37.3258 0.0
37.43323 0.0
37.555991 0.0
37.63717 0.0
37.746322 0.0
37.855277 0.0
37.965103 0.0
38.072296 0.0
38.18075 0.0
38.302596 0.0
38.369565 0.0
38.477775 0.0
38.600017 0.0
38.668626 0.0
38.793888 0.0
38.847684 0.0
38.973059 0.0
39.055491 0.0
39.166527 0.0
39.277479 0.0
39.397954 0.0
39.465246 0.0
39.587979 0.0
39.640849 0.0
39.763596 0.0
39.844662 0.0
39.953362 0.0
40.06015 0.0
40.181904 0.0
40.248446 0.0
40.356793 0.0
40.480063 0.0
40.546401 0.0
40.653847 0.0
40.775413 0.0
40.841171 0.0
40.963862 0.0
41.030313 0.0
41.138633 0.0
41.260584 0.0
41.327163 0.0
41.43682 0.0
41.565795 0.0
41.635614 0.0
41.749764 0.0
41.878722 0.0
41.948483 0.0
42.062482 0.0
42.176636 0.0
42.305562 0.0
42.375364 0.0
42.489667 0.0
42.610486 0.0
42.677488 0.0
42.787558 0.0
42.911795 0.0
42.979398 0.0
43.089462 0.0
43.199582 0.0
43.320962 0.0
43.387824 0.0
43.49566 0.0
43.616623 0.0
43.683215 0.0
43.790933 0.0
43.913307 0.0
43.981091 0.0
44.09149 0.0
44.201709 0.0
44.326376 0.0
44.394157 0.0
44.503542 0.0
44.611075 0.0
44.73235 0.0
44.798367 0.0
44.905883 0.0
45.012979 0.0
45.133824 0.0
45.199809 0.0
45.307296 0.0
45.429238 0.0
45.481359 0.0
45.602585 0.0
45.683465 0.0
45.791317 0.0
45.899741 0.0
46.007146 0.0
46.119038 0.0
46.245524 0.0
46.299846 0.0
46.426409 0.0
46.509524 0.0
46.621496 0.0
46.733525 0.0
46.844645 0.0
46.976311 0.0
47.131888 0.0
47.197562 0.0
47.35381 0.0
47.455576 0.0
47.593552 0.0
47.731557 0.0
47.86957 0.0
48.007315 0.0
48.163405 0.0
48.228524 0.0
48.384594 0.0
48.486571 0.0
48.624295 0.0
48.761864 0.0
48.899714 0.0
49.037353 0.0
49.193212 0.0
49.258461 0.0
49.414339 0.0
49.515783 0.0
49.653719 0.0
49.791618 0.0
49.929396 0.0
50.067013 0.0
50.204664 0.0
50.36046 0.0
50.42554 0.0
50.581385 0.0
50.682874 0.0
50.820405 0.0
50.958176 0.0
51.095842 0.0
51.233754 0.0
51.390076 0.0
51.455384 0.0
51.611586 0.0
51.713217 0.0
51.851277 0.0
51.989199 0.0
52.126911 0.0
52.264893 0.0
52.420817 0.0
52.486012 0.0
52.641929 0.0
52.743224 0.0
52.880793 0.0
53.018372 0.0
53.155964 0.0
53.293852 0.0
53.449987 0.0
53.515084 0.0
53.671014 0.0
53.772385 0.0
53.910107 0.0
54.04761 0.0
54.185657 0.0
54.323558 0.0
54.479324 0.0
54.544365 0.0
54.700298 0.0
54.801803 0.0
54.939604 0.0
55.077276 0.0
55.215014 0.0
55.353386 0.0
55.5096 0.0
55.574949 0.0
55.730758 0.0
55.83202 0.0
55.969734 0.0
56.107171 0.0
56.244996 0.0
56.382845 0.0
56.538786 0.0
56.603973 0.0
56.7599 0.0
56.861502 0.0
56.99935 0.0
57.137389 0.0
57.275278 0.0
57.413133 0.0
57.568892 0.0
57.633865 0.0
57.789673 0.0
57.891158 0.0
58.028761 0.0
58.166506 0.0
58.303181 0.0
58.412824 0.0
58.534228 0.0
58.586755 0.0
58.70963 0.0
58.790091 0.0
58.898183 0.0
59.006025 0.0
59.116033 0.0
59.229574 0.0
59.357914 0.0
59.412864 0.0
59.541037 0.0
59.625221 0.0
59.738615 0.0
59.851858 0.0
59.965201 0.0
60.074978 0.0
60.196684 0.0
60.248963 0.0
60.370363 0.0
60.449976 0.0
60.558317 0.0
60.666607 0.0
60.77477 0.0
60.882528 0.0
61.004486 0.0
61.056688 0.0
61.17805 0.0
61.257875 0.0
61.365265 0.0
61.472221 0.0
61.580353 0.0
61.687432 0.0
61.807924 0.0
61.860645 0.0
61.982339 0.0
62.064275 0.0
62.171992 0.0
62.279372 0.0
62.386694 0.0
62.494782 0.0
62.6034 0.0
62.72629 0.0
62.77907 0.0
62.901394 0.0
62.982032 0.0
63.090263 0.0
63.203959 0.0
63.312563 0.0
63.420038 0.0
63.542253 0.0
63.594579 0.0
63.715791 0.0
63.796232 0.0
63.903766 0.0
64.011522 0.0
64.118377 0.0
64.225023 0.0
64.346264 0.0
64.398158 0.0
64.520071 0.0
64.599748 0.0
64.707783 0.0
64.814866 0.0
64.921374 0.0
65.028472 0.0
65.150858 0.0
65.203368 0.0
65.325213 0.0
65.406734 0.0
65.515943 0.0
65.624923 0.0
65.734185 0.0
65.841946 0.0
65.962691 0.0
66.014552 0.0
66.135312 0.0
66.216384 0.0
66.324847 0.0
66.433229 0.0
66.541 0.0
66.648334 0.0
66.756685 0.0
66.880665 0.0
66.948019 0.0
67.058547 0.0
67.168889 0.0
67.291176 0.0
67.357592 0.0
67.464914 0.0
67.586111 0.0
67.638602 0.0
67.760196 0.0
67.840548 0.0
67.951225 0.0
68.063289 0.0
68.175221 0.0
68.286962 0.0
68.398825 0.0
68.525404 0.0
68.57965 0.0
68.70616 0.0
68.78758 0.0
68.895329 0.0
69.003116 0.0
69.111139 0.0
69.232646 0.0
69.285608 0.0
69.407872 0.0
69.487983 0.0
69.610181 0.0
69.648758 0.0
69.770314 0.0
69.865249 0.0
69.98829 0.0
70.027202 0.0
70.150387 0.0
70.231306 0.0
70.339518 0.0
70.446026 0.0
70.566579 0.0
70.605105 0.0
70.726072 0.0
70.805655 0.0
70.9266 0.0
70.992255 0.0
71.114089 0.0
71.167135 0.0
71.289624 0.0
71.355733 0.0
71.477408 0.0
71.543474 0.0
71.650653 0.0
71.75838 0.0
71.880454 0.0
71.947319 0.0
72.069753 0.0
72.122542 0.0
72.244632 0.0
