time train-error
0.005652 0.12250000000000005
0.008879 0.07999999999999996
0.012127 0.05125000000000002
0.01541 0.050000000000000044
0.018765 0.040000000000000036
0.02209 0.03500000000000003
0.0253 0.028750000000000053
0.028496 0.022499999999999964
0.031768 0.016249999999999987
0.035066 0.012499999999999956
0.037505 0.006249999999999978
0.039873 0.011249999999999982
0.042184 0.003750000000000031
0.044514 0.0050000000000000044
0.046857 0.006249999999999978
0.04919 0.0024999999999999467
0.051464 0.0024999999999999467
0.053781 0.0012499999999999734
0.056141 0.0
0.058384 0.0
0.060722 0.0
0.063101 0.0
0.065383 0.0
0.067646 0.0
0.069951 0.0012499999999999734
0.072318 0.0
0.074611 0.0
0.076867 0.0
0.079098 0.0
0.081333 0.0
0.08361 0.0
0.085883 0.0
0.088153 0.0
0.090437 0.0
0.092759 0.0
0.094953 0.0
