time train-error
0.01048 0.18374999999999997
0.018447 0.15249999999999997
0.025997 0.06499999999999995
0.033432 0.04249999999999998
0.040717 0.02375000000000005
0.048141 0.022499999999999964
0.055566 0.011249999999999982
0.063046 0.006249999999999978
0.070637 0.0
0.078391 0.0
0.08522 0.0
0.09209 0.0
0.098919 0.0
0.105791 0.0
0.112665 0.0
0.119419 0.0
0.126296 0.0
0.133151 0.0
0.140103 0.0
0.146848 0.0
0.153693 0.0
0.160433 0.0012499999999999734
0.167148 0.0
0.173873 0.0
0.180775 0.0
0.187643 0.0
