time nnz
25.745644 379428
37.136573 388060
58.923396 387742
79.058874 387810
99.949912 387652
121.540028 387478
142.470872 387408
163.022859 387278
185.983049 387232
207.723239 387124
229.258023 387128
246.746416 386394
262.840072 386172
278.254885 385346
295.328462 385628
313.315134 385620
328.550138 385984
344.448119 385980
361.178513 386156
377.611313 386172
393.25592 386440
408.716411 386524
424.034389 386624
441.226652 386760
457.518767 386928
473.431015 387016
488.964829 387280
504.712852 387438
519.830445 387686
535.214257 387952
550.740547 388260
566.011435 388518
581.384231 388806
596.885371 389002
612.02427 389320
627.391111 389550
643.237535 390024
662.913181 390286
688.500658 390524
711.13973 390764
730.514247 391140
750.625001 391418
768.166248 391658
785.305415 391988
802.654856 392284
821.944812 392552
835.808038 392504
848.991939 392904
862.287621 393052
875.231959 393234
887.619841 393478
899.417869 393624
912.877909 393720
927.339529 393926
941.031878 394000
952.768852 394028
963.748384 394120
974.859252 394160
986.161298 394308
999.391423 394256
1013.085804 394240
1023.658162 394350
1035.707454 394354
1047.212072 394358
1059.549724 394104
1072.287259 393944
1085.247508 393396
1091.786592 391974
1098.512757 391660
1105.076895 391284
1111.743343 390536
1118.31836 389684
1124.381783 389318
1130.119551 388420
1135.851607 387602
1142.434814 386986
1149.052265 385114
1156.053582 384086
1163.04161 383274
1169.383394 382682
1175.581192 381542
1182.071083 380876
1188.599726 380246
1195.545862 379132
1202.195934 378074
1208.850102 377360
1215.589721 376296
1222.43356 375532
1229.888877 374386
1237.350135 373252
1244.594421 372232
1251.614928 371254
1258.18388 369998
1264.407795 368026
1271.230336 366434
1278.149505 363914
1285.161228 361952
1291.525826 359140
1298.312909 355840
1304.888364 351410
1312.983261 344724
1321.493845 340248
1329.893583 329726
1337.986544 327686
1345.805278 324388
1353.824428 279352
1370.192599 287238
1378.088991 290056
1385.784249 286628
1408.731462 266430
1424.226654 261350
1440.614218 256984
1448.983756 250040
1455.591268 244320
1464.244317 241882
1472.85623 236812
1479.533222 222800
1486.198711 217500
1493.347815 216824
1500.297645 214296
1507.789245 211410
1515.412007 200006
1530.794749 190970
1547.042414 188418
1555.12384 181856
1563.02568 181590
1570.830055 178152
1578.770227 154298
1586.607765 157180
1594.325015 158794
1602.273663 154978
1610.574182 146170
1626.672725 138536
1634.394078 128948
1642.464066 132206
1650.999431 128750
1659.699705 122048
1667.784279 118572
1675.077869 119484
1681.936007 118000
1688.831409 116712
1694.878693 114868
1701.197069 112092
1709.001369 110610
1716.450147 111210
1724.160232 108708
1732.087725 105356
1740.424148 106290
1749.211899 107210
1757.689396 106514
1765.779917 104894
1774.049637 102036
1782.192207 102158
1790.213916 102150
1798.28618 101890
1806.097712 100746
1813.956669 96118
1829.639822 98316
1837.642111 97044
1845.488639 96856
1853.16973 96338
1860.958237 97034
1868.317287 96148
1875.578147 92638
1888.334445 94420
1894.614663 92624
1902.455185 93126
1910.92133 93240
1919.15071 93184
1927.47307 93310
1935.392332 92906
1943.425774 92362
1959.921839 92042
1968.312197 90816
1977.069033 90654
1985.189529 90654
1993.566733 90960
2002.051837 90690
2010.389697 90596
2018.403748 90108
2026.178302 89744
2034.022776 89424
2042.841982 89466
2053.28208 89230
2061.148586 89236
2067.911312 88926
2073.856314 88698
2079.793043 88386
2087.436967 88256
2095.4965 87860
2103.618813 87766
2113.172207 87352
2123.734764 87112
2132.422197 86720
2141.152266 86778
2149.314036 86404
2157.269222 86198
2165.577824 85856
2173.849321 85832
2181.711128 85416
2189.506887 85316
2197.579918 85056
2205.38839 84964
2212.968254 84676
2222.002447 84616
2233.468049 84604
2239.875329 84060
2256.532556 84128
2272.664477 83726
2292.341796 83488
2309.477001 83394
2326.350343 83308
2344.952306 83142
2361.453124 83050
2377.210167 82872
2391.399313 82876
2403.157932 82598
2417.359849 82540
2432.591146 82274
2447.868792 82136
2462.945806 81892
2478.714176 81740
2494.381226 81554
2509.286616 81422
2524.854201 81232
2540.192921 81110
2555.844704 80882
2571.659976 80750
2585.434918 80544
2597.303701 80414
2612.18506 80184
2626.750434 80094
2640.828282 79950
2655.447332 79834
2669.902999 79630
2685.0402 79518
2699.657365 79342
2714.837621 79190
2729.685799 79026
2745.791995 78984
2762.488275 78764
2777.643866 78610
2793.048009 78450
2807.333441 78370
2821.873761 78236
2837.043397 78132
2852.505616 77976
2867.407154 77814
2882.651064 77754
2898.053341 77640
2913.278279 77508
2928.080478 77346
2943.232218 77188
2958.903377 77066
2974.41829 76980
2986.776259 76820
2999.591137 76698
3015.256038 76592
3031.324919 76458
3046.692755 76368
3062.351902 76190
3077.488083 76098
3092.111524 76024
3107.437177 75842
3122.961286 75730
3137.863194 75612
3152.727305 75454
3167.949316 75406
3180.927414 75248
3191.672506 75176
3207.053602 75030
3222.221425 74858
3237.139473 74696
3251.911796 74564
3266.595894 74494
3281.018786 74402
3295.875846 74282
3310.700544 74218
3325.543522 74102
3340.519797 73998
3355.002666 73904
3368.377241 73736
3379.956977 73626
3391.031504 73466
3409.037454 73328
3423.973935 73182
3439.453231 73022
3454.374536 72914
3469.603948 72756
3484.38205 72608
3501.232461 72508
3517.607328 72316
3531.958462 72194
3544.267741 71996
3556.484017 71868
3568.921566 71714
3583.261063 71564
3599.902822 71384
3615.362321 71286
3631.35293 71122
3648.305951 71022
3664.293531 70872
3679.253666 70780
3694.184358 70620
3707.143632 70478
3718.592822 70346
3731.570761 70286
3746.624003 70064
3761.828765 70008
3776.806166 69844
3793.523654 69798
3809.123113 69622
3825.081969 69558
3840.971011 69412
3856.126257 69304
3870.190071 69248
3882.086814 69248
3895.430679 69086
3909.735955 68990
3924.823956 68816
3939.20806 68824
3953.807041 68612
3969.042668 68582
3984.084098 68442
4000.022868 68346
4016.333956 68284
4031.177371 68202
4044.558618 68034
4056.487334 68014
4068.257484 67906
4083.061133 67846
4099.203541 67692
4114.9602 67552
4132.940197 67436
4149.681887 67376
4170.542734 67296
4186.597766 67202
4201.759261 67072
4214.294971 67006
4226.499746 66876
4238.16631 66842
4250.569103 66686
4265.470336 66632
4281.438543 66534
4296.949539 66484
4317.672726 66374
4343.205 66310
4360.08467 66214
4374.036377 66118
4386.750639 65966
4402.194601 65878
4417.164801 65788
4431.906909 65744
4446.540441 65648
4461.260179 65582
4475.65965 65464
4486.726703 65358
4499.807657 65296
4512.161468 65214
4527.515968 65140
