time nnz
10.011253 379428
15.212168 379428
20.62866 379428
25.927271 379428
32.342691 379428
37.676792 379428
43.056614 379428
48.454447 379428
54.266517 379428
59.87117 379428
65.290728 379428
71.780128 379428
77.816793 379428
83.928547 379428
89.924448 379428
95.452575 379428
100.986365 379428
106.543542 379428
112.076018 379428
118.734188 351929
124.17368 351929
129.60941 351929
135.838819 351929
141.665095 351929
147.304614 351929
152.952759 351929
158.584354 351929
164.095706 351929
169.651059 320562
175.063703 300351
180.535065 300351
186.364055 300351
194.282044 300351
200.624393 300351
206.135133 300351
211.761763 278029
217.183928 273784
223.339851 265779
229.674577 265779
235.760765 265779
241.817173 265779
247.288602 265779
252.78349 260293
259.214841 257955
265.342317 239174
271.198193 239174
276.713763 239174
282.550727 239174
288.128617 239174
293.681072 239174
299.721337 239174
305.902491 239174
311.553567 223456
318.123413 221601
324.093643 217315
330.46123 213998
335.930568 210747
341.176998 210747
346.44444 210747
352.12432 210747
357.651922 189288
363.210334 187507
368.746743 180075
374.401422 165164
379.644662 165076
384.701905 164965
389.742995 164965
394.965407 162909
400.175486 159920
405.661568 156232
410.873158 151578
416.277844 147663
422.020721 147603
427.210404 143509
432.220305 140823
437.281953 138291
442.55831 136794
447.980137 136063
453.262961 136053
458.706097 135497
464.011864 134775
468.904204 123645
473.801827 123644
478.737954 123643
483.667757 123638
488.700424 116040
493.824126 112455
498.806215 110078
503.730394 106537
508.474011 97309
513.137271 89972
517.826763 89972
522.496165 84635
527.496318 81814
532.283395 79959
537.032 79014
541.778195 77997
546.44859 75622
551.165247 72648
555.700736 72267
560.216757 72237
564.718376 69004
569.262182 68325
573.917618 68278
578.542234 67636
583.144253 67214
587.638249 65678
592.040461 60722
596.31286 53135
600.573686 52573
604.810491 52400
609.101376 52093
613.407998 51467
617.710923 51221
621.976764 50752
626.263707 50752
630.47559 50067
634.623405 49180
638.711227 47961
642.910928 47544
647.818769 46907
654.857903 46417
660.638533 46062
665.23908 45676
670.690737 45220
675.570627 44931
680.845865 44655
684.853609 44655
689.193169 44492
693.986785 44352
698.197145 44123
702.358415 43683
706.270102 36802
710.18651 33078
714.102887 32511
717.996675 32363
722.452974 30867
726.404867 29017
733.879339 29170
737.74659 29156
