time nnz
62.090498 379428
128.620634 389198
201.4152 384194
285.148542 382818
352.80788 382264
426.186727 382808
516.904534 381630
583.537785 383048
650.223684 381544
744.769303 383426
809.548873 381712
886.004361 382082
968.434809 382662
1030.505497 381434
1103.338428 383002
1173.779053 381442
1244.281409 383276
1311.465707 381486
1382.533735 383614
1453.948699 382004
1523.388958 382272
1595.652293 383082
1662.220524 381578
1733.569111 383440
1800.673829 381516
1870.174196 383682
1938.023025 381922
2004.098379 382348
2073.926316 382794
2138.859212 381544
2206.266544 383108
2276.777949 381474
2342.176424 383356
2408.267371 381472
2479.191361 383648
2545.310344 381988
2612.83049 382228
2679.954776 382998
2747.175685 381484
2813.38246 383390
2878.356265 381442
2948.449675 383594
3016.493491 381868
3109.701876 382192
3182.949182 382712
3243.256412 381432
3315.720469 382932
3387.455892 381394
3459.337008 383138
3529.39715 381398
3598.390258 383332
3671.886354 381440
3740.676073 383602
3806.653954 381978
3874.781638 382178
3934.316859 382936
4009.428059 381426
4079.065137 383206
4144.436438 381390
4234.733467 383404
4296.709986 381336
4364.335935 383650
4424.338111 381860
4487.176808 382124
4549.453781 382780
4603.301272 381352
4658.895333 382920
4711.335231 381324
4766.626892 383074
4827.28837 381328
4884.384245 383244
4938.365791 381350
4997.855207 383414
5057.23662 381882
5113.036811 381976
5173.554111 382744
5226.818858 381284
5288.177313 382970
5341.908228 381236
5399.362004 383058
5462.473609 381240
5520.604225 383236
5577.924682 381240
5640.314214 383412
5694.217478 381266
5751.619549 383616
5807.732041 381820
5876.327921 382046
5948.327831 382674
6012.660003 381326
6076.877185 382800
6136.983974 381338
6199.593943 382934
6257.55921 381306
6319.784359 383054
6377.143506 381340
6439.308202 383216
6495.855889 381346
6555.566801 383374
6612.052038 381820
6675.175176 381876
6776.40603 382682
6841.802695 381260
6924.811365 382824
6995.068821 381246
7059.700555 382912
7139.039015 381212
7202.508889 382988
7280.016924 381206
7346.662383 383100
7418.466569 381234
7487.605471 383186
7552.962012 381218
7622.416337 383286
7686.321187 381252
7755.562439 383402
7826.952913 381796
7891.750231 381942
7967.255215 382296
8034.440052 383242
8098.847353 381360
8165.688806 383436
8231.584517 381310
8307.722218 383450
8370.145232 381818
8464.458506 382012
