time nnz
0.124961 40
0.29264 80
0.5077 120
0.774953 160
1.084631 200
1.431857 240
1.807216 279
2.234746 319
2.704525 359
3.252866 399
3.753824 439
4.31146 478
4.876791 518
5.466331 558
6.122705 597
6.740713 637
7.428461 677
8.046472 717
8.749794 757
9.485893 797
10.27203 837
11.009497 877
11.815261 917
12.59298 957
13.426195 997
14.282678 1037
15.085934 1076
15.929037 1115
16.787561 1155
17.70441 1194
18.682579 1234
19.60834 1274
20.510451 1314
21.463379 1354
22.435824 1394
23.497037 1433
24.547998 1473
25.577949 1512
26.617766 1552
27.684118 1592
28.752941 1632
29.859794 1671
31.00325 1710
32.146236 1750
33.326238 1788
34.598 1828
35.927785 1868
37.237815 1908
38.50761 1948
39.837496 1988
41.103807 2028
42.403207 2068
43.704586 2107
44.985058 2147
46.310441 2187
47.639624 2227
48.960167 2267
50.33353 2307
51.658113 2347
53.032741 2386
54.480175 2423
55.971419 2463
57.435474 2503
58.829675 2543
60.219628 2583
61.696573 2623
63.201589 2663
64.657614 2703
66.208878 2742
67.724014 2782
69.292395 2821
70.874337 2861
72.371671 2899
74.072769 2939
75.5801 2978
77.17695 3017
78.988563 3056
80.768914 3094
82.325522 3134
83.966375 3174
85.544318 3214
87.11566 3254
88.761845 3294
90.358921 3334
91.960227 3374
93.590655 3414
95.626179 3451
97.339781 3491
99.175887 3531
100.84075 3571
102.488697 3610
104.199262 3650
105.946161 3688
107.732893 3725
109.50665 3765
111.270731 3805
113.02559 3845
114.773921 3885
116.523143 3924
118.250836 3964
120.000572 4002
121.740238 4042
123.558124 4081
125.333745 4121
127.101582 4160
128.842482 4199
130.609292 4239
132.388568 4277
134.191757 4315
136.000118 4355
137.805061 4395
139.607446 4435
141.425316 4474
143.265401 4514
145.117394 4552
147.06045 4592
149.081206 4630
151.022414 4670
153.199404 4710
155.182517 4747
157.26554 4787
159.39078 4826
161.373537 4866
163.610523 4906
165.544787 4945
167.496711 4982
169.595723 5020
171.737755 5060
173.709852 5100
175.708406 5140
177.690989 5180
179.692822 5220
181.677386 5260
183.804128 5300
185.957185 5339
188.118277 5379
190.176045 5419
192.228458 5457
194.305507 5497
196.460306 5537
198.639051 5577
200.700279 5617
202.765792 5655
204.830627 5686
206.913021 5726
209.074247 5766
211.239031 5806
213.434856 5845
215.605819 5884
217.753962 5924
219.926315 5964
222.094082 6003
224.219512 6037
226.361612 6077
228.449586 6116
230.550328 6156
232.68383 6196
234.821554 6236
236.955836 6276
239.090324 6315
241.235582 6354
243.360765 6382
245.549629 6419
247.716718 6459
249.926877 6498
252.119197 6537
254.37033 6576
256.629959 6616
258.881464 6655
261.105693 6689
263.298546 6724
265.499148 6764
267.691163 6804
269.940677 6842
272.170505 6882
274.428632 6921
276.665484 6959
278.909404 6995
281.741125 7025
284.41084 7065
287.137849 7105
289.449131 7143
292.05007 7182
294.427163 7218
296.746958 7257
299.055895 7295
301.557327 7335
304.03517 7372
306.352005 7402
308.662139 7430
311.07077 7470
314.035322 7510
316.955577 7550
319.985695 7588
323.033341 7624
326.130598 7660
328.939806 7698
331.88356 7734
336.342358 7771
338.736789 7808
341.202372 7843
343.842215 7882
346.648942 7920
349.024734 7957
351.414201 7992
353.778592 8028
356.088557 8065
358.439106 8103
360.818302 8143
363.253039 8183
365.71889 8220
368.199054 8235
370.61253 8240
372.979291 8280
375.282761 8311
377.650022 8349
380.013306 8388
382.350903 8427
384.70524 8466
387.063442 8504
389.481454 8531
391.865726 8569
394.288719 8594
396.785512 8621
399.280741 8659
401.793176 8698
404.300374 8735
406.793686 8770
409.24274 8786
411.742041 8802
414.181676 8842
416.590351 8882
419.000955 8920
421.427754 8957
423.880205 8994
426.33336 9031
428.770517 9067
431.23144 9082
433.672262 9069
436.149303 9105
438.631393 9145
441.143217 9185
443.666263 9225
446.204852 9264
448.753635 9302
451.254633 9327
453.705575 9321
456.143513 9299
458.601923 9337
461.070078 9377
463.555838 9417
466.031229 9454
468.499801 9489
470.98944 9511
473.447347 9494
475.95108 9533
478.445311 9573
480.985806 9610
483.543485 9647
486.122683 9681
488.724077 9705
491.277197 9697
493.774759 9619
496.290421 9657
498.790818 9693
501.305507 9721
503.837641 9750
506.390641 9780
508.869577 9817
511.399839 9856
513.877197 9874
516.38463 9792
518.923985 9707
521.394727 9743
523.990514 9754
526.552818 9782
529.108637 9808
531.665647 9830
534.149623 9855
536.582003 9838
539.054014 9862
541.572085 9815
544.114273 9851
546.620347 9882
549.105111 9904
551.566128 9928
554.041824 9926
556.496658 9912
559.017488 9790
561.56012 9826
564.111206 9866
566.696447 9886
569.298071 9910
571.901696 9945
574.440628 9985
576.99812 10020
579.570527 10021
582.176689 9931
584.698944 9795
587.182741 9833
589.683009 9871
592.147512 9886
594.579057 9903
597.058071 9925
599.585865 9929
602.089515 9809
604.529853 9845
607.034771 9883
