time nnz
0.350151 150
0.853645 300
1.419572 450
2.052276 600
2.851771 750
3.719462 899
4.737699 1049
5.736727 1198
6.787789 1348
7.884474 1498
9.080922 1648
10.411796 1797
11.822169 1946
13.283438 2096
14.76372 2246
16.477395 2395
18.213358 2545
19.858917 2693
21.513015 2842
23.124205 2992
24.738155 3141
26.423997 3289
28.118599 3437
30.023896 3587
31.774438 3737
33.609937 3887
35.369783 4036
37.138018 4184
39.032166 4332
40.87273 4482
42.791039 4631
44.693625 4781
46.635114 4930
48.62122 5080
50.606148 5229
52.59726 5376
54.740833 5522
56.880881 5672
59.061225 5822
61.275093 5972
63.50957 6122
65.758771 6271
68.016482 6420
70.378102 6570
72.744569 6719
75.084756 6869
77.443727 7016
79.765412 7165
82.115678 7313
84.430411 7463
86.858214 7613
89.30571 7762
91.749625 7912
94.19587 8061
96.624253 8210
99.153607 8346
101.725632 8491
104.317862 8639
107.063773 8789
109.749308 8939
112.437136 9087
115.058059 9237
117.730808 9384
120.425471 9530
123.120291 9676
125.783902 9825
128.35678 9970
130.987775 10118
133.846724 10268
136.627545 10416
139.488652 10547
142.762639 10675
145.937638 10824
148.849161 10974
151.758711 11123
154.668454 11272
157.562295 11421
160.413739 11566
163.302458 11710
166.162137 11846
169.041397 11985
172.036023 12131
175.002275 12278
177.980677 12425
181.024172 12574
184.147907 12722
187.315369 12872
190.456293 13021
193.517385 13149
196.627093 13230
199.700714 13379
202.755632 13529
205.829853 13677
208.925974 13827
212.083109 13976
215.21952 14124
218.400773 14271
221.616433 14398
224.860738 14546
228.152002 14688
231.318647 14830
234.765264 14979
238.125956 15129
241.288233 15276
244.356395 15389
247.592311 15397
251.757706 15542
255.560271 15692
259.181369 15835
262.660628 15978
266.063905 16126
269.404866 16274
272.751571 16423
276.060446 16531
279.296034 16558
282.593373 16579
285.878435 16727
289.177463 16853
292.516847 16991
295.924645 17135
299.360183 17281
302.802953 17415
306.277568 17565
309.754509 17605
313.219244 17749
316.627558 17869
319.983801 18011
323.298662 18139
326.644184 18250
329.920213 18250
333.234308 18282
336.536778 18430
339.851169 18559
343.000835 18689
346.737366 18833
350.279219 18983
353.548058 19099
356.83429 19227
360.243827 19016
363.532255 19162
366.827325 19047
370.150353 19190
373.495079 19313
377.030833 19448
380.953078 19585
384.926872 19682
388.702889 19657
392.349651 19471
395.750732 19605
399.093034 19754
402.458487 19857
405.828953 19981
409.160713 20084
412.520234 20034
415.93891 19833
419.348396 19957
422.818848 20105
426.281758 20254
429.720765 20404
433.155784 20473
436.51623 20571
439.831818 20612
443.094926 20610
446.649774 20191
450.221141 20313
453.825831 20206
457.134146 20123
460.430983 20144
463.824666 20245
467.487859 20356
470.90273 20414
474.233394 20409
477.518311 20023
