iter objective
1 371.134604138102
2 154.070808111243
3 126.878557273353
4 108.648591769465
5 105.510772575428
6 103.939013446515
7 101.254528379135
8 99.6805184149227
9 99.0236472769919
10 98.5221100293499
11 98.3513320868186
12 98.2065066851331
13 98.1479868612832
14 98.1210256730346
15 98.0521686199091
16 97.9794095387487
17 97.9457452171678
18 97.9347299615158
19 97.9269931029305
20 97.9228531455957
21 97.9198021450229
22 97.9180376710033
23 97.9171166343357
24 97.9164245168981
25 97.9159998675295
26 97.9157397738653
27 97.9124732699754
28 97.9100396747402
29 97.9090885317888
30 97.9084791854196
31 97.9081457307879
