iter objective
1 403.003230864772
2 291.034593043651
3 255.797396119821
4 216.925816806195
5 185.139359730365
6 163.279429072115
7 143.853097611051
8 135.634074619985
9 128.843763181985
10 123.171484551409
11 116.602471639912
12 115.430144107987
13 113.489917917154
14 112.494542682481
15 111.594703289946
16 110.027486960071
17 108.51219329049
18 106.909984847156
19 105.176916020477
20 104.242913164237
21 103.485463621884
22 103.074618491643
23 102.539071987867
24 101.790797159192
25 100.788546538506
26 100.599150373104
27 100.397410308725
28 100.23030950516
29 100.02993952651
30 99.8059467872675
31 99.6058685525612
32 99.4670407859368
33 99.3090129005134
34 99.182700771894
35 99.0819784303105
36 99.0304811339093
37 98.9307935634028
38 98.8894007829666
39 98.8242673262633
40 98.7912192920919
