iter objective
1 334.083529455423
2 312.233606281709
3 271.194539349172
4 226.611389063818
5 188.37195605722
6 180.449995806012
7 171.358847386346
8 158.754406477301
9 153.894797777649
10 149.507574755873
11 145.957178325517
12 141.772030368118
13 138.46540303053
14 136.101557068573
15 132.885464839108
16 130.579034721771
17 129.289739804845
18 128.296425160083
19 125.043893676407
20 124.605813925979
21 120.457519412988
22 119.824183153945
23 114.002968274505
24 109.279801845217
25 107.578398914964
26 106.763412520903
27 106.250604345949
28 105.805328222626
29 105.40733945186
30 105.136480662195
31 104.763780632115
32 104.572994542816
33 104.030154602945
34 103.797058536345
35 103.688436187697
36 103.321877670552
37 103.190458619387
38 102.794968884012
39 102.655107089242
40 102.316650471119
41 102.104697633592
42 101.715565133152
43 101.541957573378
44 101.205939615471
45 100.950439226988
46 100.534982190907
47 100.261545390891
48 99.8438586685239
49 99.7861960987927
50 99.7421791625427
51 99.6617998192797
52 99.5983743324987
53 99.5144694144258
54 99.4511100800168
55 99.3967707125631
56 99.3569374207277
57 99.3215506004541
58 99.2804573455363
59 99.2493591204119
60 99.2095655813447
61 99.1795544346366
62 99.1432027863378
63 99.1134089875197
64 99.0821150658223
65 99.0661029793614
66 99.0109705710164
67 98.9787373495566
68 98.9598488420447
69 98.9283536906052
70 98.9218667600701
71 98.8647913465743
72 98.8546662466302
73 98.8185658074887
74 98.8003443385945
75 98.7966682854815
76 98.7619224076229
77 98.7496079126408
78 98.725124195155
79 98.7169618450271
80 98.6811715389926
81 98.6697870559287
82 98.6486742159778
83 98.6367141501586
84 98.608562198684
85 98.5958563918981
86 98.5919089432805
87 98.5672849169106
88 98.5653694272584
89 98.5315290617667
90 98.5202432109718
91 98.5143425040062
92 98.4959887051415
93 98.4885822886385
94 98.4655904437176
95 98.4555216547326
96 98.4505978035799
97 98.4337232116759
98 98.4237058941076
99 98.405669379211
100 98.3947230102105
101 98.3791677572496
102 98.3791250345954
103 98.3390999838771
104 98.3319993069363
105 98.329507853046
106 98.3140543846364
107 98.3105279573262
108 98.2930325737178
109 98.291674661892
110 98.2730906033062
111 98.2702019554648
112 98.2536332554246
113 98.2490061778807
114 98.2348872849991
115 98.2283125058099
116 98.2170921078731
117 98.2089222275332
118 98.2083471108292
119 98.1947585787313
120 98.1896426894388
121 98.1790822231615
122 98.170428702466
123 98.15416301466
124 98.1483417324181
125 98.1472203277385
126 98.1361822350895
127 98.1319942075109
128 98.1242246030059
129 98.1204247265072
130 98.1076417676108
131 98.1062464680363
132 98.0980711857113
133 98.0937143086703
134 98.0924893709435
135 98.0923485072006
136 98.083235481631
137 98.0803145324694
138 98.0748421238439
139 98.068679671499
140 98.0615541563758
141 98.0610085454068
142 98.0496469407616
143 98.0490082131271
144 98.0423474540338
145 98.0417107708397
146 98.0314781807957
147 98.0304892779784
148 98.0248011689231
149 98.0226494230695
150 98.0147268221435
151 98.0127095950018
152 98.0125818378957
153 98.0065380946053
154 98.0049525261511
155 97.9972836965951
156 97.9970755374196
157 97.9898693625293
158 97.9897037454666
159 97.9831534404786
160 97.9824092989173
161 97.9769986133667
162 97.9752875857274
163 97.9713464793547
164 97.9709436443322
165 97.9622013252798
166 97.9613225197701
167 97.9609405568987
168 97.9608001763184
169 97.9578613546186
170 97.9576110037919
171 97.9512947161297
172 97.9512591880723
173 97.9480379471053
174 97.9475151576552
175 97.9426622039066
176 97.941824682678
177 97.941688730511
178 97.9395922181014
179 97.939183302093
180 97.9357586224799
181 97.9356828404144
182 97.9337514013079
183 97.9335397587539
184 97.9308839841121
185 97.93052350987
186 97.9300833295646
187 97.929944958624
188 97.9285986229237
189 97.9273879233837
190 97.9273035605029
191 97.9272800281029
192 97.925749281097
193 97.9252428907868
194 97.9237401669582
195 97.9236431959928
196 97.9220044345933
197 97.921631130368
198 97.9214552388296
199 97.9213581724323
200 97.921308636049
201 97.9212724561465
202 97.9203563194024
203 97.9203000064395
204 97.9178185377439
205 97.9176714851978
206 97.9175956133165
207 97.9175232517611
208 97.9174780027683
209 97.917435955724
210 97.9168257656036
211 97.9164963547138
212 97.9149159256662
213 97.91476243285
214 97.9146841710842
215 97.9146089180667
216 97.9145425689135
217 97.9144790039042
218 97.9144288955622
219 97.9143814681648
220 97.9143569706165
221 97.9143332176573
222 97.9138572340282
223 97.9137378995846
224 97.9124900194961
225 97.9123797476387
226 97.912321557311
227 97.9122658876143
228 97.9122147804356
229 97.912166440896
230 97.91212551424
231 97.912087123978
232 97.9120617420401
233 97.9120377837218
234 97.9120355876497
235 97.9120333969547
236 97.9116092271494
237 97.9113942441477
238 97.9110865333984
239 97.9110396937717
240 97.9102278050503
241 97.9102004042053
242 97.9101921423032
243 97.9101853896616
244 97.9099437249651
245 97.9099117601843
246 97.9093280017907
247 97.9092976343862
248 97.9092890978487
249 97.9092815149974
250 97.9091157821836
251 97.9090579648595
252 97.9086489718402
253 97.9086173264455
254 97.9086090132985
255 97.9086014700387
256 97.9084890875746
257 97.9084499477174
258 97.9081558400365
259 97.908139174481
260 97.908135093534
261 97.9081318680086
262 97.9080507976984
263 97.9080423825124
264 97.9078235499817
265 97.9078155364779
266 97.9078133753726
267 97.9078126244837
268 97.9077494813208
269 97.9077106713278
270 97.9076638597795
271 97.9076510857664
272 97.9075237535432
273 97.9075158874972
274 97.907513241793
275 97.9075120732766
276 97.9074756468552
277 97.9074482559305
278 97.9074476618785
279 97.907415142003
280 97.9073935521969
281 97.9073928087663
282 97.9073622477272
283 97.9073435386237
284 97.9073433998411
285 97.9073156391303
286 97.9073028696716
287 97.9073026741794
288 97.9072748550982
289 97.9072644407141
290 97.9072428935697
291 97.9072348855919
292 97.9072321501482
293 97.9072109126164
294 97.90720642801
295 97.9072029560239
296 97.9071829402404
297 97.907182019727
298 97.9071786662464
299 97.9071582862414
300 97.907151697193
301 97.9071496206051
302 97.9071482195756
303 97.9071471280762
304 97.9071464273048
305 97.9071460366877
306 97.9071356523281
307 97.9071268095765
308 97.9071267641267
309 97.9071164015621
310 97.9071097747294
311 97.9071011025287
312 97.9070944803682
313 97.9070944724872
314 97.9070859685674
315 97.9070810079347
316 97.9070739231387
317 97.9070691534059
318 97.9070631979452
319 97.9070589018418
320 97.9070585074474
321 97.9070525230765
322 97.9070495995879
323 97.9070492473699
324 97.9070431039532
325 97.9070412034564
326 97.9070408799565
327 97.9070347981415
328 97.9070341244237
329 97.9070337610304
330 97.9070274743401
331 97.9070255796689
332 97.9070250580312
333 97.9070246569491
334 97.9070243533682
335 97.9070241436046
336 97.9070240563041
337 97.9070208526243
338 97.9070182113267
339 97.9070181729172
340 97.9070150951025
341 97.9070129333721
342 97.9070104989233
343 97.9070101472573
344 97.9070027681179
345 97.9070024012503
346 97.9070023021857
347 97.9070022824795
348 97.9070002001059
349 97.906998779211
350 97.9069971619787
351 97.9069969935557
352 97.9069921051924
353 97.9069918255217
354 97.9069917309065
355 97.9069917065924
356 97.9069903414868
357 97.9069893975013
358 97.9069893857003
359 97.90698810847
360 97.9069873268857
361 97.9069873232623
362 97.9069861320008
363 97.9069854943889
364 97.9069845641742
365 97.9069839521104
366 97.9069838711717
367 97.9069829981599
368 97.9069825155067
369 97.9069824257689
370 97.906981612811
371 97.9069812543958
372 97.9069811389395
373 97.9069803904005
374 97.9069801034366
375 97.9069799701606
376 97.9069799499798
377 97.9069791832378
378 97.9069789361473
379 97.9069789047775
380 97.9069782369193
381 97.9069780402093
382 97.9069779880846
383 97.906977403742
384 97.9069772209862
385 97.9069771508744
386 97.9069771468419
387 97.9069765814681
388 97.9069764076447
389 97.9069763905761
390 97.9069759346272
391 97.9069757642039
392 97.906975730668
393 97.9069753639626
394 97.9069751851212
395 97.9069751351703
396 97.9069751235646
397 97.9069748028768
398 97.9069746216023
399 97.9069745989647
400 97.9069745953495
401 97.9069743155697
402 97.9069741478505
403 97.9069741359853
404 97.9069741353299
405 97.9069738907578
406 97.9069737408647
407 97.9069737334976
408 97.9069735527867
409 97.9069734986331
410 97.9069730558692
411 97.906973001452
412 97.9069729823212
413 97.9069729698356
414 97.9069729617422
415 97.9069729577754
416 97.9069728279159
417 97.9069727733688
418 97.9069724603941
419 97.9069724242457
420 97.9069724140673
421 97.9069724061168
422 97.9069724005435
423 97.9069723977021
424 97.9069723042832
425 97.9069722624535
426 97.9069720377994
427 97.906972011698
428 97.9069720045694
429 97.906971998844
430 97.9069719947811
431 97.9069719926545
432 97.9069719254714
433 97.9069718939285
434 97.9069717324849
435 97.9069717134365
436 97.9069717082505
437 97.9069717040691
438 97.9069717010738
439 97.9069716994668
440 97.9069716511673
441 97.9069716273281
442 97.9069715113149
443 97.9069714973717
444 97.9069714935868
445 97.9069714905161
446 97.9069714883
447 97.9069714870911
448 97.9069714870695
449 97.9069714458905
450 97.9069714456259
451 97.9069713457395
452 97.9069713379087
453 97.9069713356486
454 97.9069713339962
455 97.9069713330668
456 97.906971332997
457 97.9069713034556
458 97.9069713023567
459 97.9069712307504
460 97.9069712249358
461 97.9069712232741
462 97.906971222042
463 97.9069712213292
464 97.906971221229
465 97.9069712000371
466 97.9069711985475
467 97.9069711472086
468 97.9069711428869
469 97.9069711416633
470 97.9069711407435
471 97.9069711401904
472 97.9069711400866
473 97.9069711248823
474 97.9069711232633
475 97.9069710864554
476 97.9069710832408
477 97.906971082334
478 97.9069710816476
479 97.9069710812246
480 97.9069710811174
481 97.9069710702054
482 97.9069710686289
483 97.9069710422367
484 97.9069710398387
485 97.906971039162
486 97.9069710386496
487 97.9069710383302
488 97.9069710382318
489 97.9069710303965
490 97.9069710289366
491 97.9069710100102
492 97.9069710082229
493 97.9069710077244
494 97.9069710073365
495 97.9069710070875
496 97.9069710070061
497 97.9069710013801
498 97.9069710000837
499 97.9069709865057
500 97.9069709851695
501 97.9069709848015
502 97.9069709845112
503 97.9069709843236
504 97.9069709842423
505 97.9069709802094
506 97.9069709790807
507 97.9069709693447
508 97.9069709683472
509 97.906970968069
510 97.9069709678507
511 97.9069709677054
512 97.9069709676359
513 97.9069709647421
514 97.9069709637852
515 97.9069709568038
516 97.9069709560492
517 97.906970955846
518 97.906970955682
519 97.906970955568
520 97.9069709555127
521 97.9069709534316
522 97.9069709526308
523 97.9069709476194
524 97.9069709470566
525 97.9069709469001
526 97.9069709467835
527 97.9069709466936
528 97.9069709466479
529 97.9069709451553
530 97.9069709444865
531 97.906970940896
532 97.9069709404672
533 97.9069709403551
534 97.9069709402603
535 97.9069709401954
536 97.9069709401559
537 97.9069709390846
538 97.9069709385367
539 97.9069709359584
540 97.9069709356371
541 97.9069709355513
542 97.906970935483
543 97.9069709354331
544 97.9069709354003
545 97.9069709346286
546 97.9069709341813
547 97.9069709323295
548 97.9069709320937
549 97.9069709320271
550 97.9069709319741
551 97.9069709319346
552 97.9069709319117
553 97.906970931905
554 97.9069709312487
555 97.9069709311728
556 97.9069709295787
557 97.9069709294355
558 97.9069709293928
559 97.9069709293658
560 97.9069709293451
561 97.9069709293382
562 97.9069709288675
563 97.9069709287815
564 97.9069709276366
565 97.9069709275278
566 97.906970927497
567 97.9069709274718
568 97.9069709274603
569 97.9069709274542
570 97.9069709271125
571 97.9069709270254
572 97.9069709262043
573 97.9069709261248
574 97.9069709260985
575 97.9069709260839
576 97.9069709260693
577 97.9069709260653
578 97.9069709258192
579 97.9069709257394
580 97.9069709251488
581 97.9069709250893
582 97.906970925067
583 97.906970925052
584 97.9069709250433
585 97.9069709250373
586 97.9069709248629
587 97.906970924788
588 97.9069709243667
589 97.9069709243176
590 97.9069709243078
591 97.9069709242946
592 97.9069709242837
593 97.9069709242823
594 97.9069709242823
595 97.9069709241318
596 97.9069709240345
597 97.9069709240291
598 97.9069709240281
599 97.9069709238978
600 97.9069709238111
601 97.9069709238058
602 97.9069709237104
603 97.9069709236545
604 97.9069709234254
605 97.9069709233904
606 97.9069709233857
607 97.9069709233781
608 97.9069709233749
609 97.9069709233718
610 97.9069709233679
611 97.9069709232879
612 97.9069709232762
613 97.9069709230772
614 97.9069709230599
615 97.9069709230534
616 97.9069709230506
617 97.9069709230468
618 97.9069709229991
619 97.9069709229561
620 97.9069709228363
621 97.9069709228187
622 97.9069709228009
623 97.9069709227348
624 97.9069709225669
625 97.9069709225594
626 97.9069709225546
627 97.9069709224479
628 97.9069709224039
629 97.9069709223968
630 97.9069709223922
631 97.9069709223912
632 97.9069709223819
633 97.9069709223756
634 97.9069709222893
635 97.9069709222871
636 97.9069709222763
637 97.9069709222701
638 97.9069709222624
639 97.9069709222507
640 97.9069709222333
641 97.9069709222304
642 97.9069709222221
643 97.9069709222199
644 97.906970922217
645 97.9069709222163
646 97.9069709222054
647 97.9069709221992
648 97.9069709221991
649 97.9069709221915
650 97.906970922175
