iter objective
1 363.673012281189
2 262.986068588449
3 214.724167572642
4 161.418398691755
5 139.986154942335
6 127.858717781465
7 119.280797339709
8 115.317935233794
9 111.44657933079
10 108.22944437262
11 105.877069910047
12 104.507146653883
13 103.757187963306
14 102.775074108894
15 102.254604676095
16 101.811111071031
17 101.511457063906
18 101.238941859841
19 100.981858314795
20 100.698688605733
21 100.276184334847
22 99.9723561566283
23 99.6830413098159
24 99.5480736447278
25 99.3403504248504
26 99.1630680326157
