iter objective
1 349.073436887973
2 250.185756563644
3 209.175699541007
4 185.047943571809
5 155.911164723312
6 143.729334999644
7 135.109025354025
8 127.019406996748
9 121.185293668228
10 116.811949847776
11 113.916703319575
12 112.063043260188
13 110.524305159786
14 108.628194913983
15 107.672459444885
16 106.633499751068
17 105.838981365782
18 104.810746107397
19 103.996296541751
20 103.309137744203
21 102.619755171247
22 102.208147979906
23 101.872333515953
24 101.607488050362
25 101.29778657592
26 100.976367390363
27 100.803235713141
28 100.492985909216
29 100.198714629494
30 100.02552199697
31 99.8272303822325
32 99.6465648238894
33 99.4568123522871
34 99.3464274702048
35 99.19281099361
36 99.0613280494719
