time train-error
239.248609 0.08035017768917396
482.447321 0.053653462771951044
737.523693 0.038831585334141994
969.049422 0.03718471006327495
1183.765095 0.03571119008407697
1413.499371 0.03354424893819896
1619.753224 0.03397763716737501
1815.601022 0.03276415012568301
2006.685735 0.03189737366733103
2191.776739 0.03129063014648503
2370.912907 0.03111727485481497
2547.054478 0.030770564271473955
2718.859648 0.030250498396463987
2890.452567 0.03033717604229902
3060.244338 0.030163820750627957
3228.501779 0.030250498396463987
3394.442329 0.030163820750627957
3557.846259 0.030250498396463987
3720.924911 0.030250498396463987
3883.518965 0.029990465458958004
4044.658433 0.029990465458958004
4204.318002 0.02973043252145302
4363.866635 0.02955707722978196
4521.165434 0.029903787813122973
4680.238462 0.029990465458958004
4838.086511 0.029470399583947038
4995.708528 0.029817110167288052
5151.961372 0.029470399583947038
5333.826839 0.029383721938112006
5496.798101 0.02886365606310104
5659.613863 0.029297044292276975
5822.283375 0.029123689000607023
5984.193729 0.029210366646442054
6145.655924 0.02903701135477199
6305.433705 0.029210366646442054
6465.258978 0.029123689000607023
6625.799153 0.02895033370893696
6786.524128 0.028776978417266008
6946.581178 0.028776978417266008
7105.841794 0.028776978417266008
7263.293253 0.02886365606310104
7422.008141 0.028776978417266008
7580.347622 0.028776978417266008
7739.50097 0.02886365606310104
7899.155864 0.028776978417266008
8058.797361 0.028690300771430977
8215.959424 0.028690300771430977
8373.665286 0.028776978417266008
8531.760997 0.028690300771430977
8690.235477 0.028776978417266008
8848.10082 0.028776978417266008
9005.136368 0.028690300771430977
9162.655182 0.028776978417266008
9320.033322 0.02886365606310104
9478.111549 0.028603623125595945
9635.740323 0.028690300771430977
9813.837608 0.028603623125595945
9969.157194 0.028603623125595945
10161.869926 0.028776978417266008
10374.765271 0.028690300771430977
10538.20008 0.02886365606310104
10698.155173 0.028776978417266008
10858.42657 0.02886365606310104
11019.256983 0.02886365606310104
11177.411021 0.028690300771430977
11335.183671 0.02886365606310104
11493.524538 0.02895033370893696
11652.015318 0.02895033370893696
11810.559489 0.02903701135477199
11988.944102 0.02903701135477199
12155.344328 0.02895033370893696
12316.113772 0.02895033370893696
12474.307376 0.02886365606310104
12631.754367 0.02895033370893696
12790.711912 0.029123689000607023
12947.405862 0.02895033370893696
13104.970196 0.02895033370893696
13261.582206 0.02903701135477199
13417.42744 0.02895033370893696
