time train-error
328.046115 0.08329721764756903
672.59464 0.06526826731386004
1066.385303 0.049232902834358994
1401.513803 0.04871283695934803
1692.541861 0.049406258126028946
1957.58293 0.04871283695934803
2269.364325 0.04576579700095296
2535.093024 0.045679119355118036
2787.846414 0.04498569818843701
3031.284884 0.04463898760509699
3271.341236 0.044899020542601975
3505.105988 0.04472566525093202
3734.45396 0.04455230995926196
3965.195596 0.04394556643841596
4193.619749 0.04429227702175598
4420.229086 0.04437895466759101
4644.325292 0.04368553350090998
4867.051638 0.044205599375920945
5087.642605 0.04403224408425099
5297.667555 0.04385888879258004
5505.858387 0.044205599375920945
