time train-error
87.2631 0.847013955100979
130.23397 0.8187570425587241
173.007013 0.7376267660570339
216.054494 0.729652422640201
258.929987 0.629539741700615
301.869482 0.6219987865129579
344.51504 0.6091704949293579
387.278997 0.586807662303892
430.033362 0.564618184970096
472.982283 0.534627719511138
515.868392 0.520932651469186
558.674461 0.497963075322874
601.726947 0.48348790846840595
644.733241 0.48071422380168105
687.595721 0.46875270867643204
730.552646 0.4639854381555
816.914463 0.45202392303025096
859.745503 0.461645141717951
945.613411 0.44925023836352596
988.352099 0.45167721244690995
1074.499629 0.447863396030164
1117.582127 0.44404957961341796
1160.414237 0.44370286903007705
1246.388701 0.44257605963422
1289.257785 0.441102539655023
1332.696386 0.439889052613331
1375.86222 0.43945566438415495
1419.252237 0.43997573025916603
1462.138513 0.438068822050793
1504.924131 0.43884892086330896
1547.875226 0.441102539655023
1590.760956 0.438935598509145
1633.901554 0.438068822050793
