time train-error
45.271742 0.83167201178816
68.141866 0.79422726878738
89.888997 0.658663430701222
111.184152 0.626852734679726
132.397229 0.570685620178556
153.496999 0.5458958134697061
174.389911 0.49856981884372
195.257121 0.47794053913495704
216.30287 0.44370286903007705
237.094959 0.426974083383895
257.749816 0.405304671925111
278.264842 0.390396116841467
298.576914 0.36135910548669503
318.868417 0.351477853861489
339.037346 0.332755482361099
359.321231 0.325214527173442
379.597926 0.308399063881425
399.920882 0.29773771344370303
420.336804 0.281442316026697
440.629005 0.26774724798474503
460.932867 0.25431221288029804
481.259513 0.24330415185923504
501.442903 0.234029643754876
521.743444 0.22007454277541805
542.040238 0.21114674525439903
562.344066 0.198838519545809
582.696862 0.193637860795701
602.987046 0.18523012914969195
623.228432 0.18150299037878104
643.549782 0.17482881164947595
663.735299 0.16832798821184003
684.04391 0.161220421253359
704.317381 0.15896680246164496
724.56868 0.15350611077403098
744.964087 0.15003900494062605
765.360137 0.14570512264886903
785.578971 0.13929097685706904
805.87251 0.13495709456531202
826.183278 0.13313686400277402
846.46313 0.128456271127676
866.81639 0.126636040565138
887.1029 0.12386235589841399
907.517937 0.11874837479414102
927.965885 0.11666811129409704
948.161512 0.11432781485654897
968.500038 0.11198751841900001
988.755779 0.10895380081477002
1009.085599 0.10852041258559397
1029.504135 0.10609343850220998
1049.857612 0.10357978677299096
1070.41082 0.10210626679379398
1090.856539 0.10089277975210198
1111.159587 0.09950593741874003
1131.432331 0.09785906214787199
1151.816843 0.09491202218947703
1172.015454 0.09404524573112605
1192.339706 0.09187830458524704
1212.669266 0.09118488341856601
1232.962328 0.08953800814769897
1253.413842 0.08789113287683104
1273.844275 0.08633093525179902
1294.094868 0.085637514085117
1314.394823 0.08373060587674397
1334.704995 0.08312386235589797
1354.969025 0.08217040825171196
1375.31415 0.08113027650169002
1395.554488 0.07896333535581201
1415.960204 0.07748981537661404
1436.45389 0.07774984831412002
1456.708691 0.07532287423073603
1477.046472 0.07575626245991196
1497.362562 0.07393603189737397
1517.565492 0.07445609777238404
1537.893843 0.07202912368900105
1558.218729 0.071595735459825
1578.512967 0.07020889312646295
1598.927935 0.0688220507931
1619.356365 0.06830198491809003
1639.619672 0.067608563751409
1659.91561 0.06613504377221102
1680.206027 0.06665510964722199
1700.48863 0.06500823437635395
1720.83713 0.06518158966802501
1741.078183 0.06405478027216804
1761.733068 0.063621392042992
1782.456193 0.06232122735546497
1802.882453 0.06223454970963005
1823.314913 0.06067435208459704
1843.646728 0.06171448383461897
1863.858891 0.05920083210539995
1884.180872 0.06006760856375104
1904.495302 0.057553956834532016
1924.793512 0.05920083210539995
1945.20962 0.05703389095952105
1965.671287 0.05790066741787303
1985.949225 0.05582040391783005
2006.266012 0.05694721331368602
2026.546558 0.05486694981364304
