time train-error
49.644136 0.845627112767617
71.693961 0.752101932911502
93.745607 0.7195978157233249
112.203963 0.757042558724105
128.35081 0.694114587847794
141.492782 0.663257345930485
152.601844 0.639074282742481
163.45566 0.5997226315333279
173.175994 0.60414319147092
182.164356 0.603796480887579
190.610454 0.584294010574673
197.881889 0.5666984484701401
205.123695 0.54832278755309
212.282597 0.546935945219728
217.568099 0.536534627719511
222.446578 0.533240877177776
227.164733 0.535927884198665
231.768104 0.531073936031897
236.058132 0.521539394990032
239.652187 0.515298604489902
243.161707 0.511484788073156
246.661827 0.504290543468839
249.994688 0.506284129323048
253.256882 0.503943832885499
256.475964 0.5045505764063449
259.6229 0.5006500823437641
262.416393 0.497356331802028
264.794951 0.48660830371847097
267.101797 0.48808182369766795
269.389862 0.481147612030857
271.625678 0.482967842593395
273.826735 0.482101066135044
276.020324 0.482447776718384
278.164959 0.478373927364133
280.204884 0.48010748028083605
282.2242 0.48279448730172503
284.135277 0.478200572072462
286.026547 0.477247117968276
287.89431 0.477160440322441
289.752459 0.47768050619745195
291.592417 0.47950073675999005
293.338434 0.47560024269740797
295.081667 0.474820143884892
296.830967 0.47213313686400304
298.545119 0.47612030857241905
300.18007 0.47178642628066203
301.781977 0.47178642628066203
303.360985 0.47161307098899197
304.910918 0.47178642628066203
306.36113 0.46727918869723495
307.745995 0.46753922163474004
309.129162 0.470832972176476
310.487548 0.466239056947213
311.825874 0.468059287509751
313.16095 0.46814596515558604
314.495328 0.46667244517638895
315.808717 0.46788593221808095
317.090972 0.464418826384675
318.383093 0.465632313426367
319.649316 0.46788593221808095
320.884718 0.46476553696801604
322.114586 0.46580566871803797
323.332497 0.46606570165554295
324.544859 0.46545895813469695
325.748287 0.46580566871803797
326.875204 0.459391522926237
328.023019 0.456444482967843
329.128708 0.467105833405565
330.226746 0.456097772384502
331.299415 0.45869810175955605
332.369144 0.458784779405391
333.430396 0.45843806882205096
334.497181 0.45791800294704
335.54425 0.45748461471786395
336.578238 0.45869810175955605
337.582733 0.458004680592875
338.596277 0.45748461471786395
339.587609 0.458004680592875
340.576793 0.458178035884545
341.533887 0.45687787119701795
342.4926 0.456704515905348
343.421501 0.45722458178035896
344.334105 0.45991158880124805
345.231627 0.454624252405305
346.13747 0.456704515905348
347.032406 0.456357805322007
347.933656 0.456097772384502
348.825407 0.45445089711363396
349.712815 0.45419086417612897
350.601796 0.454017508884459
351.440321 0.45419086417612897
352.286958 0.45488428534281
353.119786 0.45436421946779904
353.959401 0.45410418653029405
354.796367 0.454277541821964
355.620122 0.452717344196932
356.450394 0.452370633613591
357.273235 0.452804021842767
358.085212 0.45315073242610704
358.870374 0.451590534801075
359.657738 0.45323741007194196
360.441867 0.45323741007194196
361.223885 0.452717344196932
362.000481 0.450030337176042
362.772791 0.45037704775938303
363.564015 0.45185056773858
364.318715 0.45020369246771297
365.062442 0.45081043598855897
365.810427 0.45150385715524
366.551304 0.45107046892606395
367.291051 0.451157146571899
368.03674 0.451243824217734
368.777596 0.45081043598855897
369.520672 0.450897113634394
370.265741 0.45133050186356904
370.986973 0.44951027130103105
371.699719 0.450290370113548
372.403611 0.45072375834272305
373.105006 0.45046372540521795
373.80661 0.44881685013435
374.509095 0.449683626592702
375.210513 0.450637080696888
375.893227 0.44959694894686697
376.566038 0.44847013955101
377.236286 0.449683626592702
377.907324 0.44959694894686697
378.576363 0.44925023836352596
379.243491 0.449076883071856
379.898515 0.44491635607176905
380.579419 0.447516685446823
381.202493 0.44743000780098796
381.818999 0.447776718384329
382.442148 0.44708329721764795
383.059703 0.447516685446823
383.680175 0.44734333015515304
384.296663 0.446043165467626
384.906583 0.446649908988472
385.553703 0.446649908988472
386.159181 0.44734333015515304
386.768429 0.44612984311346104
387.374726 0.44673658663430704
387.98098 0.446996619571812
388.587948 0.446563231342637
389.185221 0.44552309959261505
389.805889 0.445349744300945
390.413493 0.446043165467626
390.983063 0.44162260553003396
391.556233 0.44560977723844997
392.12205 0.444829678425934
392.693807 0.44465632313426395
393.257038 0.444829678425934
393.827729 0.444222934905088
394.407118 0.44344283609257196
394.980607 0.443789546675912
395.546011 0.44404957961341796
396.099778 0.444743000780099
396.651266 0.444743000780099
397.203377 0.444482967842593
397.755876 0.444482967842593
398.300794 0.44456964548842903
398.862311 0.44430961255092305
399.42484 0.442922770217561
399.950423 0.44396290196758303
400.468629 0.443009447863396
400.987131 0.44309612550923105
401.511319 0.44335615844673704
428.185204 0.441795960821704
428.746723 0.441709283175869
429.290579 0.442662737280055
429.829664 0.441362572592528
430.374747 0.441449250238364
430.915418 0.441102539655023
431.471317 0.442316026696715
432.016003 0.44092918436335304
432.554612 0.441449250238364
433.090547 0.441189217300858
433.627882 0.441189217300858
434.160253 0.44162260553003396
434.704784 0.44222934905087996
435.2276 0.440842506717518
435.746367 0.44162260553003396
436.270666 0.441449250238364
436.790167 0.441795960821704
463.119344 0.441362572592528
463.638936 0.44127589494669295
464.160736 0.441709283175869
464.683747 0.44222934905087996
465.20298 0.44058247378001203
465.720457 0.441709283175869
466.23794 0.44127589494669295
