time train-error
78.177999 0.836352604663257
162.765683 0.748201438848921
238.754413 0.758429401057467
322.732631 0.690474126722718
406.435406 0.6165380948253449
482.257306 0.652856028430268
565.967111 0.583340556470486
649.824296 0.570858975470226
725.501399 0.557250585074109
809.380408 0.550403051053133
885.087156 0.543555517032157
969.02384 0.5357545289069949
1044.828671 0.533240877177776
1128.68867 0.520932651469186
1212.617273 0.5045505764063449
1288.398121 0.524919823177602
1372.335897 0.49085550836439296
1456.102962 0.49666291063534695
1532.096849 0.48158100026003303
1615.868145 0.48894860015602004
1699.722379 0.47126636040565095
1775.538248 0.495016035364479
1859.414595 0.462251885238797
1943.236696 0.469186096905608
2019.220064 0.453930831238624
2103.014825 0.46138510878044503
2186.584149 0.44769004073849294
2262.038672 0.467799254572246
2345.464561 0.441795960821704
2428.913172 0.44543642194678
2504.369075 0.43538181502990403
2587.904615 0.44040911848834197
2671.171505 0.43018115627979503
2746.910351 0.44500303371760397
2830.264436 0.42506717517552195
2913.825954 0.42706076102973
2989.291937 0.41925977290456795
3072.798514 0.424027043425501
3156.192711 0.41587934471699795
3234.623554 0.42688740573806006
3320.222098 0.4111987518419
3404.96328 0.41371240357111905
3481.332864 0.40781832365433
3565.904875 0.41093871890439504
3650.367522 0.40417786252925403
3726.737772 0.414492502383635
3811.469365 0.39941059200832096
3895.689728 0.40331108607090205
3972.522993 0.397070295570772
4056.537426 0.400190690820837
4141.283442 0.393343156799861
4217.253312 0.400710756695848
4302.09747 0.389789373320621
4386.132004 0.392736413279015
4462.69022 0.387015688653896
4547.009057 0.389962728612291
4623.312258 0.38502210279968796
4707.735207 0.387535754528907
4792.047365 0.380601542862096
4868.668281 0.38744907688307195
4952.875498 0.378347924070382
5037.409329 0.38155499696628203
5113.636526 0.375314206466152
5198.377271 0.37912802288289804
5274.490422 0.374360752361966
5359.214382 0.375920949986998
5443.190536 0.37158706769524097
5519.804494 0.37635433821617403
5604.100713 0.368986738320187
5688.619469 0.37089364652856005
5765.127231 0.36629973129929805
5849.29203 0.36820663950767096
5926.080275 0.36291930311172704
6010.234511 0.365866343070122
6087.090125 0.360925717257519
6171.137679 0.363352691340903
6255.870312 0.360405651382508
6331.973671 0.363179336049233
6416.696738 0.357891999653289
6500.747654 0.35780532200745396
6577.510796 0.35503163734072996
6661.618159 0.355465025569906
6738.200581 0.352778018549016
6822.596262 0.353384762069862
6898.962365 0.350524399757303
6983.454446 0.350524399757303
7059.645237 0.34896420213227
7144.399501 0.34948426800728105
7228.456446 0.34740400450723796
7305.355378 0.34974430094478604
7389.359091 0.34671058334055604
7466.277051 0.34922423506977596
7550.332905 0.344716997486348
7634.991363 0.344456964548843
7711.093907 0.34333015515298604
7795.652607 0.342636733986305
7872.012822 0.341076536361272
7956.432276 0.34150992459044804
8032.794943 0.338909595215394
8117.117549 0.33942966109040495
8193.622789 0.33691600936118604
8277.849036 0.33752275288203204
8354.559679 0.336222588194505
8438.499027 0.33544248938198795
8523.267642 0.33483574586114195
8599.308925 0.33483574586114195
8684.040067 0.333188870590275
8760.13822 0.33362225881945096
8844.74337 0.331281962381902
8928.857312 0.331368640027737
9005.437247 0.328854988298518
9089.763314 0.330328508277715
9166.187207 0.327641501256826
9250.53785 0.328854988298518
9326.787729 0.325821270694288
9411.315026 0.326948080090145
9487.477825 0.324521106006761
9572.193332 0.325127849527607
9648.178978 0.322700875444223
9732.997307 0.32356765190257397
9809.056592 0.32140071075669596
9893.774265 0.322180809569212
9969.84748 0.319927190777499
10054.404275 0.32062061194418
10130.509359 0.318193637860796
10215.04431 0.319667157839993
10291.417503 0.316893473173269
10375.824347 0.31836699315246597
10452.160273 0.315333275548236
10536.547187 0.31672011788159804
10613.198386 0.314466499089885
10697.312549 0.315419953194071
10774.111367 0.313253012048193
10858.076192 0.31377307792320397
10934.950133 0.311779492068995
11018.978668 0.31281962381901696
11095.716873 0.30995926150645703
11179.799326 0.311779492068995
11256.435509 0.308919129756436
11340.760627 0.310132616798128
11417.278958 0.306838866256392
11501.719888 0.30935251798561103
11578.042477 0.305365346277195
11662.607695 0.30831238623559
11738.813746 0.30337176042298697
11823.638427 0.306838866256392
11899.640978 0.302158273381295
11984.486379 0.305018635693855
12060.636571 0.301291496922944
12145.367214 0.30354511571465703
12221.479032 0.300424720464592
12306.037277 0.30189824044379
12382.261317 0.29895120048539503
12466.786794 0.30085810869376794
12543.211697 0.298257779318714
12627.626036 0.29964462165207595
12697.935622 0.29782439108953795
12786.507453 0.29773771344370303
12873.784342 0.296090838172835
12955.07771 0.297391002860362
13045.055288 0.294617318193638
13126.219982 0.29652422640201104
13222.513978 0.29323047586027595
13312.087522 0.29583080523533
13402.973431 0.292103666464419
13481.86822 0.294270607610297
13574.923194 0.29080350177689196
13653.575353 0.29357718644361597
13738.682028 0.289069948860189
13816.35245 0.2927970876311
13900.842695 0.287856461818497
13978.704764 0.29193031117274904
14063.203156 0.286989685360146
14140.880453 0.290976857068562
14226.202684 0.286036231255959
14302.93524 0.28976337002687
14388.72625 0.285342810089278
14465.480024 0.289676692381035
14550.557675 0.284216000693421
14628.02853 0.28889659356851904
14712.710644 0.283002513651729
14790.630077 0.28768310652682705
14875.814075 0.282655803068389
14954.817929 0.287249718297651
15043.965829 0.28187570425587205
15128.688476 0.283869290110081
15197.752288 0.281442316026697
15283.662802 0.28317586894339997
15360.383477 0.279535407818324
15446.349213 0.28126896073502605
15523.139265 0.278668631359972
15608.390938 0.279882118401664
15685.788711 0.27754182196411503
15770.719258 0.278928664297478
15848.506868 0.27728178902661005
15933.089385 0.27788853254745605
16002.238826 0.275981624339083
16087.655681 0.27641501256825896
16164.896375 0.27485481494322594
16250.607566 0.275634913755742
16327.56621 0.27398803848487496
16412.583685 0.274941492589061
16490.341155 0.27398803848487496
16575.063081 0.27442142671405
16653.050785 0.27338129496402896
16729.837682 0.274334749068215
16814.842656 0.272514518505677
16892.45224 0.273728005547369
16976.845371 0.27182109733899595
17055.159566 0.272601196151513
17139.79233 0.27147438675565605
17216.90104 0.271907774984831
17302.344966 0.27052093265146904
17378.823146 0.27086764323481005
17464.823968 0.26930744560977704
17541.298748 0.269134090318107
17626.811585 0.268353991505591
17704.185669 0.26844066915142595
17789.09549 0.26714050446389903
17866.923882 0.26662043858888795
17951.442326 0.26653376094305303
18028.91911 0.26636040565138297
18114.765169 0.26575366213053697
18185.785445 0.26714050446389903
18273.130381 0.26497356331802
18359.579184 0.264020109213834
18428.312504 0.263066655109647
18519.88112 0.263066655109647
18599.627415 0.26176649042211997
18686.673505 0.26202652335962595
18765.619516 0.26107306925543905
18854.223762 0.26159313513045
18933.670586 0.26072635867209804
19013.645709 0.26159313513045
19102.301613 0.260032937505417
19181.976092 0.26046632573459305
19270.147094 0.259166161047066
19350.199096 0.25899280575539596
19438.228747 0.25777931871370396
19518.049536 0.25829938458871504
19607.158515 0.257519285776198
19692.118428 0.257519285776198
19785.129068 0.25647915402617705
19863.287917 0.25656583167201197
19942.268323 0.25561237756782496
20028.89051 0.255785732859496
20112.772011 0.25439889052613296
20203.363246 0.25465892346363905
20277.587321 0.253965502296958
20366.809481 0.253878824651122
20448.708697 0.253532114067782
20538.965846 0.25231862702609
20621.709388 0.252058594088585
20711.493191 0.25153852821357403
20784.813498 0.251105139984398
20874.511206 0.25032504117188203
20957.26671 0.25101846233856295
21046.967753 0.24954494235936597
21128.599937 0.24937158706769502
21210.034926 0.25032504117188203
21301.639271 0.248678165901014
21383.790255 0.24859148825517896
21473.433233 0.24755135650515703
21554.743315 0.24737800121348696
21645.570873 0.24729132356765204
21727.976035 0.24711796827598198
21808.67389 0.24616451417179497
21898.69547 0.24616451417179497
21980.110815 0.245297737713444
22071.251419 0.24555777065094897
22144.841616 0.24434428360925697
22234.750585 0.24417092831758702
22316.416251 0.24365086244257605
22407.773094 0.24391089538008104
22489.739741 0.24313079656756498
22572.184169 0.24339082950507096
22666.993822 0.24243737540088395
22751.231591 0.242003987171708
22842.514784 0.24252405304671898
22923.336099 0.242003987171708
23011.223274 0.242003987171708
23082.058256 0.242003987171708
23168.715421 0.23983704602583
23247.409163 0.23983704602583
23333.890135 0.23957701308832502
23413.005312 0.239230302504984
23500.693444 0.23957701308832502
23579.647796 0.238883591921643
23666.541923 0.23905694721331405
23737.237539 0.238623558984138
23824.364455 0.237063361359105
23903.262148 0.23732339429661098
23990.231301 0.23732339429661098
24070.259028 0.2368033284216
24158.288746 0.2368033284216
24235.362789 0.23636994019242397
24313.093462 0.23532980844240303
24400.119504 0.23541648608823795
24478.399713 0.23446303198405105
24568.31447 0.23515645315073197
24637.72584 0.234029643754876
24723.046279 0.23298951200485396
24800.665091 0.23298951200485396
24886.394761 0.23272947906734898
24955.460773 0.23238276848400796
25040.863381 0.231255959088151
25118.358515 0.23177602496316196
25203.836139 0.23142931437982095
25272.957378 0.230649215567305
25360.640694 0.22934905087977797
25440.621961 0.23047586027563505
25528.717876 0.22969576146311899
25600.445321 0.23021582733812995
25686.834149 0.22796220854641602
25766.671061 0.22900234029643796
25845.244614 0.228222241483921
25932.06026 0.227615497963075
26012.036946 0.22674872150472403
26100.428395 0.22735546502557002
26180.620256 0.22588194504637205
26260.841969 0.227875530900581
26349.436479 0.22510184623385598
26429.32665 0.22631533327554798
26506.735203 0.22562191210886695
26595.391334 0.22518852387969102
26673.610969 0.22414839212966997
26758.980178 0.224841813296351
26828.01016 0.22536187917136197
26914.043725 0.223628326254659
26991.049178 0.22336829331715302
27077.145089 0.22354164860882397
27158.003486 0.22258819450463696
27246.735908 0.22215480627546202
27329.160403 0.22258819450463696
27420.221854 0.221201352171275
27503.808759 0.22163474040045095
27591.242675 0.220247898067088
27671.203758 0.220247898067088
27800.134701 0.22111467452543998
27897.088587 0.21972783219207803
27978.38366 0.21877437808789102
28059.596905 0.21990118748374798
28149.467059 0.21877437808789102
28230.139333 0.21938112160873702
28307.590817 0.21946779925457205
28392.954879 0.21808095692121
28470.214023 0.21704082517118795
28549.202637 0.21877437808789102
28633.495672 0.21643408165034195
28707.62298 0.21790760162954004
28790.550339 0.21574066048366103
28858.344291 0.21834098985871497
28942.341268 0.21496056167114497
29019.28191 0.21634740400450703
29101.157959 0.21470052873363998
29170.732547 0.21634740400450703
29257.054837 0.213833752275288
29335.523416 0.21530727225448598
29422.119286 0.21374707462945297
29499.435656 0.21470052873363998
29576.84017 0.21409378521279399
29662.509915 0.21314033110860697
29739.236573 0.212620265233596
29818.30138 0.21357371933778302
29900.592522 0.21166681112941
29974.454671 0.21305365346277205
30048.394156 0.213227008754442
30130.35352 0.21184016642107995
30206.005494 0.21158013348357496
30280.533579 0.21175348877524502
30362.534575 0.21036664644188297
30436.751699 0.21166681112941
30510.739867 0.21175348877524502
30592.588278 0.21054000173355303
30667.037587 0.21010661350437698
30740.756081 0.210453324087718
30822.352799 0.20949986998353098
30896.56624 0.20967322527520105
30970.545359 0.21001993585854195
31052.517241 0.20897980410852002
31119.452394 0.211060067608564
31202.657988 0.208026350004334
31280.003422 0.20941319233769595
31363.36137 0.20785299471266405
31429.793781 0.20889312646268499
31511.25468 0.207679639420993
31577.10177 0.20897980410852002
31662.040962 0.20689954060847704
31740.907892 0.20759296177515796
31820.001197 0.20672618531680698
31905.698725 0.206466152379301
31984.677635 0.20689954060847704
32071.79176 0.20594608650429103
32141.966023 0.20603276415012595
32227.506487 0.20551269827511498
32304.973269 0.205859408858455
32382.375273 0.20568605356678504
32467.776512 0.204992632400104
32545.159848 0.20481927710843395
32622.885174 0.20473259946259903
32708.288589 0.20421253358758795
32785.391398 0.204992632400104
32862.161195 0.204992632400104
32951.904513 0.20386582300424705
33021.55543 0.20369246771257699
33107.692266 0.203432434775072
33186.037431 0.20386582300424705
33263.959329 0.20325907948340105
33350.340947 0.20291236890006104
33428.353541 0.20334575712923597
33506.785185 0.203085724191731
33593.086831 0.20273901360838997
33663.44416 0.20204559244170905
33748.472353 0.20256565831672002
33825.327803 0.201612204212534
33902.613141 0.201612204212534
33987.850073 0.20109213833752304
34056.763216 0.20221894773338
34141.803691 0.20057207246251196
34218.828676 0.20109213833752304
34303.988419 0.20057207246251196
34373.050517 0.20057207246251196
34458.236816 0.19987865129583104
34535.266977 0.20022536187917095
34612.657294 0.19996532894166597
34698.995131 0.200052006587501
34775.802563 0.19909855248331498
34857.710432 0.19909855248331498
34943.163643 0.19901187483747895
35013.436506 0.199791973649996
35099.191503 0.19857848660830402
35176.95057 0.198231776024963
35262.775244 0.19814509837912797
35332.739802 0.197885065441623
35418.909416 0.197625032504117
35496.876829 0.19753835485828197
35574.724323 0.197885065441623
35660.638276 0.19693161133743597
35730.301701 0.19753835485828197
35816.234513 0.19658490075409596
35885.938873 0.19710496662910604
35971.991335 0.19623819017075494
36049.872218 0.19571812429574398
36127.608203 0.195458091358239
36213.631265 0.19511138077489798
36291.391072 0.19537141371240396
36369.086036 0.19589147958741404
36454.865195 0.195198058420733
36524.465238 0.195198058420733
36610.373248 0.19476467019155796
36679.992599 0.19450463725405198
36766.070587 0.19407124902487605
36843.871154 0.19389789373320598
36921.675176 0.19355118314986597
37007.492949 0.19320447256652495
37077.081709 0.193031117274855
37163.175956 0.192684406691514
37241.008778 0.19372453844153603
37318.91097 0.19329115021235999
37404.84915 0.19294443962901997
37474.588977 0.19225101846233905
37560.393505 0.19251105139984404
37637.8934 0.191817630233163
37714.736535 0.191817630233163
37797.961191 0.19112420906648198
37865.256224 0.19138424200398696
37948.436756 0.19051746554563598
38023.686829 0.19103753142064706
38098.798727 0.190864176128976
38181.778364 0.19043078789980095
38249.182622 0.18956401144144897
38332.212653 0.189650689087284
38399.559836 0.18947733379561404
38482.694645 0.189043945566438
38557.820939 0.18852387969142803
38632.962862 0.18895726792060297
38716.008485 0.18809049146225199
38783.175911 0.188437202045592
38866.447526 0.187830458524746
38941.511462 0.18765710323307605
39016.598437 0.18765710323307605
39099.723775 0.18739707029557096
39167.036954 0.18757042558724102
39250.265694 0.18670364912889004
39317.603204 0.18774378087891097
39400.828955 0.18618358325387896
39476.005237 0.185663517378868
39551.007371 0.18653029383721897
39634.101859 0.18575019502470302
39701.385247 0.18644361619138405
39784.417921 0.18488341856635204
39859.596264 0.18523012914969195
39934.785138 0.185663517378868
40017.877731 0.18384328681633
40085.113206 0.185663517378868
40167.919009 0.18349657623298998
40235.198296 0.18531680679552698
40318.238505 0.18306318800381405
40385.602151 0.18488341856635204
40468.72987 0.18271647742047303
40536.067114 0.18410331975383598
40619.146507 0.182283089191298
40686.446855 0.183236543295484
40769.415557 0.18176302331628702
40836.634977 0.18314986564964897
40919.775827 0.18132963508711097
40987.023586 0.18236976683713302
41070.085429 0.18089624685793504
41145.303685 0.181416312732946
41220.440166 0.182283089191298
41303.506869 0.18054953627459502
41370.787387 0.18236976683713302
41453.856529 0.18028950333708904
41521.021225 0.181676345670452
41604.075066 0.17950940452457298
41679.309472 0.17976943746207896
41754.491831 0.17994279275374903
41837.642788 0.17846927277455105
41904.86206 0.179856115107914
41987.754547 0.17820923983704595
42054.871201 0.17942272687873795
42137.858933 0.17751581867036503
42205.181476 0.178642628066222
42288.255637 0.177082430441189
42356.473215 0.17812256219121103
42444.160703 0.17699575279535396
42513.906516 0.17725578573285905
42599.486683 0.17673571985784897
42668.795533 0.176822397503684
42754.199659 0.17630233162867304
42823.539337 0.176475686920343
42909.068141 0.17578226575366196
42970.194492 0.17734246337869497
43055.668174 0.17517552223281596
43133.092144 0.175868943399497
43210.360357 0.17673571985784897
43295.834102 0.175002166941146
43373.041913 0.1743954234203
43450.463674 0.17456877871196996
43527.747191 0.17578226575366196
43613.029949 0.17413539048279403
43690.407558 0.17396203519112396
43767.805869 0.17396203519112396
43845.076562 0.17491548929531098
43930.385328 0.17335529167027797
44000.212221 0.17491548929531098
44087.28894 0.17309525873277298
44164.748253 0.173441969316113
44241.960087 0.17257519285776202
44327.169182 0.17214180462858597
44396.246805 0.17257519285776202
44481.473969 0.17205512698275105
44542.492685 0.17292190344110303
44627.907375 0.17196844933691602
44705.111071 0.171881771691081
44782.315932 0.17257519285776202
44867.732303 0.17153506110773997
44936.783982 0.17240183756609195
45021.924594 0.171275028170235
45099.048672 0.17136170581607002
45176.286129 0.17118835052439996
45253.443832 0.17205512698275105
45338.768102 0.17075496229522402
45415.87097 0.170668284649389
45493.016872 0.17075496229522402
45571.02438 0.17170841639941103
45656.735018 0.170408251711883
45726.096611 0.17118835052439996
45811.60428 0.16997486348270796
45888.871053 0.16988818583687304
45966.136556 0.16988818583687304
46043.396744 0.17049492935771904
46128.774504 0.169454797607697
46206.128974 0.16962815289936695
46283.544927 0.16910808702435598
46360.860968 0.170061541128543
46446.162564 0.16928144231602704
46515.343908 0.16962815289936695
46600.809259 0.168848054086851
46678.174404 0.16876137644101596
46755.426825 0.168241310566005
46832.788789 0.168848054086851
46918.293877 0.16841466585767495
46987.394498 0.16893473173268603
47072.86968 0.16815463292016997
47150.185282 0.16806795527433505
47227.552912 0.16780792233682895
47304.96112 0.168241310566005
47390.301415 0.16780792233682895
