time train-error
157.884135 0.845627112767617
349.613886 0.7527086764323481
507.134899 0.833318887059027
680.036338 0.6603103059720901
852.906223 0.725318540348444
992.936367 0.645315073242611
1165.934219 0.7227182109733901
1355.570976 0.623819017075496
1528.425883 0.656236456617838
1685.183734 0.6076102973043249
1857.772407 0.646355204992632
2012.358333 0.598595822137471
2182.589703 0.637340729825778
2336.669457 0.59218167634567
2507.026856 0.627286122908902
2660.949764 0.5862009187830459
2831.270682 0.6186183583253879
2985.406245 0.583687267053827
3155.604938 0.610470659616885
3309.673956 0.582907168241311
3479.932022 0.602236283262547
3633.978414 0.58273381294964
3804.223926 0.593828551616538
3942.461833 0.571205686053567
4112.818037 0.588194504637254
4245.85565 0.562017855595042
4409.13171 0.5823871023663
4556.991698 0.566351737886799
4720.288746 0.576666377741181
