time train-error
0.375926 0.848227442142671
0.667406 0.848227442142671
1.016238 0.848227442142671
1.423945 0.847100632746815
1.885273 0.812169541475254
2.40568 0.804888619225102
2.969943 0.70113547716044
3.589829 0.714570512264887
4.273885 0.688567218514345
5.021312 0.661177082430441
5.828493 0.649215567305192
6.679119 0.63855421686747
7.575228 0.6168848054086851
8.536185 0.590448123428968
9.54775 0.589321314033111
10.611752 0.5789199965328939
11.7315 0.559244170928318
12.899352 0.564444829678426
14.083995 0.5630579873450641
15.335496 0.5501430181156279
16.634162 0.533414232469446
18.01443 0.512524919823178
19.410524 0.48158100026003303
20.835032 0.47369333448903495
22.334414 0.46944612984311396
23.879581 0.467799254572246
25.45487 0.46138510878044503
27.057497 0.44899020542602097
28.708776 0.433214873884025
30.387134 0.43330155152986005
32.087584 0.41925977290456795
33.876267 0.42359365519632497
35.711053 0.415705989425327
37.590489 0.41561931177949196
39.501124 0.413625725925284
41.450528 0.41258559417526197
43.451985 0.40487128369593495
45.552067 0.39386322267487195
47.70097 0.395163387362399
49.863877 0.378954667591228
52.050713 0.376267660570339
54.254734 0.37453410765363604
56.505576 0.372973910028604
58.862985 0.369853514778539
61.257834 0.361012394903354
63.687819 0.356418479674092
66.09677 0.353558117361532
68.527669 0.35156453150732403
71.065544 0.347750715090578
73.63091 0.34705729392389695
76.220671 0.34558377394469997
78.841873 0.34220334575712896
81.514137 0.33726271994452595
84.29494 0.332582127069429
87.114386 0.325821270694288
89.933203 0.32400104013175
92.778942 0.32200745427754196
95.693053 0.32166074369420095
98.668506 0.31975383548582803
101.658203 0.31316633440235797
104.694106 0.30337176042298697
107.806871 0.30293837219381103
110.946314 0.29990465458958104
114.06095 0.29505070642281395
117.201368 0.295224061714484
120.417929 0.29479067348530796
123.713325 0.294010574672792
127.01514 0.293923897026957
130.354357 0.28048886192251
133.833631 0.277801854901621
137.324136 0.27762849960995095
140.758243 0.276501690214094
144.272619 0.27390136083904004
147.854857 0.272514518505677
151.416639 0.27173441969316103
154.959516 0.268527346797261
158.592079 0.26566698448470105
162.27212 0.26315333275548203
165.941145 0.257865996359539
169.662072 0.259079483401231
173.44972 0.25769264106786904
177.251666 0.256999219901187
181.094235 0.25647915402617705
184.997122 0.25101846233856295
188.890903 0.24113721071335703
192.833067 0.23871023662997304
196.806541 0.23723671665077595
200.776132 0.23359625552569996
204.727016 0.23047586027563505
208.749759 0.23212273554650298
212.849797 0.23238276848400796
216.923125 0.230649215567305
221.075465 0.22770217560891004
225.249955 0.22293490508797797
229.389668 0.22310826037964804
233.589286 0.220854641587934
237.829423 0.21990118748374798
241.970853 0.21946779925457205
246.171689 0.21894773337956097
250.429884 0.21652075929617798
254.633705 0.212620265233596
258.9063 0.20949986998353098
263.242904 0.204992632400104
267.539338 0.204645921816763
271.876953 0.20204559244170905
276.26833 0.20178555950420396
280.635011 0.201872237150039
284.994922 0.19996532894166597
289.382935 0.19892519719164403
293.748417 0.19554476900407403
298.141441 0.195198058420733
302.584694 0.193637860795701
307.030485 0.19337782785819502
311.53666 0.19320447256652495
316.079746 0.192424373754009
320.598819 0.19043078789980095
325.098397 0.18375660917049497
329.617877 0.18375660917049497
334.095103 0.18531680679552698
338.618663 0.17760249631619995
343.206079 0.177082430441189
347.745219 0.17699575279535396
352.412416 0.17604229869116705
357.102364 0.17491548929531098
361.695555 0.17534887752448602
366.353395 0.1743954234203
371.028082 0.17196844933691602
375.604033 0.17075496229522402
380.238109 0.169801508191038
384.915011 0.169454797607697
389.561918 0.16910808702435598
394.263319 0.16737453410765402
399.032193 0.16746121175348905
403.767253 0.16286729652422605
408.518725 0.16269394123255598
413.324671 0.15931351304498598
417.976879 0.16018028950333696
422.694364 0.15974690127416102
427.439097 0.159400190690821
432.1641 0.15792667071162303
436.939223 0.15584640721158005
441.654569 0.15497963075322896
446.390398 0.15307272254485604
451.164054 0.14943226141978005
455.921078 0.14934558377394502
460.703213 0.14908555083643904
465.459263 0.14882551789893395
470.152611 0.14752535321140703
474.904208 0.14769870850307698
479.689269 0.145618445003034
484.433051 0.145878477940539
489.267611 0.14509837912802304
494.107802 0.14457831325301196
498.886099 0.14457831325301196
503.767412 0.14483834619051705
508.536234 0.14388489208633104
513.259626 0.14206466152379305
518.098987 0.14033110860708997
522.880502 0.13989772037791404
527.669321 0.14024443096125505
532.534251 0.14076449683626602
537.372282 0.14015775331542002
542.209586 0.13929097685706904
547.116988 0.13790413452370598
551.898617 0.13530380514865203
556.702354 0.13296350871110296
561.57358 0.13088324521105998
566.35758 0.13070988991939003
571.205861 0.13044985698188405
576.110884 0.13036317933604902
580.950057 0.13036317933604902
585.811405 0.13018982404437895
590.689568 0.12620265233596295
595.442278 0.12654936291930297
600.242925 0.12455577706509502
605.033534 0.12247551356505204
609.763322 0.12282222414839195
614.594555 0.12178209239837001
619.362713 0.12178209239837001
624.171685 0.12160873710669995
629.020249 0.11935511831498702
633.734742 0.11805495362745899
638.437241 0.11762156539828394
643.173157 0.11649475600242698
647.79838 0.11476120308572402
652.435894 0.11467452543988899
657.202013 0.114414492502384
661.883109 0.11346103839819699
666.596457 0.11363439368986705
671.424419 0.113807748981538
676.085551 0.11155413018982396
680.768964 0.11242090664817495
685.547296 0.11129409725231898
690.224847 0.11094738666897797
694.855094 0.11155413018982396
699.558227 0.10947386668978099
704.269668 0.10912715610643997
708.969863 0.10912715610643997
713.796984 0.10748028083557204
718.445541 0.10696021496056196
723.037673 0.10687353731472604
727.632059 0.10678685966889101
732.136363 0.10635347143971596
736.64883 0.10609343850220998
741.088853 0.10444656323134305
745.533418 0.10427320793967199
750.015124 0.10479327381468295
754.517955 0.10375314206466202
759.02774 0.10357978677299096
763.494997 0.10383981971049705
767.979845 0.10418653029383695
772.478322 0.10115281268960696
776.885241 0.100632746814597
781.283259 0.10193291150212402
785.695117 0.10071942446043203
790.11089 0.10019935858542095
794.530664 0.09993932564791497
798.98271 0.10037271387709101
803.46149 0.10019935858542095
807.913781 0.09959261506457495
812.415205 0.09863916096038805
816.882474 0.09915922683539902
821.315552 0.09716564098119096
825.737331 0.09846580566871799
830.128205 0.09725231862702599
834.533573 0.09733899627286102
838.931505 0.09725231862702599
843.359021 0.09690560804368598
847.804756 0.09577879864782901
852.194813 0.09387189043945598
856.569569 0.093005113981104
860.929469 0.09369853514778503
865.230822 0.092398370460258
869.545974 0.093005113981104
873.869496 0.09248504810609304
878.187237 0.09222501516858805
882.51926 0.09265840339776399
886.873439 0.09118488341856601
891.26528 0.09135823871023696
895.617658 0.09057813989772001
899.970561 0.09005807402270904
904.30763 0.09031810696021503
908.604682 0.09005807402270904
912.904928 0.09040478460604995
917.207677 0.09005807402270904
921.500987 0.08676432348097396
925.811987 0.08702435641848005
930.205891 0.08555083643928196
934.592497 0.08719771171015
938.945577 0.08546415879344704
943.331349 0.08598422466845801
947.710873 0.08529080350177698
952.027487 0.085030770564271
956.337123 0.08520412585594195
960.652242 0.08451070468926103
964.98479 0.084424027043426
969.308559 0.08468405998093098
973.659554 0.08416399410592001
978.029706 0.08390396116841503
982.363985 0.08373060587674397
986.734516 0.08338389529340395
991.073272 0.08095692121001996
995.355518 0.07948340123082298
999.610531 0.08069688827251498
1003.859342 0.08113027650169002
1008.127235 0.08156366473086596
1012.40217 0.08087024356418504
1016.696696 0.08104359885585499
1021.007095 0.080436855335009
1025.292223 0.08078356591835001
1029.571909 0.07878998006414195
1033.869332 0.07809655889746003
1038.100053 0.07931004593915203
1042.298034 0.07826991418913098
1046.504175 0.07826991418913098
1050.716043 0.07835659183496602
1054.944988 0.07818323654329595
1059.184214 0.07852994712663597
1063.447893 0.077403137730779
1067.671324 0.07627632833492204
1071.943335 0.07627632833492204
1076.189502 0.07445609777238404
1080.37113 0.07514951893906596
1084.526781 0.07445609777238404
1088.679428 0.07454277541821996
1092.84318 0.074629453064055
1097.015718 0.07436942012654901
1101.16875 0.07367599895986798
1105.337147 0.07298257779318695
1109.487774 0.07376267660570301
1113.60953 0.07228915662650603
1117.749404 0.07237583427234096
1121.886312 0.072202478980671
1125.959114 0.07211580133483597
1130.027099 0.07176909075149496
1134.099717 0.07254918956401102
1138.169466 0.07150905781398997
1142.267615 0.07142238016815505
1146.338242 0.07046892606396804
1150.45115 0.07081563664730905
1154.556334 0.07055560370980296
1158.636351 0.07029557077229798
1162.728433 0.07020889312646295
1166.79178 0.07098899193897901
1170.818226 0.07055560370980296
1174.841534 0.069428794313946
1178.859349 0.06856201785559501
1182.885262 0.06873537314726497
1186.916224 0.06890872843893603
1190.930881 0.06812862962641897
1194.989615 0.06864869550143005
1199.063522 0.06890872843893603
1203.116701 0.06769524139724403
1207.192465 0.067608563751409
1211.242135 0.067608563751409
1215.226642 0.06778191904307895
1219.215845 0.06812862962641897
1223.20186 0.06752188610557297
1227.182 0.06587501083470604
1231.165508 0.06726185316806799
1235.148075 0.06778191904307895
1239.149376 0.06613504377221102
1243.150651 0.06596168848054096
1247.137091 0.06552830025136502
1251.134188 0.06526826731386004
1255.141419 0.06535494495969496
1259.108028 0.06474820143884896
1263.016093 0.06500823437635395
1266.960851 0.064834879084684
1270.901249 0.064228135563838
1274.833103 0.064228135563838
1278.756384 0.064228135563838
1282.681399 0.06431481320967303
1286.647884 0.06405478027216804
1290.605938 0.06310132616798103
1294.551256 0.06396810262633301
1298.506696 0.06466152379301404
1302.470167 0.063014648522146
1306.367852 0.06388142498049798
1310.240605 0.06344803675132205
1314.117009 0.06258126029296995
1317.996442 0.06292797087631097
1321.880934 0.06266793793880598
1325.752149 0.062061194417959986
1329.644125 0.06154112854294902
1333.559529 0.06249458264713503
1337.49053 0.06162780618878405
1341.391709 0.06067435208459704
1345.278999 0.061107740313772974
1349.138809 0.060500996792926975
1352.965202 0.06076102973043296
1356.801779 0.06058767443876201
1360.635719 0.06084770737626799
1364.468659 0.06058767443876201
1368.318131 0.06076102973043296
1372.138548 0.06006760856375104
1375.990605 0.06015428620958696
1379.836708 0.05989425327208098
1383.666728 0.05946086504290504
1387.504368 0.06015428620958696
1391.350401 0.05920083210539995
1395.150776 0.05989425327208098
1398.936129 0.06024096385542199
1402.712889 0.05859408858455395
1406.492862 0.058854121522059044
1410.280623 0.058940799167894964
1414.057014 0.059027476813729995
1417.841692 0.05868076623038898
1421.659285 0.058940799167894964
1425.485273 0.058854121522059044
1429.252474 0.058247378001213046
1433.04529 0.058420733292884
1436.83516 0.05798734506370795
1440.574235 0.058334055647048966
1444.294783 0.058247378001213046
1448.017916 0.057207246251192
1451.748552 0.05582040391783005
1455.4893 0.05590708156366497
1459.26627 0.05634046979284002
1463.047608 0.05504030510531299
1466.814669 0.055213660396984054
1470.548972 0.054606916876137945
1474.261828 0.05478027216780801
1477.997121 0.05478027216780801
1481.728841 0.05434688393863196
1485.384802 0.05469359452197298
1489.055559 0.054433561584466994
1492.722571 0.054606916876137945
1496.385786 0.05408685100112698
1500.049607 0.054520239230302026
1503.718305 0.054520239230302026
1507.412112 0.05356678512611601
1511.168105 0.05330675218861103
1514.820504 0.05356678512611601
1518.485848 0.054520239230302026
1522.136867 0.05486694981364304
1525.746787 0.053740140417785964
1529.32157 0.05391349570945703
1532.888681 0.053220074542775
1536.463799 0.05330675218861103
1540.043985 0.053046719251105046
1543.630501 0.053220074542775
1547.250091 0.053046719251105046
1550.857787 0.05339342983444595
1554.438303 0.053046719251105046
1557.983349 0.05243997573025905
1561.55976 0.05252665337609397
1565.143375 0.05287336395943498
1568.711094 0.05217994279275395
1572.227056 0.052006587501083
1575.745006 0.05287336395943498
1579.262447 0.053220074542775
1582.790473 0.05191990985524797
1586.314874 0.05183323220941305
1589.832624 0.051573199271907955
1593.376528 0.05183323220941305
1596.917886 0.05174655456357802
1600.602199 0.05174655456357802
1604.140964 0.051573199271907955
1607.686456 0.051399843980237
1611.199071 0.051486521626073034
1614.687859 0.05122648868856705
1618.183822 0.05113981104273202
1621.68676 0.05122648868856705
1625.204097 0.05131316633440197
1628.719849 0.051399843980237
1632.233672 0.05122648868856705
1635.760929 0.05113981104273202
1639.325702 0.05113981104273202
1642.862716 0.05122648868856705
1646.404314 0.04975296870936996
1649.946243 0.050099679292709975
1653.42033 0.05035971223021596
1656.903072 0.05035971223021596
1660.40327 0.050099679292709975
1663.900206 0.050186356938546006
1667.409899 0.050099679292709975
1670.922367 0.049406258126028946
1674.419075 0.04983964635520499
1677.929314 0.04949293577186398
1681.423077 0.049406258126028946
1684.913654 0.049319580480194025
1688.420107 0.049232902834358994
1691.913384 0.049319580480194025
1695.372696 0.04897286989685401
1698.833182 0.04949293577186398
1702.280919 0.048626159313512995
1705.717551 0.04905954754268904
1709.155707 0.04897286989685401
1712.598114 0.04879951460518295
1716.04376 0.04871283695934803
1719.514598 0.04827944873017298
1722.969542 0.048539481667677964
1726.426494 0.04836612637600801
1729.88746 0.048539481667677964
1733.328947 0.04827944873017298
1736.735618 0.047846060500997045
1740.116136 0.047846060500997045
1743.492062 0.048019415792667
1746.872199 0.047932738146831966
1750.253364 0.04749934991765603
1753.652996 0.04819277108433695
1757.026722 0.04758602756349095
1760.418346 0.04749934991765603
1763.795484 0.047412672271821
1767.164269 0.047065961688480984
1770.51092 0.04723931698015105
1773.862232 0.04697928404264495
1777.21761 0.04767270520932698
1780.529397 0.047065961688480984
1783.854135 0.04697928404264495
1787.159258 0.046805928750975
1790.464187 0.04697928404264495
1793.772042 0.046805928750975
1797.093393 0.04671925110513997
1800.415367 0.04654589581347002
1803.743073 0.046805928750975
1807.076188 0.046199185230129
1810.419514 0.04654589581347002
1813.761789 0.04611250758429397
1817.088845 0.046459218167634986
1820.382027 0.04585247464678899
1823.646007 0.04585247464678899
1826.906151 0.04593915229262402
1830.179993 0.04611250758429397
1833.449168 0.04611250758429397
1836.72616 0.04507237583427204
1839.988081 0.04663257345930505
1843.258552 0.04585247464678899
1846.545372 0.04593915229262402
1849.820125 0.04585247464678899
1853.085531 0.045679119355118036
1856.351757 0.046285862875964034
1859.641387 0.04550576406344797
1862.946526 0.04541908641761305
1866.186544 0.04524573112594299
1869.40791 0.04541908641761305
1872.644301 0.04515905348010796
1875.877747 0.04541908641761305
1879.124067 0.04541908641761305
1882.3609 0.04541908641761305
1885.623775 0.04550576406344797
1888.889047 0.04541908641761305
1892.133805 0.04429227702175598
1895.37793 0.044899020542601975
1898.620237 0.044812342896767055
1901.846203 0.044812342896767055
1905.057788 0.044812342896767055
1908.247371 0.044812342896767055
1911.445492 0.04455230995926196
1914.676207 0.044812342896767055
1917.915188 0.044812342896767055
1921.15597 0.044812342896767055
1924.373574 0.04437895466759101
1927.575797 0.044812342896767055
1930.801313 0.04437895466759101
1934.018485 0.04429227702175598
1937.23439 0.04437895466759101
1940.45325 0.044205599375920945
1943.687402 0.04377221114674501
1946.875166 0.04403224408425099
1950.022089 0.04359885585507495
1953.167946 0.04394556643841596
1956.31442 0.04385888879258004
1959.459908 0.04403224408425099
1962.607689 0.04377221114674501
1965.814143 0.043338822917569964
1969.030661 0.04359885585507495
1972.244601 0.04368553350090998
1975.455082 0.04351217820924003
1978.665165 0.043252145271734044
1981.863965 0.04316546762589901
1985.070192 0.04359885585507495
1988.26857 0.043252145271734044
1991.5047 0.04359885585507495
1994.637619 0.042645401750888046
1997.774899 0.043252145271734044
2000.921596 0.04351217820924003
2004.072737 0.04299211233422895
2007.226954 0.04299211233422895
2010.379205 0.042818757042559
2013.516818 0.04290543468839403
2016.686824 0.04359885585507495
2019.890658 0.04368553350090998
2023.078981 0.043425500563404995
2026.197968 0.04212533587587797
2029.330161 0.04247204645921798
2032.459715 0.042645401750888046
2035.56158 0.042818757042559
2038.636643 0.04247204645921798
2041.723484 0.04247204645921798
2044.81934 0.04290543468839403
2047.930182 0.042212013521713
2051.019846 0.04212533587587797
2054.106624 0.04229869116754803
2057.189407 0.04247204645921798
2060.288645 0.042212013521713
2063.385801 0.041951980584207016
2066.488611 0.04247204645921798
2069.560109 0.04203865823004205
2072.664764 0.04143191470919605
2075.74397 0.04203865823004205
2078.815179 0.041865302938371984
2081.851626 0.041865302938371984
2084.881008 0.041951980584207016
2087.921686 0.04134523706336102
2090.945854 0.042558724105053014
2094.001664 0.04247204645921798
2097.037811 0.04143191470919605
2100.074321 0.04203865823004205
2103.121887 0.04143191470919605
2106.179459 0.04151859235503197
2109.218316 0.041605270000867
2112.244602 0.04151859235503197
2115.295742 0.041258559417525986
2118.361106 0.04134523706336102
2121.411831 0.04151859235503197
2124.422027 0.041258559417525986
2127.412424 0.041605270000867
2130.417083 0.04151859235503197
2133.429098 0.04143191470919605
2136.441662 0.041258559417525986
2139.495079 0.04143191470919605
2142.547243 0.041171881771690955
2145.58923 0.04151859235503197
2148.62103 0.041258559417525986
2151.629953 0.041085204125856034
2154.647521 0.04143191470919605
2157.662683 0.041258559417525986
2160.687728 0.04091184883418597
2163.692861 0.041258559417525986
2166.699805 0.040998526480021
2169.682046 0.040391782959175004
2172.654267 0.04065181589667999
2175.617325 0.040565138250844957
2178.598227 0.040565138250844957
2181.582565 0.04065181589667999
2184.565707 0.04030510531333997
2187.5709 0.04091184883418597
2190.588982 0.040998526480021
2193.579865 0.04073849354251502
2196.565831 0.04082517118835005
2199.548353 0.040565138250844957
2202.533387 0.04013175002166902
2205.485114 0.04021842766750405
2208.429357 0.040565138250844957
2211.363308 0.040478460605010036
2214.31389 0.04013175002166902
2217.256086 0.04030510531333997
2220.207794 0.04030510531333997
2223.15143 0.03987171708416404
2226.117534 0.03987171708416404
2229.085501 0.04021842766750405
2232.044117 0.04013175002166902
2234.995203 0.039611684146659054
2237.975101 0.039785039438329006
2240.949877 0.04030510531333997
2243.908816 0.03987171708416404
2246.823537 0.039611684146659054
2249.736201 0.039611684146659054
2252.644029 0.03952500650082302
2255.557023 0.03952500650082302
2258.464733 0.03935165120915296
2261.430151 0.03987171708416404
2264.340927 0.039698361792493975
2267.282842 0.03926497356331804
2270.221897 0.03917829591748301
2273.159632 0.03943832885498799
2276.067688 0.03926497356331804
2279.000165 0.03926497356331804
2281.957348 0.03917829591748301
2284.881407 0.03917829591748301
2287.758978 0.03926497356331804
2290.636943 0.03909161827164798
2293.515491 0.03917829591748301
2296.398933 0.03917829591748301
2299.283661 0.039004940625812945
2302.176104 0.03935165120915296
2305.070819 0.03943832885498799
2308.004694 0.039698361792493975
2310.940743 0.038918262979977025
2313.851678 0.03874490768830696
2316.758551 0.03848487475080198
2319.677365 0.03839819710496695
2322.582573 0.03857155239663701
2325.465063 0.038831585334141994
2328.318623 0.03909161827164798
2331.182671 0.039004940625812945
2334.032128 0.03874490768830696
2336.889491 0.03874490768830696
2339.751735 0.03848487475080198
2342.615787 0.03857155239663701
2345.478779 0.03848487475080198
2348.359535 0.03839819710496695
2351.275539 0.03839819710496695
2354.160121 0.03839819710496695
2357.04236 0.03839819710496695
2359.920211 0.03848487475080198
2362.786238 0.03848487475080198
2365.652876 0.03831151945913103
2368.479095 0.038224841813295996
2371.304521 0.038138164167460964
2374.130639 0.03857155239663701
2376.98548 0.03865823004247204
2379.838691 0.038224841813295996
2382.671216 0.03848487475080198
2385.507561 0.03805148652162604
2388.320824 0.038138164167460964
2391.190583 0.038224841813295996
2394.04017 0.03831151945913103
2396.898231 0.03779145358412095
2399.759257 0.03805148652162604
2402.63443 0.03779145358412095
2405.472175 0.038138164167460964
2408.282809 0.03805148652162604
2411.083644 0.03796480887579101
2413.891819 0.03796480887579101
2416.703794 0.03805148652162604
2419.510565 0.03839819710496695
2422.370395 0.038138164167460964
2425.19076 0.038138164167460964
2428.005669 0.037444743000780045
2430.82272 0.037531420646614966
2433.649939 0.03761809829245
2436.465685 0.037444743000780045
2439.268922 0.03761809829245
2442.087109 0.03727138770910998
2444.922388 0.03787813122995598
2447.70976 0.03787813122995598
2450.480202 0.037358065354945014
2453.244358 0.03761809829245
2456.020067 0.03761809829245
2458.788936 0.03770477593828503
2461.569604 0.03770477593828503
2464.388726 0.03727138770910998
2467.21962 0.03718471006327495
2470.018603 0.037444743000780045
2472.813045 0.03761809829245
2475.61874 0.037444743000780045
2478.410482 0.037444743000780045
2481.192652 0.037444743000780045
2483.994327 0.037531420646614966
2486.801597 0.03683799947993405
2489.588839 0.037444743000780045
2492.354023 0.03718471006327495
2495.101087 0.03727138770910998
2497.851921 0.037444743000780045
2500.609445 0.03727138770910998
2503.360367 0.03727138770910998
2506.129227 0.037011354771604
2508.890073 0.03709803241744003
2511.64928 0.03692467712576897
2514.460706 0.037011354771604
2517.215356 0.03709803241744003
2519.973952 0.03718471006327495
2522.725656 0.03727138770910998
2525.473932 0.03727138770910998
2528.238891 0.03683799947993405
2531.001673 0.037358065354945014
2533.731049 0.03692467712576897
2536.466706 0.037358065354945014
2539.191479 0.03718471006327495
2541.914647 0.03718471006327495
2544.634987 0.03718471006327495
2547.361646 0.03718471006327495
2550.090222 0.036751321834099016
2552.828987 0.036664644188263984
2555.609465 0.03692467712576897
2558.377074 0.03709803241744003
2561.112559 0.03727138770910998
2563.846514 0.03709803241744003
2566.584703 0.03709803241744003
2569.323817 0.037011354771604
2572.060192 0.03709803241744003
2574.758927 0.03649128889659403
2577.487403 0.03631793360492297
2580.198754 0.037444743000780045
2582.889006 0.036404611250758
2585.59348 0.036664644188263984
2588.307031 0.036664644188263984
2591.017335 0.036404611250758
2593.725991 0.03657796654242895
2596.435608 0.03623125595908805
2599.187926 0.03657796654242895
2601.906676 0.03649128889659403
2604.62928 0.03631793360492297
2607.337727 0.036404611250758
2610.047945 0.03623125595908805
2612.761383 0.03649128889659403
2615.453984 0.03657796654242895
2618.152584 0.03614457831325302
2620.849837 0.035884545375748034
2623.514136 0.03631793360492297
2626.184241 0.03649128889659403
2628.852261 0.03649128889659403
2631.541487 0.03649128889659403
2634.223474 0.036404611250758
2636.893951 0.03614457831325302
2639.603091 0.035971223021582954
2642.33394 0.036057900667417986
2645.05059 0.03649128889659403
2647.727877 0.036057900667417986
2650.399403 0.03614457831325302
2653.08235 0.03623125595908805
2655.754433 0.03623125595908805
2658.416677 0.03614457831325302
2661.045028 0.035971223021582954
2663.71259 0.03649128889659403
2666.366001 0.036057900667417986
2669.007306 0.03623125595908805
2671.649233 0.035797867729912
2674.310709 0.035884545375748034
2676.98045 0.035884545375748034
2679.641115 0.03614457831325302
2682.323624 0.03571119008407697
2685.007962 0.03562451243824205
2687.726841 0.035364479500736956
2690.423615 0.03614457831325302
2693.077685 0.035797867729912
2695.736505 0.035797867729912
2698.383019 0.035797867729912
2701.001501 0.03571119008407697
2703.612934 0.035884545375748034
2706.224142 0.03571119008407697
2708.864172 0.035277801854902036
2711.526895 0.03562451243824205
2714.180182 0.03571119008407697
2716.820198 0.03562451243824205
2719.451469 0.03562451243824205
2722.10471 0.03553783479240702
2724.756748 0.03562451243824205
2727.386895 0.03545115714657199
2730.035458 0.035277801854902036
2732.678573 0.035191124209066005
2735.32044 0.03571119008407697
2737.939731 0.03562451243824205
2740.53254 0.03545115714657199
2743.128022 0.03545115714657199
2745.73469 0.03545115714657199
2748.348133 0.03553783479240702
2750.961079 0.03553783479240702
2753.606141 0.03510444656323097
2756.235892 0.035191124209066005
2758.838741 0.03510444656323097
2761.461819 0.03510444656323097
2764.084529 0.03493109127156102
2766.697754 0.035277801854902036
2769.309554 0.03493109127156102
2771.926612 0.035191124209066005
2774.563554 0.03510444656323097
2777.16441 0.03562451243824205
2779.736552 0.03545115714657199
2782.31598 0.035191124209066005
2784.892872 0.035191124209066005
2787.465381 0.035191124209066005
2790.054411 0.03501776891739605
2792.666295 0.03501776891739605
2795.283979 0.035191124209066005
2797.90255 0.035191124209066005
2800.515383 0.03510444656323097
2803.123922 0.03475773597989096
2805.73309 0.03475773597989096
2808.325899 0.03493109127156102
2810.946181 0.03493109127156102
