time train-error
1.355591 0.848227442142671
2.625228 0.848227442142671
3.957789 0.848227442142671
5.345904 0.845280402184277
6.78467 0.843373493975904
8.27631 0.828898327121435
9.823176 0.822830891912976
11.478416 0.806362139204299
13.208554 0.787726445349744
15.071791 0.728352257952674
17.073478 0.676692381034931
18.947572 0.685880211493456
20.970185 0.67599895986825
23.08872 0.6593568518679029
25.235058 0.655283002513652
27.427232 0.654936291930311
29.640591 0.633266880471526
31.917069 0.625205859408858
34.263837 0.605270000866776
36.593418 0.617318193637861
38.948426 0.6070902314293141
41.343883 0.605963422033458
43.735308 0.603796480887579
46.217136 0.594608650429054
48.722166 0.5770997659703561
51.302135 0.561324434428361
53.863543 0.555083643928231
56.378463 0.555256999219901
58.940138 0.55421686746988
61.548639 0.5547369333448899
64.164843 0.547542688740574
66.641729 0.537834792407038
69.286075 0.525353211406778
71.970711 0.522926237323394
74.635752 0.517638900927451
77.242697 0.5185923550316369
79.855284 0.516772124469099
82.481097 0.5172055126982751
85.074614 0.515298604489902
87.636151 0.511484788073156
90.193835 0.49822310826037997
92.763197 0.49362919303111696
95.299909 0.497356331802028
97.795114 0.49232902834359005
100.226555 0.493109127156106
102.649271 0.492762416572766
105.043667 0.492242350697755
107.433711 0.490335442489382
109.817548 0.484788073155933
112.263801 0.485134783739274
114.610147 0.485481494322614
116.997402 0.48383461905174696
119.326769 0.48435468492675704
121.650132 0.48409465198925195
123.926905 0.48010748028083605
126.212983 0.477160440322441
128.519002 0.475946953280749
130.735381 0.48071422380168105
132.978058 0.475340209759903
135.191042 0.47577359798907903
137.37565 0.476033630926584
139.584214 0.47560024269740797
141.741622 0.47343330155152996
143.939717 0.46944612984311396
146.164589 0.47022622865563
148.327873 0.467712576926411
150.50249 0.47100632746814597
152.638057 0.469186096905608
154.756556 0.468666031030597
156.872441 0.46996619571812404
158.972799 0.46606570165554295
161.105364 0.46476553696801604
163.213488 0.46519892519719197
165.252754 0.465025569905521
167.308742 0.464678859322181
169.327117 0.46450550403051005
171.358744 0.4639854381555
173.37543 0.46268527346797295
175.396393 0.464938892259686
177.442991 0.463118661697148
179.482042 0.45869810175955605
181.530801 0.46173181936378604
183.519402 0.46025829938458895
185.505013 0.460344977030424
187.474991 0.46017162173875403
189.445709 0.45930484528040205
191.392117 0.458611424113721
193.383471 0.458004680592875
195.314455 0.459478200572072
197.257197 0.45505764063447995
199.160909 0.45627112767617195
201.025493 0.45531767357198605
202.883772 0.45653116061367804
204.734833 0.45601109473866697
206.612096 0.45748461471786395
208.486985 0.45653116061367804
210.388519 0.454624252405305
212.255422 0.456097772384502
214.122484 0.45419086417612897
215.971669 0.45497096298864503
217.809229 0.45497096298864503
219.647178 0.455491028863656
221.425218 0.455144318280316
223.271398 0.45193724538441504
225.145055 0.450897113634394
226.97591 0.452370633613591
228.791447 0.451157146571899
230.611023 0.451763890092745
232.410239 0.452197278321921
234.215063 0.45167721244690995
236.000051 0.45150385715524
237.82626 0.45098379128022903
239.574169 0.451243824217734
241.312407 0.45141717950940496
243.045396 0.45037704775938303
244.789046 0.450637080696888
246.517247 0.45046372540521795
248.271165 0.449423593655196
249.993338 0.44682326428014196
251.741802 0.44586981017595595
253.467906 0.44803675132183396
255.16162 0.44404957961341796
256.872568 0.446043165467626
258.541726 0.44578313253012003
260.212037 0.445956487821791
261.881635 0.44560977723844997
263.553955 0.44647655369680195
265.250919 0.44647655369680195
266.926692 0.44500303371760397
268.61369 0.44517638900927403
270.288879 0.44586981017595595
271.965488 0.44517638900927403
273.64378 0.44500303371760397
275.314909 0.44500303371760397
276.998654 0.446303198405131
278.681909 0.445089711363439
280.335674 0.442055993759209
282.00529 0.44560977723844997
283.638092 0.444482967842593
285.261558 0.444136257259253
286.908909 0.443876224321747
288.536814 0.443616191384242
290.180051 0.44370286903007705
291.841225 0.443529513738407
293.451994 0.44370286903007705
295.093273 0.44222934905087996
296.712035 0.44257605963422
298.324544 0.443269480800901
299.895763 0.443009447863396
301.462744 0.44309612550923105
303.059034 0.44127589494669295
304.669534 0.44127589494669295
306.282035 0.442316026696715
307.880049 0.441362572592528
309.469914 0.441969316113374
311.05398 0.441362572592528
312.642832 0.44162260553003396
314.223405 0.441709283175869
315.793297 0.44240270434255
317.402393 0.44162260553003396
318.9828 0.44006240790500095
320.544105 0.44066915142584695
322.107236 0.440755829071682
323.646395 0.441102539655023
325.20777 0.440842506717518
326.747165 0.44127589494669295
328.301992 0.43971569732166105
329.861251 0.440755829071682
331.425131 0.44040911848834197
332.958762 0.440149085550836
334.492804 0.44040911848834197
336.027956 0.44006240790500095
337.561742 0.440149085550836
339.093741 0.440235763196672
340.644377 0.440235763196672
342.198502 0.43936898673832003
343.729043 0.44058247378001203
345.280051 0.43980237496749597
346.830978 0.440149085550836
348.387634 0.43971569732166105
349.954604 0.43971569732166105
351.516159 0.43902227615498
353.108885 0.43945566438415495
354.700838 0.43858888792580397
356.273767 0.44032244084250705
357.826315 0.43954234202999
359.377066 0.43936898673832003
360.923224 0.43954234202999
362.458999 0.43945566438415495
364.021801 0.43919563144664997
365.54768 0.43945566438415495
367.077097 0.43858888792580397
368.627594 0.43980237496749597
370.093061 0.43876224321747404
371.586449 0.43919563144664997
373.075466 0.43945566438415495
374.566682 0.43936898673832003
376.058879 0.438415532634134
377.547006 0.437808789113288
379.053028 0.43824217734246296
380.572522 0.43824217734246296
382.05775 0.438068822050793
383.558637 0.43902227615498
385.041627 0.43858888792580397
386.522875 0.438328854988299
388.006763 0.43850221027996905
389.487517 0.43919563144664997
391.017293 0.437202045592442
392.55282 0.43815549969662804
394.069358 0.43910895380081505
395.577693 0.438415532634134
397.080984 0.437982144404958
398.593278 0.43824217734246296
400.100861 0.43858888792580397
401.589281 0.43789546675912305
403.148294 0.43850221027996905
404.668357 0.438415532634134
406.155582 0.438328854988299
407.636092 0.43824217734246296
409.108689 0.437722111467453
410.583544 0.43763543382161696
412.054875 0.43789546675912305
413.530386 0.43815549969662804
415.026235 0.43815549969662804
416.52605 0.436768657363266
417.999626 0.437375400884112
419.461044 0.43824217734246296
420.937112 0.437375400884112
422.433922 0.437808789113288
423.920286 0.43789546675912305
425.395213 0.43850221027996905
426.9335 0.43789546675912305
428.451031 0.437375400884112
429.928674 0.437808789113288
431.410839 0.437462078529947
432.904347 0.438068822050793
434.405956 0.43754875617578204
435.925199 0.43789546675912305
437.428903 0.436855335009101
438.949445 0.438068822050793
440.443478 0.437808789113288
441.959913 0.43642194677992496
443.459194 0.43789546675912305
444.954106 0.43789546675912305
446.45012 0.437462078529947
447.95373 0.43754875617578204
449.46722 0.43763543382161696
451.001024 0.43694201265493604
452.533105 0.43633526913409004
454.020751 0.436508624425761
455.501993 0.43789546675912305
456.983906 0.43754875617578204
458.467295 0.438068822050793
459.951684 0.43754875617578204
462.292407 0.43754875617578204
463.787939 0.437722111467453
465.281873 0.437982144404958
466.793911 0.438068822050793
468.302941 0.43728872323827706
469.806665 0.436768657363266
471.290234 0.437982144404958
472.746985 0.437808789113288
474.210839 0.437722111467453
475.6874 0.43789546675912305
477.16543 0.43815549969662804
478.687475 0.438068822050793
480.200024 0.43754875617578204
481.666822 0.43763543382161696
483.13781 0.437115367946607
484.607592 0.43728872323827706
486.07742 0.43754875617578204
487.546454 0.437375400884112
489.013689 0.43789546675912305
490.509575 0.436508624425761
492.0405 0.436508624425761
493.545563 0.43754875617578204
495.029487 0.43694201265493604
496.509812 0.43728872323827706
497.99575 0.43754875617578204
499.475561 0.43763543382161696
500.901841 0.437115367946607
502.342002 0.437375400884112
503.803634 0.436508624425761
505.242908 0.43694201265493604
506.693476 0.43668197971743095
508.142756 0.43694201265493604
509.583835 0.43702869030077096
511.024046 0.437115367946607
512.460239 0.437462078529947
513.917077 0.436855335009101
515.402154 0.437462078529947
516.873331 0.437115367946607
518.317739 0.43702869030077096
519.79527 0.43763543382161696
521.24726 0.437115367946607
522.697291 0.437202045592442
524.146912 0.43728872323827706
525.595946 0.437462078529947
527.06236 0.437375400884112
528.532363 0.43702869030077096
529.981643 0.43728872323827706
531.426932 0.437462078529947
532.876184 0.43763543382161696
534.312492 0.437462078529947
535.745387 0.437375400884112
537.177128 0.438328854988299
538.654046 0.43763543382161696
540.111384 0.43728872323827706
541.542684 0.43728872323827706
542.973267 0.43763543382161696
544.404991 0.43754875617578204
545.835167 0.436768657363266
547.269831 0.43702869030077096
548.715504 0.437375400884112
550.14017 0.436508624425761
551.564768 0.43763543382161696
552.982314 0.437462078529947
554.395026 0.43728872323827706
555.821208 0.437202045592442
557.233862 0.43728872323827706
558.674386 0.437202045592442
560.142059 0.436595302071596
561.588894 0.43702869030077096
563.020386 0.437115367946607
564.45373 0.437202045592442
565.889846 0.437115367946607
567.324849 0.43702869030077096
568.761521 0.43694201265493604
570.218903 0.43728872323827706
571.696473 0.43607523619658495
573.148738 0.43642194677992496
574.583431 0.43694201265493604
576.010417 0.437202045592442
577.433354 0.437115367946607
578.859112 0.437462078529947
580.282066 0.43668197971743095
581.702517 0.435901880904915
583.163068 0.43702869030077096
584.605065 0.43754875617578204
585.980716 0.43642194677992496
587.342883 0.436508624425761
588.743969 0.43633526913409004
590.129077 0.436768657363266
591.511563 0.43642194677992496
592.915826 0.436508624425761
594.324844 0.436768657363266
595.718096 0.43642194677992496
597.093465 0.43642194677992496
598.498598 0.43642194677992496
599.879781 0.43668197971743095
601.259756 0.436595302071596
602.677117 0.437462078529947
604.094411 0.436768657363266
605.514374 0.43642194677992496
606.913186 0.43702869030077096
608.313046 0.43633526913409004
609.712331 0.436595302071596
611.108743 0.43668197971743095
612.505878 0.436855335009101
613.900914 0.437115367946607
615.341821 0.435901880904915
616.764136 0.43702869030077096
618.153658 0.43668197971743095
619.533104 0.43633526913409004
620.913826 0.436248591488255
622.297945 0.436248591488255
623.68481 0.436508624425761
625.066443 0.436508624425761
626.489979 0.437115367946607
627.889122 0.436768657363266
629.263213 0.436508624425761
630.634236 0.43642194677992496
632.003971 0.436595302071596
633.376987 0.43642194677992496
634.752397 0.43694201265493604
636.139481 0.436855335009101
637.578722 0.43702869030077096
638.947739 0.43694201265493604
640.316679 0.43668197971743095
641.704122 0.436595302071596
643.10667 0.436508624425761
644.520432 0.43642194677992496
645.939792 0.43668197971743095
647.354623 0.43642194677992496
648.813913 0.437202045592442
650.276371 0.436595302071596
651.694268 0.437982144404958
653.111001 0.43694201265493604
654.525319 0.436248591488255
655.938788 0.43642194677992496
657.356125 0.436248591488255
658.768517 0.436855335009101
660.19485 0.436508624425761
661.643326 0.435901880904915
663.047012 0.43694201265493604
664.458727 0.43616191384242
665.856038 0.43642194677992496
667.193342 0.43607523619658495
668.527383 0.43642194677992496
669.872757 0.43607523619658495
671.242344 0.43694201265493604
672.641559 0.436855335009101
674.014263 0.43668197971743095
675.361283 0.436508624425761
676.733696 0.43616191384242
678.086237 0.43598855855075
679.446728 0.43607523619658495
680.817715 0.43598855855075
682.193435 0.43572852561324404
683.589121 0.436595302071596
684.984608 0.436508624425761
686.365955 0.43598855855075
687.747847 0.436508624425761
689.129937 0.435901880904915
690.509517 0.43598855855075
691.890785 0.43642194677992496
693.271691 0.43616191384242
694.699132 0.435641847967409
696.109515 0.435641847967409
697.494065 0.43538181502990403
698.878812 0.43642194677992496
700.264938 0.435901880904915
701.64514 0.435641847967409
703.019661 0.43581520325907996
704.415371 0.435641847967409
705.828326 0.436855335009101
707.215036 0.43668197971743095
708.577997 0.43572852561324404
709.937891 0.435901880904915
711.297716 0.43598855855075
712.656054 0.435641847967409
713.972846 0.43546849267573895
715.348403 0.43581520325907996
716.747789 0.43607523619658495
718.077617 0.435901880904915
719.419951 0.43546849267573895
720.769544 0.43598855855075
722.121727 0.43581520325907996
723.476935 0.43581520325907996
724.832484 0.43581520325907996
726.209803 0.43633526913409004
727.613017 0.435901880904915
728.992798 0.434948426800728
730.368439 0.435901880904915
731.748793 0.435555170321574
733.130361 0.435555170321574
734.512015 0.435555170321574
735.894901 0.43512178209239805
737.273117 0.43616191384242
738.699035 0.435901880904915
740.106628 0.435901880904915
741.489424 0.435035104446563
742.871462 0.434948426800728
744.237251 0.435035104446563
745.601662 0.43512178209239805
746.961589 0.43546849267573895
748.341521 0.43581520325907996
749.721575 0.43642194677992496
751.087417 0.43581520325907996
752.447514 0.435295137384069
753.801617 0.43572852561324404
755.183752 0.435555170321574
756.539813 0.43572852561324404
757.89804 0.435295137384069
759.276394 0.43538181502990403
760.660367 0.436508624425761
762.036151 0.435641847967409
763.389993 0.436248591488255
764.740836 0.43607523619658495
766.093665 0.43616191384242
767.443917 0.43598855855075
768.795231 0.43572852561324404
770.179674 0.43616191384242
771.564625 0.436508624425761
772.953173 0.43616191384242
774.309093 0.43581520325907996
775.668521 0.43581520325907996
777.044881 0.435901880904915
778.420192 0.43598855855075
779.797801 0.435901880904915
781.177155 0.43642194677992496
782.598379 0.43616191384242
783.989566 0.43572852561324404
785.361106 0.43581520325907996
786.715307 0.435901880904915
788.069657 0.435901880904915
789.42051 0.43572852561324404
790.774042 0.435555170321574
792.129306 0.436248591488255
793.522204 0.43546849267573895
794.917813 0.43546849267573895
796.257074 0.43581520325907996
797.559416 0.43538181502990403
798.870845 0.43572852561324404
800.179015 0.435555170321574
801.505424 0.43546849267573895
802.832475 0.435901880904915
804.186754 0.43581520325907996
805.521054 0.43607523619658495
806.856402 0.435641847967409
808.194794 0.435555170321574
809.528128 0.43572852561324404
810.863452 0.435555170321574
812.210937 0.43598855855075
813.600633 0.435555170321574
814.991149 0.43546849267573895
816.364259 0.435555170321574
817.710813 0.43572852561324404
819.056587 0.43546849267573895
820.404197 0.43538181502990403
821.749996 0.43538181502990403
823.089629 0.43581520325907996
824.428979 0.43598855855075
825.785997 0.43616191384242
827.16263 0.43633526913409004
828.481738 0.435295137384069
829.810401 0.43572852561324404
831.13631 0.435641847967409
832.455352 0.43546849267573895
833.799661 0.43581520325907996
835.124988 0.43546849267573895
836.489663 0.435035104446563
837.833351 0.43546849267573895
839.17926 0.43581520325907996
840.505397 0.43538181502990403
841.827886 0.43546849267573895
843.152257 0.435641847967409
844.481631 0.435295137384069
845.805014 0.435901880904915
847.153601 0.435901880904915
848.499553 0.435641847967409
849.825041 0.435555170321574
851.151249 0.43607523619658495
852.477311 0.435555170321574
853.819888 0.43572852561324404
855.16204 0.435555170321574
856.50953 0.436595302071596
857.894742 0.43642194677992496
859.260066 0.435901880904915
860.599019 0.43572852561324404
861.932876 0.435641847967409
863.2661 0.435641847967409
864.598373 0.43538181502990403
865.924567 0.435641847967409
867.247306 0.43607523619658495
868.595388 0.43572852561324404
869.935592 0.435555170321574
871.247625 0.43581520325907996
872.512535 0.435555170321574
873.81346 0.435641847967409
875.102729 0.435555170321574
876.399429 0.43538181502990403
877.720909 0.43616191384242
879.064015 0.43477507150905803
880.365076 0.435555170321574
881.666679 0.435641847967409
882.965166 0.435555170321574
884.266867 0.43546849267573895
885.56965 0.435295137384069
886.873656 0.435555170321574
888.196694 0.435641847967409
889.523598 0.435901880904915
890.847452 0.435901880904915
892.151154 0.43512178209239805
893.455884 0.435295137384069
894.757426 0.43546849267573895
896.070683 0.43546849267573895
897.384526 0.43520845973823397
898.698241 0.43668197971743095
900.07532 0.436248591488255
901.407407 0.43642194677992496
902.715895 0.435035104446563
904.020537 0.43546849267573895
905.323634 0.43538181502990403
906.623666 0.43538181502990403
907.920838 0.43520845973823397
909.253422 0.435555170321574
910.583891 0.435641847967409
911.871143 0.43546849267573895
913.185145 0.435901880904915
914.477293 0.435295137384069
915.769825 0.43538181502990403
917.063518 0.43538181502990403
918.359488 0.43520845973823397
919.655561 0.43607523619658495
920.997065 0.43546849267573895
922.31542 0.436508624425761
923.613269 0.43538181502990403
924.909664 0.435555170321574
926.207561 0.43520845973823397
927.503767 0.435295137384069
928.802766 0.435295137384069
930.101283 0.43520845973823397
931.43445 0.43572852561324404
932.805747 0.43520845973823397
934.157948 0.43633526913409004
935.4837 0.43538181502990403
936.816516 0.435555170321574
938.154892 0.435641847967409
939.494603 0.43572852561324404
940.827717 0.43538181502990403
942.181768 0.43598855855075
943.532757 0.43572852561324404
944.862293 0.435555170321574
946.186316 0.435555170321574
947.517003 0.435555170321574
948.84774 0.435555170321574
950.159451 0.43546849267573895
951.467594 0.43581520325907996
952.824766 0.436248591488255
954.1723 0.435295137384069
955.475621 0.435901880904915
956.762437 0.435295137384069
958.040484 0.43538181502990403
959.337736 0.43520845973823397
960.635646 0.435555170321574
961.934715 0.435641847967409
963.255858 0.435555170321574
964.588845 0.435295137384069
965.906491 0.435641847967409
967.227762 0.43546849267573895
968.548944 0.435295137384069
969.867971 0.435295137384069
971.190113 0.435295137384069
972.514146 0.436248591488255
973.905087 0.43642194677992496
975.253327 0.436248591488255
976.577039 0.436508624425761
977.902263 0.435901880904915
979.230447 0.43598855855075
980.557451 0.435901880904915
981.89314 0.43572852561324404
983.235136 0.435901880904915
984.603796 0.436248591488255
985.993944 0.43581520325907996
987.340122 0.43581520325907996
988.688159 0.43546849267573895
990.03067 0.435641847967409
991.402249 0.435641847967409
992.744353 0.43616191384242
994.106622 0.43546849267573895
995.513709 0.43633526913409004
996.873437 0.43581520325907996
998.209435 0.43572852561324404
999.522358 0.43607523619658495
1000.840221 0.43598855855075
1002.173842 0.43598855855075
1003.510357 0.43607523619658495
1005.405283 0.43607523619658495
1006.742998 0.43598855855075
1008.068946 0.435901880904915
1009.412068 0.43598855855075
1010.745041 0.43607523619658495
1012.078175 0.436248591488255
1013.413843 0.43616191384242
1014.748948 0.43616191384242
1016.084399 0.43581520325907996
1017.439649 0.436508624425761
1018.812206 0.436248591488255
1020.177505 0.435901880904915
1021.531009 0.435901880904915
1022.882693 0.435901880904915
1024.232676 0.43607523619658495
1025.580804 0.43598855855075
1027.610506 0.43598855855075
1028.955006 0.436248591488255
1030.299696 0.436508624425761
1031.745383 0.43642194677992496
1033.140976 0.43581520325907996
1034.489379 0.43607523619658495
1035.844084 0.436248591488255
1037.194065 0.43633526913409004
1038.532266 0.43642194677992496
1039.870472 0.436248591488255
1041.260673 0.43607523619658495
1042.665887 0.43668197971743095
1044.048678 0.436248591488255
1045.429725 0.436248591488255
1046.810487 0.43633526913409004
1048.171167 0.43616191384242
1049.528617 0.436248591488255
1050.857159 0.43598855855075
1052.204756 0.435901880904915
1053.574425 0.43642194677992496
1054.926343 0.436248591488255
1056.251781 0.43633526913409004
1057.576424 0.436248591488255
1058.899632 0.43616191384242
1060.219667 0.43616191384242
1061.539026 0.43616191384242
1062.980699 0.43607523619658495
1064.327841 0.435641847967409
1065.680313 0.435901880904915
1067.037475 0.43598855855075
1068.393412 0.435901880904915
1069.740289 0.435901880904915
1071.113865 0.436248591488255
1072.487431 0.43616191384242
1073.862477 0.435901880904915
1075.214469 0.43581520325907996
1076.568263 0.435901880904915
1077.918254 0.43581520325907996
1079.271497 0.43581520325907996
1080.613723 0.436248591488255
1081.975301 0.43607523619658495
1083.364923 0.43572852561324404
1084.731373 0.43616191384242
1086.071867 0.43633526913409004
1087.41509 0.43616191384242
1088.732496 0.435555170321574
1090.028414 0.43546849267573895
1091.361568 0.435901880904915
1092.698384 0.436248591488255
1094.041538 0.43572852561324404
1095.382739 0.43598855855075
1096.70608 0.436248591488255
1098.023732 0.43572852561324404
1099.336107 0.43581520325907996
1100.648191 0.43598855855075
1101.955719 0.43616191384242
1103.28358 0.43642194677992496
1104.635428 0.43642194677992496
1105.982736 0.43642194677992496
1107.306902 0.436595302071596
1108.626115 0.436508624425761
1109.967806 0.43633526913409004
1111.289184 0.43633526913409004
1112.610474 0.436595302071596
1113.936749 0.436595302071596
1115.280223 0.435901880904915
1116.624762 0.43581520325907996
1117.968479 0.43598855855075
1119.293188 0.43633526913409004
1120.61428 0.43633526913409004
1121.931769 0.43633526913409004
1123.246686 0.43607523619658495
1124.530685 0.43642194677992496
1125.869274 0.43694201265493604
1127.205649 0.43642194677992496
1128.518217 0.436508624425761
1129.831192 0.436248591488255
1131.142415 0.43642194677992496
1132.452641 0.436508624425761
1133.765433 0.43598855855075
1135.081042 0.43616191384242
1136.417183 0.436595302071596
1137.754351 0.436508624425761
1139.065754 0.43642194677992496
1140.375039 0.43633526913409004
1141.681005 0.436508624425761
1142.987559 0.436508624425761
1144.289596 0.43668197971743095
1145.641701 0.43642194677992496
1146.994245 0.436508624425761
1148.305896 0.43633526913409004
1149.646861 0.43668197971743095
1150.959563 0.43642194677992496
1152.274461 0.436508624425761
1153.590943 0.436595302071596
1154.911372 0.43607523619658495
1156.253474 0.43633526913409004
1157.598983 0.435901880904915
1158.923379 0.43616191384242
1160.246687 0.436595302071596
1161.561843 0.436595302071596
1162.836799 0.436508624425761
1164.123172 0.43668197971743095
1165.407687 0.43616191384242
1166.720418 0.436508624425761
1168.055946 0.436508624425761
1169.366902 0.43598855855075
1170.65787 0.436508624425761
1171.947301 0.436508624425761
1173.235155 0.436508624425761
1174.523861 0.436595302071596
1175.817005 0.43633526913409004
1177.105632 0.436768657363266
1178.438072 0.436768657363266
1179.746464 0.43633526913409004
1181.029069 0.436508624425761
1182.311878 0.436595302071596
1183.591338 0.43642194677992496
1184.874986 0.436508624425761
1186.163325 0.436248591488255
1187.461329 0.43616191384242
1188.788086 0.436595302071596
1190.083473 0.43607523619658495
1191.379871 0.436595302071596
1192.678334 0.436508624425761
1193.978074 0.43642194677992496
1195.27459 0.43642194677992496
1196.575914 0.43642194677992496
1197.921885 0.436768657363266
1199.269177 0.436508624425761
1200.591209 0.43598855855075
1201.900382 0.436768657363266
1203.198355 0.43633526913409004
1204.499267 0.436508624425761
1205.794119 0.436595302071596
1207.087656 0.43616191384242
1208.403541 0.43668197971743095
1209.697223 0.436508624425761
1210.990702 0.43633526913409004
1212.281154 0.43633526913409004
1213.573791 0.436508624425761
1214.866285 0.436508624425761
1216.158552 0.43642194677992496
1217.445552 0.43633526913409004
1218.751709 0.43642194677992496
1220.099721 0.43616191384242
1221.427062 0.435901880904915
1222.703362 0.436508624425761
1223.985518 0.43616191384242
1225.269314 0.436248591488255
1226.546052 0.436248591488255
1227.851299 0.43633526913409004
1229.126331 0.436508624425761
1230.426836 0.436248591488255
1231.738271 0.436248591488255
1233.051011 0.43642194677992496
1234.372681 0.43633526913409004
1235.696521 0.43633526913409004
1237.021058 0.436508624425761
1238.348459 0.436508624425761
1239.677285 0.436248591488255
1241.008773 0.437115367946607
1242.403393 0.43668197971743095
1243.7549 0.436508624425761
1245.084053 0.436248591488255
1246.415416 0.436855335009101
1247.738408 0.436508624425761
1249.055706 0.436508624425761
1250.369497 0.435901880904915
1251.710276 0.436248591488255
1253.050766 0.436508624425761
1254.368932 0.43642194677992496
1255.684832 0.43642194677992496
1257.015042 0.436508624425761
1258.322622 0.43633526913409004
1259.620758 0.43633526913409004
1260.933361 0.436508624425761
1262.291698 0.436855335009101
1263.630942 0.436855335009101
1264.946707 0.436248591488255
1266.256707 0.43668197971743095
1267.595638 0.436508624425761
1268.904868 0.43642194677992496
1270.21182 0.436508624425761
1271.5489 0.43616191384242
1272.904846 0.437115367946607
1274.248098 0.43616191384242
1275.573355 0.436508624425761
1276.902166 0.436508624425761
1278.230048 0.436595302071596
1279.561314 0.436595302071596
1280.885391 0.436508624425761
1282.209136 0.436595302071596
1283.581793 0.436248591488255
1284.935079 0.43642194677992496
1286.263854 0.43642194677992496
1287.595023 0.436595302071596
1288.895893 0.436595302071596
1290.183787 0.436508624425761
1291.479168 0.436595302071596
1292.746986 0.43633526913409004
1294.058465 0.436768657363266
1295.367221 0.436768657363266
1296.647997 0.436508624425761
1297.928816 0.436768657363266
1299.207966 0.43668197971743095
1300.484046 0.436595302071596
1301.761456 0.43668197971743095
1303.040674 0.436855335009101
1304.366104 0.436855335009101
1305.66415 0.43702869030077096
1306.968228 0.436508624425761
1308.241404 0.436855335009101
1309.508043 0.436768657363266
1310.765117 0.436768657363266
1312.038442 0.43668197971743095
1313.315179 0.436768657363266
1314.635579 0.43668197971743095
1315.960012 0.43668197971743095
1317.252837 0.43668197971743095
1318.548358 0.43694201265493604
1319.832828 0.436768657363266
1321.137099 0.436768657363266
1322.443998 0.436768657363266
1323.754224 0.43642194677992496
1325.083332 0.436768657363266
1326.436558 0.43694201265493604
1327.765887 0.436855335009101
1329.073675 0.436855335009101
1330.38332 0.436768657363266
1331.69037 0.436855335009101
1332.989059 0.436768657363266
1334.287327 0.43668197971743095
1335.58066 0.437115367946607
1336.917037 0.436855335009101
1338.20882 0.437115367946607
1339.47838 0.436855335009101
1340.753216 0.43694201265493604
1342.028908 0.43694201265493604
1343.309344 0.43694201265493604
1344.588038 0.437115367946607
1345.864434 0.43668197971743095
1347.207994 0.43642194677992496
1348.507717 0.437115367946607
1349.784147 0.43668197971743095
1351.057421 0.436768657363266
1352.347302 0.43694201265493604
1353.643258 0.43702869030077096
1354.940909 0.436855335009101
1356.261222 0.43702869030077096
1357.581483 0.43702869030077096
1358.909871 0.43702869030077096
1360.22074 0.43694201265493604
1361.528718 0.43702869030077096
1362.837703 0.43702869030077096
1364.148427 0.43694201265493604
1365.460557 0.437115367946607
1366.793046 0.437115367946607
1368.146625 0.437115367946607
1369.479875 0.43728872323827706
1370.787174 0.43694201265493604
1372.096147 0.43694201265493604
1373.407786 0.43694201265493604
1374.709508 0.43702869030077096
1376.002377 0.43728872323827706
1377.342099 0.436855335009101
1378.67774 0.436855335009101
1379.965134 0.43702869030077096
1381.253654 0.437115367946607
1382.548385 0.437115367946607
1383.843453 0.436855335009101
1385.133018 0.43694201265493604
1386.44909 0.436768657363266
1387.759403 0.43694201265493604
1389.031289 0.437115367946607
1390.276505 0.437202045592442
1391.561089 0.436855335009101
1392.824364 0.43702869030077096
1394.093002 0.43694201265493604
1395.361938 0.43702869030077096
1396.632757 0.436768657363266
1397.928991 0.437202045592442
1399.249751 0.437202045592442
1400.53064 0.43728872323827706
1401.815027 0.437115367946607
1403.09975 0.437115367946607
1404.387133 0.43702869030077096
1405.672067 0.437202045592442
1406.957588 0.43702869030077096
1408.266735 0.436768657363266
1409.574643 0.437115367946607
1410.859997 0.43702869030077096
1412.151065 0.437202045592442
1413.436943 0.437202045592442
1414.719103 0.437202045592442
1416.000593 0.437202045592442
1417.269716 0.43702869030077096
1418.577167 0.437202045592442
1419.862363 0.436855335009101
1421.143877 0.43694201265493604
1422.405996 0.437202045592442
1423.674059 0.437115367946607
1424.93399 0.43702869030077096
1426.219711 0.437115367946607
1427.482602 0.437202045592442
1428.745117 0.43728872323827706
1430.055961 0.437115367946607
1431.348824 0.43728872323827706
1432.615276 0.43694201265493604
1433.88364 0.437115367946607
1435.151562 0.437115367946607
1436.417122 0.437115367946607
1437.685287 0.43728872323827706
1438.995059 0.43702869030077096
1440.282766 0.436855335009101
1441.576523 0.437115367946607
1442.860944 0.437202045592442
1444.147191 0.437115367946607
1445.432589 0.437115367946607
1446.715962 0.437115367946607
1447.977312 0.437202045592442
1449.217338 0.437115367946607
1450.533071 0.437202045592442
1451.80067 0.436768657363266
1453.069514 0.437202045592442
1454.332385 0.43694201265493604
1455.593554 0.43702869030077096
1456.851554 0.43702869030077096
1458.107599 0.437202045592442
1459.350825 0.43702869030077096
1460.613409 0.437375400884112
1461.883606 0.437202045592442
1463.132998 0.437115367946607
1464.375763 0.43702869030077096
1465.642216 0.43702869030077096
1466.888468 0.43702869030077096
1468.132588 0.437202045592442
1469.425464 0.437202045592442
1470.697749 0.43694201265493604
1471.947767 0.43694201265493604
1473.198546 0.437202045592442
1474.451036 0.43702869030077096
1475.69619 0.43694201265493604
1476.944037 0.43728872323827706
1478.198768 0.437115367946607
1479.472833 0.43702869030077096
1480.792421 0.43702869030077096
1482.070629 0.43702869030077096
1483.323743 0.437202045592442
1484.585793 0.43702869030077096
1485.853749 0.437115367946607
1487.121307 0.43702869030077096
1488.393154 0.43702869030077096
1489.687602 0.43728872323827706
1490.975485 0.43668197971743095
1492.261877 0.437115367946607
1493.526663 0.43754875617578204
1494.788615 0.437115367946607
1496.044648 0.437115367946607
1497.30282 0.437115367946607
1498.560036 0.43702869030077096
1499.839606 0.43694201265493604
1501.132469 0.43702869030077096
1502.404645 0.437202045592442
1503.646485 0.436768657363266
1504.913286 0.436855335009101
1506.160386 0.436855335009101
1507.407208 0.43694201265493604
1508.652477 0.436855335009101
1509.922165 0.43694201265493604
1511.212124 0.437115367946607
1512.479762 0.43694201265493604
1513.731313 0.436855335009101
1514.983218 0.43702869030077096
1516.233535 0.43694201265493604
1517.487416 0.437115367946607
1518.739271 0.436768657363266
1520.015305 0.437115367946607
1521.290407 0.437202045592442
1522.563511 0.43694201265493604
1523.817569 0.43694201265493604
1525.073207 0.43702869030077096
1526.338724 0.43702869030077096
1527.61881 0.43702869030077096
1528.911866 0.436855335009101
1530.22344 0.43642194677992496
1531.556115 0.43694201265493604
1532.871319 0.43694201265493604
1534.160274 0.437202045592442
1535.45117 0.43702869030077096
1536.739242 0.43694201265493604
1538.021139 0.436855335009101
1539.305003 0.43694201265493604
1540.601828 0.437115367946607
1541.934727 0.436508624425761
1543.245284 0.43668197971743095
1544.564327 0.43702869030077096
1545.85645 0.436768657363266
1547.149422 0.436768657363266
1548.444657 0.436855335009101
1549.738918 0.436855335009101
1551.057022 0.43702869030077096
1552.373502 0.436855335009101
1553.660244 0.43694201265493604
1554.944372 0.43694201265493604
1556.228589 0.43694201265493604
1557.512467 0.43694201265493604
1558.795239 0.43694201265493604
1560.08215 0.436855335009101
1561.368113 0.43702869030077096
1562.698511 0.43702869030077096
1564.009368 0.436508624425761
1565.297871 0.43694201265493604
1566.591371 0.436855335009101
1567.881166 0.436768657363266
1569.176037 0.436855335009101
1570.47268 0.436855335009101
1571.791852 0.437115367946607
1573.103616 0.437202045592442
1574.381419 0.436595302071596
1575.653051 0.43668197971743095
1576.932587 0.436595302071596
1578.212361 0.43668197971743095
1579.494907 0.436768657363266
1580.779817 0.436855335009101
1582.102296 0.436508624425761
1583.431852 0.436768657363266
1584.701348 0.436855335009101
1585.972278 0.43668197971743095
1587.244052 0.436855335009101
1588.516457 0.436768657363266
1589.791745 0.436855335009101
1591.06578 0.43668197971743095
1592.383016 0.43633526913409004
1593.655447 0.43702869030077096
1594.93185 0.43668197971743095
1596.207314 0.436855335009101
1597.480833 0.436855335009101
1598.757124 0.43694201265493604
1600.032953 0.436768657363266
1601.330153 0.436595302071596
1602.626888 0.436768657363266
1603.909039 0.43694201265493604
1605.181981 0.43668197971743095
1606.457335 0.436855335009101
1607.735134 0.436855335009101
1609.014095 0.43694201265493604
1610.285413 0.43694201265493604
1611.603231 0.43668197971743095
1612.934186 0.43668197971743095
1614.227461 0.436855335009101
1615.508835 0.43668197971743095
1616.778975 0.43702869030077096
1618.059784 0.436855335009101
1619.333203 0.436855335009101
1620.603022 0.43694201265493604
1621.885816 0.43642194677992496
1623.194161 0.436855335009101
1624.487527 0.43702869030077096
1625.74809 0.436855335009101
1627.018342 0.43702869030077096
1628.276308 0.43702869030077096
1629.538913 0.43694201265493604
1630.818339 0.436855335009101
1632.123309 0.436855335009101
1633.452062 0.436855335009101
1634.75645 0.43702869030077096
1636.05016 0.436768657363266
1637.332744 0.43694201265493604
1638.631811 0.43694201265493604
1639.915953 0.43702869030077096
1641.214019 0.436768657363266
1642.520819 0.43694201265493604
1643.855494 0.436855335009101
1645.161749 0.437115367946607
1646.44874 0.436768657363266
1647.738758 0.43702869030077096
1649.021014 0.437115367946607
1650.315231 0.43702869030077096
1651.593741 0.43694201265493604
1652.901992 0.43702869030077096
1654.218822 0.436855335009101
1655.527422 0.436768657363266
1656.799513 0.43694201265493604
1658.081528 0.43668197971743095
1659.357687 0.436855335009101
1660.634996 0.43694201265493604
1661.914784 0.43702869030077096
1663.234206 0.436768657363266
1664.566233 0.43702869030077096
1665.863834 0.43702869030077096
1667.149136 0.436855335009101
1668.433378 0.436768657363266
1669.75874 0.436768657363266
1671.067666 0.43702869030077096
1672.390972 0.436855335009101
1673.731063 0.436508624425761
1675.078614 0.436508624425761
1676.404442 0.436595302071596
1677.719701 0.43694201265493604
1679.04517 0.43668197971743095
1680.329395 0.436855335009101
1681.602226 0.43694201265493604
1682.893975 0.436595302071596
1684.247862 0.436855335009101
1685.577124 0.43642194677992496
1686.875362 0.43694201265493604
1688.162394 0.436595302071596
1689.465641 0.43694201265493604
1690.757468 0.43694201265493604
1692.047036 0.436768657363266
1693.33455 0.43694201265493604
1694.636305 0.43694201265493604
1695.949693 0.43702869030077096
1697.229963 0.436768657363266
1698.526851 0.43694201265493604
1699.805972 0.436768657363266
1701.092721 0.436855335009101
1702.392222 0.43694201265493604
1703.681226 0.437202045592442
1704.980417 0.436855335009101
1706.310887 0.436595302071596
1707.61365 0.43702869030077096
1708.899475 0.436768657363266
1710.180391 0.43702869030077096
1711.458611 0.43702869030077096
1712.752933 0.43694201265493604
1714.036844 0.436855335009101
1715.337051 0.436768657363266
1716.646098 0.43694201265493604
1717.945797 0.43694201265493604
1719.233031 0.43694201265493604
1720.536401 0.43694201265493604
1721.824995 0.43702869030077096
1723.117449 0.43702869030077096
1724.367192 0.437115367946607
1725.662156 0.43694201265493604
1726.933966 0.43694201265493604
1728.184681 0.43694201265493604
1729.47874 0.43702869030077096
1730.745697 0.437115367946607
1732.018336 0.437115367946607
1733.277554 0.43702869030077096
1734.547412 0.436768657363266
1735.832345 0.436855335009101
1737.121119 0.437115367946607
1738.381546 0.43694201265493604
1739.645117 0.43702869030077096
1740.897984 0.43702869030077096
1742.176531 0.43702869030077096
1743.441666 0.437115367946607
1744.699132 0.43668197971743095
1745.994725 0.43702869030077096
1747.29697 0.43668197971743095
1748.564662 0.43702869030077096
1749.825934 0.437115367946607
1751.073674 0.43702869030077096
1752.309459 0.43702869030077096
1753.572656 0.43702869030077096
1754.845426 0.43694201265493604
1756.132312 0.43694201265493604
1757.429099 0.43702869030077096
1758.715994 0.43702869030077096
1759.99333 0.437115367946607
1761.259282 0.437115367946607
1762.535854 0.437115367946607
1763.803463 0.43702869030077096
1765.079263 0.43702869030077096
1766.366045 0.43694201265493604
1767.685804 0.436855335009101
1768.975164 0.43694201265493604
1770.239203 0.43694201265493604
1771.5068 0.437115367946607
1772.765566 0.43702869030077096
1774.037339 0.43702869030077096
1775.295201 0.43694201265493604
1776.582285 0.436855335009101
1777.885618 0.436855335009101
1779.177128 0.437115367946607
1780.430243 0.43694201265493604
1781.718944 0.43694201265493604
1782.975115 0.43694201265493604
1784.234597 0.43694201265493604
1785.502317 0.43694201265493604
1786.762696 0.43702869030077096
1788.052389 0.436768657363266
1789.356973 0.436508624425761
1790.625328 0.437115367946607
1791.888938 0.43702869030077096
1793.161914 0.436855335009101
1794.425932 0.436855335009101
1795.694161 0.436855335009101
1796.952733 0.436855335009101
1798.264144 0.43694201265493604
1799.549039 0.436768657363266
1800.832597 0.43694201265493604
1802.107247 0.436855335009101
1803.368338 0.436855335009101
1804.643907 0.436855335009101
1805.913084 0.436855335009101
1807.186464 0.436855335009101
1808.486189 0.436768657363266
1809.810459 0.436855335009101
1811.102287 0.43694201265493604
1812.39943 0.436855335009101
1813.689918 0.436855335009101
1814.983234 0.436855335009101
1816.312375 0.436855335009101
1817.63456 0.436768657363266
1819.012187 0.43668197971743095
1820.371614 0.43633526913409004
1821.735134 0.43694201265493604
1823.056448 0.436768657363266
1824.395018 0.436855335009101
1825.723242 0.436855335009101
1827.064617 0.436855335009101
1828.387905 0.436855335009101
1829.756887 0.436855335009101
1831.105095 0.436855335009101
1832.449072 0.43668197971743095
1833.776833 0.43702869030077096
1835.089751 0.436855335009101
1836.378734 0.436855335009101
1837.689292 0.43694201265493604
1839.030244 0.43668197971743095
1840.383079 0.43668197971743095
1841.756406 0.436855335009101
1843.067371 0.43668197971743095
1844.394062 0.436855335009101
1845.702421 0.43694201265493604
1847.024205 0.43694201265493604
1848.332871 0.43694201265493604
1849.650616 0.43694201265493604
1850.969723 0.43694201265493604
1852.247092 0.437115367946607
1853.53187 0.43668197971743095
1854.818545 0.43694201265493604
1856.109657 0.436855335009101
1857.385283 0.436855335009101
1858.673558 0.436855335009101
1859.968965 0.436768657363266
1861.304938 0.436855335009101
1862.605136 0.43668197971743095
1863.896672 0.436855335009101
1865.176527 0.436855335009101
1866.468141 0.43694201265493604
1867.748475 0.436855335009101
1869.040881 0.436855335009101
1870.351282 0.436855335009101
1871.660993 0.43668197971743095
1872.974175 0.43702869030077096
1874.260309 0.436595302071596
1875.55655 0.436768657363266
1876.847878 0.436855335009101
1878.146296 0.436855335009101
1879.433575 0.43702869030077096
1880.755765 0.436768657363266
1882.091032 0.436855335009101
1883.415534 0.43694201265493604
1884.703706 0.436855335009101
1886.004494 0.436768657363266
1887.287508 0.43694201265493604
1888.57265 0.43694201265493604
1889.86008 0.43694201265493604
1891.141853 0.43668197971743095
1892.481194 0.436595302071596
1893.778981 0.43694201265493604
1895.068706 0.43668197971743095
1896.365316 0.436855335009101
1897.678229 0.436855335009101
1898.953115 0.436855335009101
1900.276045 0.43694201265493604
1901.564887 0.436768657363266
1902.909862 0.43668197971743095
1904.226507 0.436508624425761
1905.525834 0.43702869030077096
1906.816859 0.436855335009101
1908.112934 0.43668197971743095
1909.412004 0.436768657363266
1910.696801 0.43694201265493604
1912.000776 0.43668197971743095
1913.364236 0.436855335009101
1914.717961 0.43668197971743095
1916.036157 0.436248591488255
1917.322973 0.436855335009101
1918.59583 0.436768657363266
1919.892697 0.436768657363266
1921.178482 0.43694201265493604
1922.474126 0.436595302071596
1923.80472 0.437115367946607
1925.121834 0.43642194677992496
1926.407841 0.43668197971743095
1927.699302 0.436855335009101
1928.984079 0.436855335009101
1930.265199 0.43694201265493604
1931.558542 0.43694201265493604
1932.838706 0.43668197971743095
1934.15112 0.436855335009101
1935.453821 0.436768657363266
1936.772089 0.436855335009101
1938.044152 0.436768657363266
1939.358594 0.43694201265493604
1940.624022 0.436768657363266
1941.905071 0.43694201265493604
1943.198133 0.43702869030077096
1944.516497 0.436768657363266
1945.817643 0.436508624425761
1947.092606 0.436768657363266
1948.383508 0.436768657363266
1949.660075 0.436855335009101
1950.957372 0.436768657363266
1952.239618 0.436855335009101
1953.535858 0.436508624425761
1954.820285 0.43668197971743095
1956.162828 0.436855335009101
1957.493982 0.43702869030077096
1958.791817 0.436595302071596
1960.079196 0.436508624425761
1961.36616 0.436508624425761
1962.654123 0.436768657363266
1963.932938 0.43668197971743095
1965.183706 0.436595302071596
1966.44589 0.436855335009101
1967.76078 0.436768657363266
1969.042581 0.43694201265493604
1970.310834 0.436595302071596
1971.56329 0.436768657363266
1972.824187 0.436595302071596
1974.077759 0.436768657363266
1975.338707 0.436768657363266
1976.623117 0.436595302071596
1977.917298 0.436508624425761
1979.22411 0.43668197971743095
1980.475184 0.43642194677992496
1981.73523 0.43668197971743095
1982.980053 0.436595302071596
1984.240135 0.436595302071596
1985.493492 0.436595302071596
1986.753573 0.436855335009101
1988.005138 0.436508624425761
1989.328424 0.436768657363266
1990.628383 0.43694201265493604
1991.889026 0.436595302071596
1993.156015 0.436595302071596
1994.414957 0.43668197971743095
1995.688179 0.436595302071596
1996.948309 0.43668197971743095
1998.220829 0.43642194677992496
1999.479687 0.436855335009101
2000.773166 0.436508624425761
2002.027137 0.43668197971743095
2003.289942 0.43642194677992496
2004.550229 0.436595302071596
2005.798242 0.436595302071596
2007.02511 0.436595302071596
2008.240853 0.436595302071596
2009.482752 0.436595302071596
2010.747037 0.436595302071596
2012.006412 0.436595302071596
2013.236507 0.436595302071596
2014.474607 0.436508624425761
2015.707232 0.436508624425761
2016.932986 0.436508624425761
2018.167952 0.43668197971743095
2019.440403 0.436768657363266
2020.702639 0.43694201265493604
2021.931794 0.436508624425761
2023.170738 0.436595302071596
2024.406945 0.43668197971743095
2025.646101 0.436595302071596
2026.88422 0.43668197971743095
2028.123432 0.43633526913409004
2029.387196 0.436508624425761
2030.642709 0.43642194677992496
2031.886259 0.436595302071596
2033.121621 0.43668197971743095
2034.367053 0.436508624425761
2035.601559 0.436508624425761
2036.845673 0.436595302071596
2038.104467 0.436508624425761
2039.387765 0.43642194677992496
2040.656168 0.43668197971743095
2041.893914 0.436508624425761
2043.137931 0.436508624425761
2044.377324 0.436508624425761
2045.628264 0.436595302071596
2046.866816 0.436595302071596
2048.110402 0.436508624425761
2049.39353 0.43642194677992496
2050.648177 0.436595302071596
2051.881712 0.436508624425761
2053.115536 0.436508624425761
2054.358613 0.43668197971743095
2055.593333 0.43668197971743095
2056.834907 0.43668197971743095
2058.088019 0.436768657363266
2059.343636 0.43642194677992496
2060.614288 0.436248591488255
2061.846373 0.436508624425761
2063.076574 0.436508624425761
2064.309404 0.436595302071596
2065.5523 0.436595302071596
2066.786889 0.436595302071596
2068.033744 0.436855335009101
2069.313864 0.436768657363266
2070.607146 0.43668197971743095
2071.844561 0.43642194677992496
2073.085078 0.43642194677992496
2074.317511 0.436508624425761
2075.555269 0.436595302071596
2076.802575 0.436595302071596
2078.043695 0.436768657363266
2079.315401 0.43642194677992496
2080.603043 0.43642194677992496
2081.877377 0.43633526913409004
2083.119877 0.43668197971743095
2084.369096 0.436595302071596
2085.605462 0.436595302071596
2086.84266 0.436508624425761
2088.083433 0.436508624425761
2089.363115 0.43633526913409004
2090.645592 0.436248591488255
2091.905135 0.43642194677992496
2093.156452 0.436508624425761
2094.412887 0.436508624425761
2095.685418 0.43642194677992496
2096.938863 0.43633526913409004
2098.239527 0.43642194677992496
2099.538504 0.436248591488255
2100.846071 0.436595302071596
2102.148149 0.436508624425761
2103.429553 0.436248591488255
2104.721419 0.43642194677992496
2106.003362 0.43642194677992496
2107.299234 0.43642194677992496
2108.581285 0.43642194677992496
2109.925423 0.436508624425761
2111.25268 0.43633526913409004
2112.5744 0.436248591488255
2113.85736 0.43633526913409004
2115.156535 0.43633526913409004
2116.441365 0.43633526913409004
2117.731112 0.43633526913409004
2118.968327 0.43633526913409004
2120.261736 0.43642194677992496
2121.587066 0.43642194677992496
2122.883498 0.43633526913409004
2124.169756 0.43633526913409004
2125.439443 0.43633526913409004
2126.720128 0.43633526913409004
2127.985601 0.43633526913409004
2129.262788 0.43633526913409004
2130.546703 0.436508624425761
2131.835401 0.436248591488255
2133.053834 0.43642194677992496
2134.3026 0.43633526913409004
2135.562499 0.43633526913409004
2136.80919 0.43633526913409004
2138.095106 0.43633526913409004
2139.346712 0.43633526913409004
2140.678388 0.43642194677992496
2141.977197 0.43642194677992496
2143.266118 0.436508624425761
2144.520595 0.436248591488255
2145.786218 0.436248591488255
2147.041879 0.436248591488255
2148.300207 0.436248591488255
2149.561271 0.43642194677992496
2150.859104 0.43633526913409004
2152.148605 0.43642194677992496
2153.401154 0.436248591488255
2154.669739 0.436248591488255
2155.926081 0.436248591488255
2157.19527 0.436248591488255
2158.454658 0.436248591488255
2159.739741 0.43642194677992496
2161.045274 0.436248591488255
2162.329448 0.436248591488255
2163.596364 0.436508624425761
2164.857004 0.436248591488255
2166.125986 0.436248591488255
2167.381307 0.436248591488255
2168.646954 0.43633526913409004
2169.884449 0.436595302071596
2171.184106 0.436595302071596
2172.448964 0.43642194677992496
2173.702541 0.43642194677992496
2174.945316 0.43642194677992496
2176.202876 0.43642194677992496
2177.493979 0.43642194677992496
2178.743246 0.43642194677992496
2180.009259 0.43642194677992496
2181.289962 0.43642194677992496
2182.58255 0.43642194677992496
2183.841027 0.436248591488255
2185.112188 0.43633526913409004
2186.369343 0.43633526913409004
2187.633146 0.43633526913409004
2188.884673 0.43642194677992496
2190.157171 0.436508624425761
2191.486383 0.43642194677992496
2192.784317 0.436595302071596
2194.073337 0.43633526913409004
2195.351684 0.43616191384242
2196.643795 0.436248591488255
2197.919456 0.43642194677992496
2199.214729 0.43642194677992496
2200.495255 0.436508624425761
2201.836384 0.436508624425761
2203.140537 0.436248591488255
2204.453909 0.43642194677992496
2205.726059 0.436248591488255
2207.002467 0.43642194677992496
2208.278978 0.43633526913409004
2209.547081 0.43633526913409004
2210.828249 0.43633526913409004
2212.11316 0.436248591488255
2213.443818 0.43633526913409004
2214.735108 0.43642194677992496
2216.01592 0.43633526913409004
2217.307143 0.436508624425761
2218.591529 0.43642194677992496
2219.861803 0.43642194677992496
2221.138747 0.436508624425761
2222.4162 0.43616191384242
2223.733544 0.436248591488255
2225.062784 0.43642194677992496
2226.337369 0.43633526913409004
2227.62966 0.43607523619658495
2228.903741 0.43633526913409004
2230.194687 0.43633526913409004
2231.467275 0.43633526913409004
2232.754744 0.43633526913409004
2234.047645 0.436508624425761
2235.356745 0.43668197971743095
2236.659214 0.436248591488255
2237.940608 0.43633526913409004
2239.220276 0.43642194677992496
2240.496542 0.43633526913409004
2241.785077 0.43642194677992496
2243.06405 0.436508624425761
2244.370936 0.43607523619658495
2245.641958 0.436248591488255
2246.901867 0.436508624425761
2248.156232 0.43616191384242
2249.411607 0.43642194677992496
2250.653924 0.43642194677992496
2251.909241 0.43642194677992496
2253.157576 0.43633526913409004
2254.420837 0.436248591488255
2255.717811 0.43633526913409004
2257.009814 0.436508624425761
2258.267883 0.43642194677992496
2259.51347 0.43633526913409004
2260.771389 0.43642194677992496
2262.020185 0.43642194677992496
2263.281546 0.43598855855075
2264.579512 0.43607523619658495
2265.878265 0.436248591488255
2267.155973 0.436248591488255
2268.410762 0.436248591488255
2269.668362 0.436248591488255
2270.922362 0.43633526913409004
2272.182905 0.43633526913409004
2273.433295 0.43633526913409004
2274.71801 0.43633526913409004
2276.018254 0.436248591488255
2277.322246 0.436248591488255
2278.605427 0.43633526913409004
2279.896329 0.436248591488255
2281.1845 0.436248591488255
2282.471836 0.436248591488255
2283.767292 0.43616191384242
2285.033872 0.43642194677992496
2286.298932 0.436248591488255
2287.533262 0.43642194677992496
2288.767393 0.43616191384242
2290.031021 0.43633526913409004
2291.288681 0.436248591488255
2292.53011 0.43616191384242
2293.81056 0.436248591488255
2295.106463 0.43642194677992496
2296.401554 0.43642194677992496
2297.660996 0.436248591488255
2298.913182 0.43616191384242
2300.172487 0.43616191384242
2301.421532 0.43642194677992496
2302.684666 0.43616191384242
2303.960146 0.436248591488255
2305.243349 0.43607523619658495
2306.519757 0.43633526913409004
2307.774077 0.436248591488255
2309.027049 0.43616191384242
2310.282284 0.436248591488255
2311.546845 0.43633526913409004
2312.805944 0.43616191384242
2314.097535 0.436248591488255
2315.400178 0.43616191384242
2316.716575 0.43616191384242
2317.978459 0.43616191384242
2319.243562 0.436248591488255
2320.504713 0.43616191384242
2321.769985 0.43616191384242
2323.035574 0.43616191384242
2324.290089 0.43598855855075
2325.597806 0.43598855855075
2326.871256 0.43633526913409004
2328.153164 0.436248591488255
2329.39966 0.43616191384242
2330.653497 0.43607523619658495
2331.902549 0.43607523619658495
2333.163567 0.43616191384242
2334.409208 0.43616191384242
2335.708453 0.43616191384242
2337.028261 0.436248591488255
2338.279365 0.43598855855075
2339.538602 0.436508624425761
2340.790206 0.43607523619658495
2342.053343 0.43607523619658495
2343.30369 0.43607523619658495
2344.564271 0.43607523619658495
2345.816951 0.43633526913409004
2347.121251 0.43642194677992496
2348.396872 0.43616191384242
2349.657235 0.436248591488255
2350.916168 0.43616191384242
2352.176442 0.43607523619658495
2353.446086 0.43616191384242
2354.703734 0.43607523619658495
2355.97575 0.43616191384242
2357.27916 0.436248591488255
2358.517371 0.43598855855075
2359.769432 0.43616191384242
2361.035948 0.43616191384242
2362.292692 0.43616191384242
2363.549846 0.43607523619658495
2364.809816 0.436248591488255
2366.084928 0.43598855855075
2367.368839 0.43616191384242
2368.640613 0.43598855855075
2369.897305 0.436248591488255
2371.146763 0.43616191384242
2372.428545 0.436248591488255
2373.704169 0.43616191384242
2375.013522 0.43607523619658495
2376.290975 0.43633526913409004
2377.618358 0.436248591488255
2378.955291 0.43616191384242
2380.261348 0.436248591488255
2381.582814 0.43616191384242
2382.89308 0.43616191384242
2384.224607 0.43616191384242
2385.536442 0.436248591488255
2386.867051 0.43607523619658495
2388.205003 0.43607523619658495
2389.554491 0.43607523619658495
2390.867691 0.43616191384242
2392.208674 0.436248591488255
2393.529934 0.43616191384242
2394.865189 0.43616191384242
2396.185034 0.436248591488255
2397.515077 0.43607523619658495
2398.82265 0.43598855855075
2400.179788 0.43607523619658495
2401.509413 0.436248591488255
2402.802807 0.43607523619658495
2404.106279 0.43607523619658495
2405.396164 0.43607523619658495
2406.696745 0.43607523619658495
2407.984004 0.43616191384242
2409.279587 0.43616191384242
2410.611838 0.436248591488255
2411.942049 0.436248591488255
2413.226756 0.436248591488255
2414.548428 0.43607523619658495
2415.785457 0.43616191384242
2417.06138 0.43607523619658495
2418.334066 0.43616191384242
2419.654793 0.43607523619658495
2420.954025 0.43581520325907996
2422.248123 0.43607523619658495
2423.53652 0.43598855855075
2424.813356 0.436248591488255
2426.104457 0.43616191384242
2427.384971 0.43607523619658495
2428.677413 0.436248591488255
2429.957208 0.43607523619658495
2431.296771 0.435901880904915
2432.599248 0.43598855855075
2433.88655 0.43607523619658495
2435.171987 0.436248591488255
2436.455804 0.43598855855075
2437.747729 0.43607523619658495
2439.033228 0.436248591488255
2440.324218 0.43598855855075
2441.647205 0.43616191384242
2442.961591 0.43607523619658495
2444.260266 0.43598855855075
2445.546068 0.43607523619658495
2446.816755 0.43607523619658495
2448.09294 0.435901880904915
2449.360097 0.43616191384242
2450.630448 0.43598855855075
2451.915636 0.43598855855075
2453.200044 0.43598855855075
2454.499606 0.43616191384242
2455.763734 0.43598855855075
2457.047526 0.43598855855075
2458.332755 0.43598855855075
2459.633764 0.435901880904915
2460.924357 0.43581520325907996
2462.271064 0.43607523619658495
2463.571601 0.43581520325907996
2464.861817 0.43598855855075
2466.145399 0.43598855855075
2467.431339 0.43598855855075
2468.719037 0.43598855855075
2470.001048 0.43598855855075
2471.295351 0.43598855855075
2472.623819 0.43581520325907996
2473.973082 0.43598855855075
2475.283168 0.43598855855075
2476.613114 0.43598855855075
2477.926381 0.43598855855075
2479.258354 0.43598855855075
2480.572651 0.43598855855075
2481.899901 0.435901880904915
2483.228451 0.43607523619658495
2484.567397 0.43598855855075
2485.868933 0.43607523619658495
2487.179121 0.43598855855075
2488.479168 0.43607523619658495
2489.785111 0.43598855855075
2491.102952 0.43598855855075
2492.399897 0.43581520325907996
2493.763916 0.43616191384242
2495.107494 0.43616191384242
2496.450539 0.43581520325907996
2497.755116 0.43598855855075
2499.0726 0.43598855855075
2500.37256 0.43598855855075
2501.689811 0.43607523619658495
2502.990673 0.43581520325907996
2504.352281 0.435901880904915
2505.679566 0.435901880904915
2506.995964 0.43581520325907996
2508.300711 0.435901880904915
2509.61216 0.435901880904915
2510.93168 0.43581520325907996
2512.240954 0.435901880904915
2513.569784 0.435901880904915
2514.876523 0.43572852561324404
2516.244683 0.435901880904915
2517.574153 0.435901880904915
2518.899607 0.435901880904915
2520.212255 0.43581520325907996
2521.538165 0.435901880904915
2522.839663 0.435901880904915
2524.108182 0.43581520325907996
2525.369732 0.43581520325907996
2526.660566 0.43581520325907996
2527.917428 0.435901880904915
2529.14243 0.43598855855075
2530.412194 0.43581520325907996
2531.647412 0.435901880904915
2532.895476 0.435901880904915
2534.127361 0.43581520325907996
2535.402921 0.43581520325907996
2536.691888 0.43581520325907996
2537.959437 0.43581520325907996
2539.207849 0.43581520325907996
2540.456863 0.435901880904915
2541.714959 0.435901880904915
2542.962878 0.435901880904915
2544.222525 0.435901880904915
2545.470995 0.436248591488255
2546.773698 0.43642194677992496
2548.0417 0.43572852561324404
2549.295618 0.435641847967409
2550.541819 0.435901880904915
2551.793581 0.435901880904915
2553.050788 0.435901880904915
2554.302842 0.43598855855075
2555.586359 0.43598855855075
2556.861467 0.435901880904915
2558.126039 0.43581520325907996
2559.379992 0.435901880904915
2560.642737 0.435901880904915
2561.889932 0.435901880904915
2563.142994 0.435901880904915
2564.388219 0.43581520325907996
2565.653698 0.435901880904915
2566.942207 0.43607523619658495
2568.205986 0.435901880904915
2569.458433 0.43598855855075
2570.671972 0.43598855855075
2571.875181 0.43598855855075
2573.128538 0.43598855855075
2574.362229 0.435901880904915
2575.608227 0.436248591488255
2576.875798 0.43616191384242
2578.121948 0.436248591488255
2579.344674 0.43598855855075
2580.574828 0.43598855855075
2581.800275 0.435901880904915
2583.039633 0.435901880904915
2584.269111 0.435901880904915
2585.508481 0.43598855855075
2586.759782 0.435901880904915
2587.994709 0.43581520325907996
2589.228667 0.43598855855075
2590.457799 0.43598855855075
2591.696382 0.43598855855075
2592.921189 0.43598855855075
2594.161779 0.435901880904915
2595.415588 0.43581520325907996
2596.700912 0.43598855855075
2597.953496 0.43598855855075
2599.193071 0.435901880904915
2600.422554 0.43607523619658495
2601.648061 0.43598855855075
2602.881387 0.43598855855075
2604.103793 0.435901880904915
2605.333575 0.43598855855075
2606.574597 0.43572852561324404
2607.819725 0.435901880904915
2609.040397 0.43607523619658495
2610.269184 0.435901880904915
2611.486418 0.435901880904915
2612.729094 0.435901880904915
2613.962304 0.435901880904915
2615.188056 0.435641847967409
2616.469295 0.43581520325907996
2617.736912 0.435901880904915
2618.99356 0.43581520325907996
2620.214291 0.43598855855075
2621.446524 0.43581520325907996
2622.676708 0.43581520325907996
2623.90454 0.435901880904915
2625.14059 0.435901880904915
2626.396246 0.43572852561324404
2627.658029 0.43572852561324404
2628.889375 0.435901880904915
2630.133873 0.43581520325907996
2631.363109 0.43581520325907996
2632.599638 0.435901880904915
2633.82857 0.43572852561324404
2635.084536 0.43581520325907996
2636.371865 0.43607523619658495
2637.607863 0.435555170321574
2638.853824 0.43598855855075
2640.087702 0.43581520325907996
2641.325983 0.43581520325907996
2642.555192 0.43581520325907996
2643.786792 0.43581520325907996
2645.010549 0.435901880904915
2646.27869 0.435901880904915
2647.533735 0.43572852561324404
2648.750665 0.43607523619658495
2649.992047 0.43581520325907996
2651.211959 0.43581520325907996
2652.467643 0.43581520325907996
2653.691944 0.43572852561324404
2654.921678 0.43581520325907996
2656.184539 0.435555170321574
2657.476246 0.43581520325907996
2658.739872 0.435555170321574
2659.989522 0.43572852561324404
2661.25004 0.435641847967409
2662.51901 0.43572852561324404
2663.808245 0.43572852561324404
2665.085768 0.43581520325907996
2666.406561 0.435641847967409
2667.706197 0.435901880904915
2669.016895 0.43581520325907996
2670.298569 0.43572852561324404
2671.584413 0.435555170321574
2672.875902 0.435641847967409
2674.15888 0.435641847967409
2675.455795 0.43572852561324404
2676.763037 0.43581520325907996
2678.082675 0.43598855855075
2679.363867 0.43581520325907996
2680.6503 0.435901880904915
2681.878471 0.435641847967409
2683.147707 0.435641847967409
2684.40403 0.43572852561324404
2685.664547 0.435641847967409
2686.961579 0.435641847967409
2688.242581 0.435901880904915
2689.529593 0.43581520325907996
2690.778911 0.435641847967409
2692.070071 0.435641847967409
2693.324448 0.43572852561324404
2694.592998 0.43572852561324404
2695.85395 0.435641847967409
2697.134223 0.43572852561324404
2698.382084 0.435901880904915
2699.639946 0.43572852561324404
2700.892164 0.43581520325907996
2702.1391 0.43581520325907996
2703.397537 0.43581520325907996
2704.652201 0.43581520325907996
2705.914772 0.43581520325907996
2707.229916 0.435901880904915
2708.515567 0.435555170321574
2709.765537 0.43572852561324404
2711.030277 0.43572852561324404
2712.284489 0.43572852561324404
2713.543849 0.43572852561324404
2714.802207 0.43581520325907996
2716.056441 0.43581520325907996
2717.343438 0.43572852561324404
2718.617907 0.435641847967409
2719.876898 0.43581520325907996
2721.125376 0.43572852561324404
2722.384336 0.43572852561324404
2723.631161 0.435901880904915
2724.882499 0.435641847967409
2726.150488 0.43581520325907996
2727.441847 0.43581520325907996
2728.724151 0.43572852561324404
2729.96846 0.43581520325907996
2731.25348 0.43581520325907996
2732.487193 0.43572852561324404
2733.739737 0.43581520325907996
2734.978708 0.43581520325907996
2736.225174 0.43572852561324404
2737.512687 0.43581520325907996
2738.780001 0.43581520325907996
2740.045437 0.43572852561324404
2741.306423 0.43581520325907996
2742.571691 0.43581520325907996
2743.828393 0.43581520325907996
2745.098522 0.43572852561324404
2746.354732 0.43581520325907996
2747.648276 0.43607523619658495
2748.906617 0.43572852561324404
2750.181221 0.43572852561324404
2751.451452 0.43581520325907996
2752.724333 0.43581520325907996
2754.003466 0.43572852561324404
2755.272695 0.43581520325907996
2756.583453 0.435641847967409
2757.9025 0.435641847967409
2759.216101 0.435641847967409
2760.484702 0.43581520325907996
2761.770213 0.43581520325907996
2763.038368 0.43581520325907996
2764.312833 0.43581520325907996
2765.575295 0.43581520325907996
2766.890089 0.43572852561324404
2768.187694 0.435901880904915
2769.468275 0.43598855855075
2770.767967 0.43581520325907996
2772.029753 0.43581520325907996
2773.303941 0.43581520325907996
2774.565215 0.43581520325907996
2775.838362 0.43581520325907996
2777.125744 0.43581520325907996
2778.447931 0.43581520325907996
2779.738864 0.43607523619658495
2781.015838 0.435641847967409
2782.288491 0.43581520325907996
2783.560882 0.43581520325907996
2784.843973 0.43581520325907996
2786.115388 0.43581520325907996
2787.427179 0.43581520325907996
2788.748819 0.435901880904915
2790.063317 0.43572852561324404
2791.339704 0.43581520325907996
2792.629869 0.43581520325907996
2793.905331 0.43581520325907996
2795.188885 0.43581520325907996
2796.462743 0.43572852561324404
2797.762284 0.43581520325907996
2799.090211 0.43581520325907996
2800.363126 0.43581520325907996
2801.646188 0.435901880904915
2802.909228 0.43581520325907996
2804.168739 0.43581520325907996
2805.38726 0.43581520325907996
2806.627503 0.435641847967409
2807.896642 0.435901880904915
2809.154182 0.43581520325907996
2810.428089 0.435901880904915
2811.67488 0.43572852561324404
2812.925339 0.43581520325907996
2814.167948 0.43581520325907996
2815.410835 0.43581520325907996
2816.657741 0.435555170321574
2817.940869 0.435901880904915
2819.205445 0.435901880904915
2820.466613 0.43572852561324404
2821.718793 0.43581520325907996
2822.967664 0.43581520325907996
2824.215429 0.43581520325907996
2825.459849 0.43572852561324404
2826.717518 0.435641847967409
2828.005993 0.43572852561324404
2829.284705 0.43572852561324404
2830.531606 0.43616191384242
2831.787837 0.43572852561324404
2833.037402 0.435641847967409
2834.295401 0.43572852561324404
2835.543173 0.435641847967409
2837.57528 0.435641847967409
2838.821106 0.43572852561324404
2840.077703 0.43572852561324404
2841.320964 0.43572852561324404
2842.614073 0.435641847967409
2843.820137 0.43581520325907996
2845.016877 0.435641847967409
2846.258202 0.435641847967409
2847.487072 0.43572852561324404
2848.716144 0.43581520325907996
2849.986686 0.435641847967409
2851.263997 0.435641847967409
2852.50838 0.43581520325907996
2853.737688 0.43572852561324404
2854.956864 0.435641847967409
2856.182582 0.43572852561324404
2857.416747 0.43572852561324404
2858.643956 0.43572852561324404
2859.88065 0.43572852561324404
2861.155418 0.435555170321574
2862.417546 0.435555170321574
2863.646405 0.435901880904915
2864.883445 0.43581520325907996
2866.111195 0.43581520325907996
2867.341307 0.43581520325907996
2868.573167 0.43581520325907996
2869.803912 0.435641847967409
2871.09282 0.435555170321574
2872.346188 0.43572852561324404
2873.589843 0.435901880904915
2874.820321 0.43581520325907996
2876.064015 0.43581520325907996
2877.32013 0.43581520325907996
2878.577335 0.435641847967409
2879.850796 0.43572852561324404
2881.123143 0.435641847967409
2882.378112 0.43581520325907996
2883.618145 0.43572852561324404
2884.869792 0.43581520325907996
2886.115127 0.43581520325907996
2887.371075 0.43581520325907996
2888.612789 0.43572852561324404
2889.932931 0.435641847967409
2891.221698 0.43581520325907996
2892.496492 0.43598855855075
2893.747124 0.435901880904915
2894.995604 0.435901880904915
2896.253555 0.43581520325907996
2897.502267 0.43572852561324404
2898.758375 0.43581520325907996
2900.005555 0.43598855855075
2901.311097 0.43598855855075
2902.562778 0.43572852561324404
2903.824717 0.43581520325907996
2905.076687 0.43581520325907996
2906.335537 0.43572852561324404
2907.593265 0.435901880904915
2908.848957 0.43581520325907996
2910.136811 0.435901880904915
2911.436226 0.435901880904915
2912.701991 0.43598855855075
2913.954239 0.43581520325907996
2915.21713 0.43581520325907996
2916.470962 0.43581520325907996
2917.730854 0.43581520325907996
2918.978191 0.435901880904915
2920.229492 0.435555170321574
2921.521722 0.43581520325907996
2922.788092 0.43581520325907996
2924.042214 0.435901880904915
2925.288004 0.43581520325907996
2926.543753 0.435901880904915
2927.793496 0.435901880904915
2929.085611 0.43598855855075
2930.399351 0.435901880904915
2931.703428 0.43581520325907996
2933.013377 0.435901880904915
2934.31885 0.435901880904915
2935.629895 0.435901880904915
2936.938861 0.435901880904915
2938.253768 0.435901880904915
2939.56845 0.43581520325907996
2940.942023 0.435901880904915
2942.300301 0.43598855855075
2943.655168 0.43598855855075
2944.96972 0.435901880904915
2946.29976 0.435901880904915
2947.616605 0.43598855855075
2948.950784 0.43598855855075
2950.264075 0.43581520325907996
2951.623388 0.43607523619658495
2952.985507 0.435901880904915
2954.286818 0.435901880904915
2955.575993 0.435901880904915
2956.858739 0.435901880904915
2958.116264 0.435901880904915
2959.407965 0.43598855855075
2960.702278 0.435901880904915
2962.030251 0.43607523619658495
2963.370934 0.43598855855075
2964.658036 0.43598855855075
2965.966707 0.435901880904915
2967.252728 0.435901880904915
2968.519039 0.43598855855075
2969.781848 0.43598855855075
2971.056222 0.435901880904915
2972.346347 0.435901880904915
2973.647048 0.43581520325907996
2974.92224 0.43607523619658495
2976.195242 0.43598855855075
2977.479192 0.43598855855075
2978.755131 0.43598855855075
2980.040216 0.43598855855075
2981.313059 0.43607523619658495
2982.622436 0.43581520325907996
2983.94228 0.43581520325907996
2985.27616 0.43581520325907996
2986.553713 0.435901880904915
2987.83932 0.435901880904915
2989.115709 0.43607523619658495
2990.399685 0.43607523619658495
2991.679544 0.43607523619658495
2992.954459 0.43607523619658495
2994.263207 0.43607523619658495
2995.560501 0.43598855855075
2996.851732 0.43607523619658495
2998.12605 0.43607523619658495
2999.40906 0.43607523619658495
3000.680594 0.43607523619658495
3001.960058 0.43607523619658495
3003.248123 0.435901880904915
3004.569136 0.43598855855075
3005.856985 0.43598855855075
3007.110495 0.435901880904915
3008.403336 0.43607523619658495
3009.66809 0.43607523619658495
3010.943062 0.43607523619658495
3012.206667 0.43607523619658495
3013.478703 0.43607523619658495
3014.794143 0.43616191384242
3016.098056 0.43607523619658495
3017.378992 0.43607523619658495
3018.668521 0.43607523619658495
3019.950938 0.43607523619658495
3021.23897 0.43607523619658495
3022.544357 0.43616191384242
3023.875656 0.43607523619658495
3025.238895 0.43607523619658495
3026.56919 0.43598855855075
3027.893594 0.43598855855075
3029.204233 0.43607523619658495
3030.528161 0.43607523619658495
3031.838187 0.43607523619658495
3033.163767 0.43607523619658495
3034.473166 0.43607523619658495
3035.816741 0.435901880904915
3037.146655 0.43607523619658495
3038.464321 0.43607523619658495
3039.764319 0.43607523619658495
3041.071734 0.43607523619658495
3042.372156 0.43607523619658495
3043.674079 0.43607523619658495
3044.987581 0.43607523619658495
3046.326552 0.43598855855075
3047.68459 0.43607523619658495
3048.980487 0.43607523619658495
3050.292318 0.43607523619658495
3051.589264 0.43607523619658495
3052.906939 0.43607523619658495
3054.208132 0.43607523619658495
3055.551433 0.43607523619658495
3056.87739 0.43607523619658495
3058.211455 0.43607523619658495
3059.51488 0.43607523619658495
3060.831889 0.43607523619658495
3062.140405 0.43607523619658495
3063.449907 0.43607523619658495
3064.76635 0.43598855855075
3066.094354 0.43607523619658495
3067.458391 0.43607523619658495
3068.787535 0.43607523619658495
3070.114219 0.43607523619658495
3071.421382 0.43607523619658495
3072.745186 0.43607523619658495
3074.056059 0.43607523619658495
3075.383948 0.43607523619658495
3076.689122 0.43607523619658495
3078.048684 0.435901880904915
3079.367639 0.43607523619658495
3080.677705 0.43607523619658495
3081.968221 0.43607523619658495
3083.216917 0.43607523619658495
3084.469837 0.43607523619658495
3085.706944 0.43598855855075
3087.00502 0.43607523619658495
3088.313218 0.43607523619658495
3089.595198 0.43607523619658495
3090.868882 0.43607523619658495
3092.147556 0.43607523619658495
3093.413058 0.43598855855075
3094.69196 0.43598855855075
3095.962778 0.43607523619658495
3097.258946 0.43598855855075
3098.557147 0.43598855855075
3099.847408 0.43607523619658495
3101.133734 0.43607523619658495
3102.405625 0.43598855855075
3103.692194 0.43598855855075
3104.962089 0.43598855855075
3106.242977 0.43607523619658495
3107.540626 0.43616191384242
3108.849267 0.43598855855075
3110.148133 0.435901880904915
3111.43102 0.43607523619658495
3112.705923 0.43598855855075
3113.984225 0.43598855855075
3115.267203 0.43598855855075
3116.510082 0.43607523619658495
3117.76841 0.43616191384242
3119.068971 0.43607523619658495
3120.291195 0.43598855855075
3121.503269 0.43598855855075
3122.733115 0.43598855855075
3123.949105 0.43598855855075
3125.177683 0.43598855855075
3126.398438 0.43598855855075
3127.687001 0.435901880904915
3128.942299 0.435901880904915
3130.164912 0.435901880904915
3131.397847 0.43598855855075
3132.619749 0.43598855855075
3133.848279 0.43598855855075
3135.071145 0.43598855855075
3136.29071 0.43607523619658495
3137.561359 0.43598855855075
3138.807818 0.43607523619658495
3140.04634 0.43598855855075
3141.282319 0.43598855855075
3142.527467 0.43598855855075
3143.761619 0.43598855855075
3145.006649 0.43598855855075
3146.265159 0.43607523619658495
3147.526542 0.43598855855075
3148.760331 0.43598855855075
3149.989422 0.43598855855075
3151.235594 0.43598855855075
3152.475843 0.43598855855075
3153.725007 0.43598855855075
3154.965883 0.43607523619658495
3156.277984 0.43598855855075
3157.533055 0.43607523619658495
3158.771074 0.43598855855075
3159.999848 0.43598855855075
3161.225515 0.43598855855075
3162.462335 0.43598855855075
3163.689001 0.43598855855075
3164.919904 0.43598855855075
3166.187629 0.43607523619658495
3167.468723 0.43598855855075
3168.716435 0.43598855855075
3169.95345 0.43598855855075
3171.183383 0.43598855855075
3172.417695 0.43598855855075
3173.65729 0.43598855855075
3174.890167 0.43607523619658495
3176.151651 0.43607523619658495
3177.406107 0.43607523619658495
3178.644498 0.43598855855075
3179.875104 0.43607523619658495
3181.11848 0.43607523619658495
3182.353306 0.43607523619658495
3183.592879 0.43607523619658495
3184.833221 0.43598855855075
3186.093114 0.43598855855075
3187.386718 0.43607523619658495
3188.623205 0.435901880904915
3189.871279 0.43598855855075
3191.104608 0.43598855855075
3192.349468 0.43598855855075
3193.586808 0.43607523619658495
3194.825894 0.435901880904915
3196.102107 0.43598855855075
3197.3562 0.43616191384242
3198.613212 0.43598855855075
3199.84118 0.43607523619658495
3201.082999 0.43598855855075
3202.310242 0.43598855855075
3203.552649 0.43607523619658495
3204.8102 0.43607523619658495
3206.110496 0.43598855855075
3207.352761 0.43607523619658495
3208.596504 0.43598855855075
3209.868771 0.43607523619658495
3211.140326 0.43607523619658495
3212.436562 0.43598855855075
3213.718994 0.43598855855075
3215.061966 0.43607523619658495
3216.409895 0.43598855855075
3217.73052 0.43598855855075
3219.015397 0.43598855855075
3220.317683 0.43598855855075
3221.603475 0.43598855855075
3222.899824 0.43598855855075
3224.190544 0.43598855855075
3225.503822 0.435901880904915
3226.849952 0.435901880904915
3228.158998 0.435901880904915
3229.464813 0.43598855855075
3230.753459 0.43598855855075
3232.063283 0.43598855855075
3233.351092 0.43598855855075
3234.650402 0.43607523619658495
3235.912095 0.435901880904915
3237.221427 0.43607523619658495
3238.475949 0.43598855855075
3239.751645 0.43607523619658495
3241.001512 0.43598855855075
3242.252302 0.43598855855075
3243.514106 0.43598855855075
3244.759794 0.43598855855075
3246.043501 0.43598855855075
3247.312567 0.43616191384242
3248.617145 0.43598855855075
3249.882915 0.435901880904915
3251.164006 0.43598855855075
3252.416697 0.43598855855075
3253.670549 0.43598855855075
3254.924513 0.43598855855075
3256.180632 0.43598855855075
3257.451759 0.435901880904915
3258.758888 0.43607523619658495
3260.074212 0.43607523619658495
3261.357384 0.43598855855075
3262.630045 0.435901880904915
3263.88902 0.43607523619658495
3265.160563 0.43598855855075
3266.42392 0.43598855855075
3267.693176 0.43598855855075
3268.946227 0.43581520325907996
3270.24816 0.435901880904915
3271.555188 0.43598855855075
3272.813475 0.435901880904915
3274.082412 0.43598855855075
3275.338756 0.435901880904915
3276.604591 0.435901880904915
3277.856067 0.435901880904915
3279.122136 0.435901880904915
3280.414435 0.43598855855075
3281.720993 0.435901880904915
3283.019372 0.435901880904915
3284.269786 0.435901880904915
3285.535647 0.435901880904915
3286.767904 0.435901880904915
3288.009054 0.435901880904915
3289.24432 0.43581520325907996
3290.516969 0.435901880904915
3291.798793 0.435901880904915
3293.10914 0.435901880904915
3294.387769 0.435901880904915
3295.673579 0.435901880904915
3296.948462 0.435901880904915
3298.233473 0.435901880904915
3299.512416 0.435901880904915
3300.792458 0.435901880904915
3302.101558 0.43581520325907996
3303.404308 0.43581520325907996
3304.69713 0.435901880904915
3305.978035 0.43581520325907996
3307.277333 0.435901880904915
3308.55193 0.435901880904915
3309.8434 0.435901880904915
3311.120658 0.435901880904915
3312.438456 0.435901880904915
3313.756616 0.43598855855075
3315.042839 0.435901880904915
3316.318882 0.435901880904915
3317.59517 0.435901880904915
3318.871371 0.435901880904915
3320.142747 0.435901880904915
3321.425518 0.435901880904915
3322.70162 0.43581520325907996
3324.04904 0.43572852561324404
3325.363121 0.43572852561324404
3326.652718 0.43598855855075
3327.921735 0.43581520325907996
3329.20449 0.43581520325907996
3330.474857 0.43581520325907996
3331.75546 0.435901880904915
3333.026973 0.43581520325907996
3334.324219 0.43572852561324404
3335.62054 0.43581520325907996
3336.898358 0.435901880904915
3338.188203 0.435901880904915
3339.465545 0.43581520325907996
3340.754111 0.43581520325907996
3342.033274 0.435901880904915
3343.328161 0.435901880904915
3344.627918 0.43607523619658495
3345.94331 0.43581520325907996
3347.221047 0.43581520325907996
3348.510528 0.43581520325907996
3349.793021 0.43581520325907996
3351.074858 0.43581520325907996
3352.363537 0.43581520325907996
3353.637006 0.43572852561324404
3354.947034 0.43572852561324404
3356.260245 0.43572852561324404
3357.568907 0.43581520325907996
3358.831306 0.43572852561324404
3360.111165 0.43581520325907996
3361.370941 0.43581520325907996
3362.601218 0.43581520325907996
3363.819023 0.43581520325907996
3365.119772 0.43581520325907996
3366.412125 0.435901880904915
3367.675204 0.43598855855075
3368.932818 0.43581520325907996
3370.183922 0.435901880904915
3371.443357 0.43581520325907996
3372.690803 0.43581520325907996
3373.952796 0.43581520325907996
3375.202878 0.43572852561324404
3376.486484 0.43572852561324404
3377.763835 0.43572852561324404
3379.020912 0.435901880904915
3380.282606 0.43581520325907996
3381.53718 0.43581520325907996
3382.800468 0.43581520325907996
3384.020767 0.435901880904915
3385.264977 0.43581520325907996
3386.558339 0.43572852561324404
3387.825747 0.43581520325907996
3389.062535 0.435641847967409
3390.299622 0.43572852561324404
3391.536607 0.43572852561324404
3392.773949 0.435641847967409
3394.015037 0.43572852561324404
3395.267322 0.43572852561324404
3396.528626 0.43581520325907996
3397.777976 0.435901880904915
3399.013683 0.43572852561324404
3400.241675 0.43581520325907996
3401.480001 0.43581520325907996
3402.703077 0.43572852561324404
3403.922271 0.43572852561324404
3405.171417 0.43581520325907996
3406.419241 0.43598855855075
3407.659091 0.435901880904915
3408.889373 0.43581520325907996
3410.12848 0.43581520325907996
3411.359056 0.43581520325907996
3412.600453 0.43581520325907996
3413.833276 0.43572852561324404
3415.089334 0.435901880904915
3416.369585 0.43572852561324404
3417.623349 0.43572852561324404
3418.863045 0.43581520325907996
3420.096587 0.43572852561324404
3421.342521 0.43572852561324404
3422.575834 0.43572852561324404
3423.817693 0.435641847967409
3425.053894 0.43581520325907996
3426.315418 0.435901880904915
3427.58019 0.43581520325907996
3428.818299 0.435641847967409
3430.064216 0.43572852561324404
3431.299687 0.43572852561324404
3432.544058 0.43572852561324404
3433.777164 0.43581520325907996
3435.017778 0.43572852561324404
3436.290304 0.43572852561324404
3437.545267 0.43572852561324404
3438.775259 0.43581520325907996
3440.006159 0.43581520325907996
3441.245963 0.43581520325907996
3442.469355 0.43572852561324404
3443.731573 0.435641847967409
3444.955008 0.43572852561324404
3446.227534 0.435641847967409
3447.472955 0.43572852561324404
3448.70433 0.43572852561324404
3449.935364 0.43581520325907996
3451.168137 0.43572852561324404
3452.407721 0.435641847967409
3453.64097 0.43581520325907996
3454.909413 0.43572852561324404
3456.166213 0.43598855855075
3457.433811 0.43581520325907996
3458.669159 0.43581520325907996
3459.912485 0.43572852561324404
3461.147699 0.43581520325907996
3462.386514 0.43581520325907996
3463.64939 0.43581520325907996
3464.911841 0.43572852561324404
3466.231549 0.43572852561324404
3467.519203 0.43581520325907996
3468.81916 0.435641847967409
3470.099204 0.43581520325907996
3471.391637 0.435641847967409
3472.676294 0.435641847967409
3473.967169 0.43581520325907996
3475.246962 0.43581520325907996
3476.550365 0.435641847967409
3477.881098 0.43572852561324404
3479.187617 0.43572852561324404
3480.485588 0.43572852561324404
3481.760656 0.435641847967409
3483.07519 0.43572852561324404
3484.384033 0.435641847967409
3485.724272 0.435641847967409
3487.048276 0.435641847967409
3488.413914 0.43581520325907996
3489.784782 0.435641847967409
3491.148915 0.435641847967409
3492.476718 0.43572852561324404
3493.818328 0.43581520325907996
3495.152053 0.43572852561324404
3496.493918 0.43572852561324404
3497.830997 0.435641847967409
3499.167759 0.43581520325907996
3500.532738 0.435901880904915
3501.886909 0.43581520325907996
3503.186841 0.43572852561324404
3504.48479 0.435641847967409
3505.811385 0.43572852561324404
3507.12142 0.43581520325907996
3508.449761 0.43572852561324404
3509.743152 0.43581520325907996
3511.052308 0.43581520325907996
3512.335389 0.43581520325907996
3513.626356 0.43581520325907996
3514.90457 0.43581520325907996
3516.185505 0.43572852561324404
3517.464625 0.435641847967409
3518.744028 0.435641847967409
3520.053464 0.435641847967409
3521.371757 0.43572852561324404
3522.654144 0.43581520325907996
3523.954365 0.43581520325907996
3525.24303 0.43572852561324404
3526.520323 0.43572852561324404
3527.809612 0.43572852561324404
3529.08646 0.43572852561324404
3530.398622 0.43581520325907996
3531.722236 0.43581520325907996
3533.031682 0.43572852561324404
3534.314334 0.43581520325907996
3535.601582 0.43572852561324404
3536.88879 0.43572852561324404
3538.172713 0.43572852561324404
3539.467676 0.43572852561324404
3540.794025 0.43572852561324404
3542.117025 0.435901880904915
3543.363261 0.43572852561324404
3544.646312 0.43581520325907996
3545.931292 0.43572852561324404
3547.226293 0.43572852561324404
3548.510985 0.43572852561324404
3549.805614 0.435901880904915
3551.133027 0.435901880904915
3552.435137 0.43581520325907996
3553.718941 0.43572852561324404
3554.990496 0.43581520325907996
3556.272051 0.43581520325907996
3557.537967 0.43581520325907996
3558.826552 0.43581520325907996
3560.11739 0.43581520325907996
3561.46308 0.435901880904915
3562.787573 0.43581520325907996
3564.085024 0.43572852561324404
3565.368963 0.43581520325907996
3566.673593 0.43581520325907996
3567.989225 0.43581520325907996
3569.302709 0.43572852561324404
3570.630513 0.435901880904915
3572.010224 0.435901880904915
3573.366587 0.43581520325907996
3574.680673 0.43581520325907996
3576.012176 0.43581520325907996
3577.327003 0.43581520325907996
3578.658159 0.43581520325907996
3579.974618 0.43572852561324404
3581.307281 0.43581520325907996
3582.649732 0.43581520325907996
3584.008557 0.43581520325907996
3585.328898 0.43581520325907996
3586.661493 0.43581520325907996
3587.981803 0.43581520325907996
3589.314281 0.43581520325907996
3590.636647 0.435901880904915
3591.981121 0.435901880904915
3593.35132 0.43581520325907996
3594.688353 0.43581520325907996
3596.019511 0.43581520325907996
3597.329362 0.43581520325907996
3598.664163 0.43581520325907996
3599.978337 0.43581520325907996
3601.30584 0.43581520325907996
3602.663068 0.435901880904915
3604.017318 0.435901880904915
3605.326986 0.43581520325907996
3606.658895 0.43581520325907996
3607.97656 0.43581520325907996
3609.308275 0.43581520325907996
3610.625613 0.43581520325907996
3611.949022 0.435901880904915
3613.290551 0.43581520325907996
3614.657243 0.43581520325907996
3615.983094 0.43572852561324404
3617.304578 0.43581520325907996
3618.641975 0.43572852561324404
3619.960575 0.43581520325907996
3621.290498 0.43581520325907996
3622.606582 0.43572852561324404
3623.94418 0.435901880904915
3625.309073 0.43598855855075
3626.671542 0.43572852561324404
3627.993112 0.435901880904915
3629.32968 0.43581520325907996
3630.64555 0.435901880904915
3631.974981 0.43581520325907996
3633.288488 0.43581520325907996
3634.610353 0.43572852561324404
3635.911736 0.43572852561324404
3637.181639 0.435901880904915
3638.481648 0.435901880904915
3639.756027 0.435901880904915
3641.040226 0.435901880904915
3642.339381 0.43581520325907996
3643.628137 0.43598855855075
3644.928481 0.43581520325907996
3646.243447 0.43572852561324404
3647.520822 0.435901880904915
3648.762952 0.43572852561324404
3650.001548 0.43581520325907996
3651.237935 0.43572852561324404
3652.512515 0.43581520325907996
3653.765167 0.435641847967409
3655.078619 0.435901880904915
3656.381913 0.43581520325907996
3657.675792 0.43572852561324404
3658.938014 0.43581520325907996
3660.210768 0.43572852561324404
3661.474527 0.43572852561324404
3662.748417 0.43572852561324404
3664.011096 0.43572852561324404
3665.301027 0.43572852561324404
3666.591649 0.43581520325907996
3667.880636 0.43581520325907996
3669.156832 0.43581520325907996
3670.419706 0.435641847967409
3671.690961 0.435641847967409
3672.943135 0.43572852561324404
3674.205877 0.43572852561324404
3675.499773 0.43572852561324404
3676.802429 0.43572852561324404
3678.077304 0.43572852561324404
3679.333411 0.43581520325907996
3680.583935 0.43572852561324404
3681.857586 0.435641847967409
3683.117581 0.43572852561324404
3684.369673 0.43572852561324404
3685.654961 0.435641847967409
3686.975336 0.435641847967409
3688.259721 0.43572852561324404
3689.512717 0.435641847967409
3690.7764 0.43572852561324404
3692.029057 0.435641847967409
3693.290978 0.435641847967409
3694.549473 0.435555170321574
3695.805891 0.43572852561324404
3697.094885 0.435555170321574
3698.376808 0.435641847967409
3699.64922 0.435555170321574
3700.910025 0.435641847967409
3702.179993 0.435641847967409
3703.414017 0.435555170321574
3704.657854 0.43572852561324404
3705.937228 0.435641847967409
3707.196961 0.43546849267573895
3708.435103 0.43572852561324404
3709.671035 0.435555170321574
3710.911978 0.435641847967409
3712.141226 0.435641847967409
3713.380425 0.435641847967409
3714.62729 0.43572852561324404
3715.906184 0.435641847967409
3717.155047 0.435641847967409
3718.389647 0.435555170321574
3719.615154 0.435641847967409
3720.866119 0.435641847967409
3722.09562 0.435555170321574
3723.322002 0.435641847967409
3724.561195 0.435555170321574
3725.812294 0.435641847967409
3727.077501 0.43572852561324404
3728.312002 0.435641847967409
3729.549803 0.435555170321574
3730.787159 0.435641847967409
3732.026971 0.435641847967409
3733.285008 0.43546849267573895
3734.538756 0.43572852561324404
3735.846184 0.435641847967409
3737.098133 0.435641847967409
3738.365243 0.435555170321574
3739.622062 0.435641847967409
3740.885374 0.435641847967409
3742.141366 0.435641847967409
3743.399988 0.435641847967409
3744.688439 0.435641847967409
3745.989367 0.435641847967409
3747.280028 0.435555170321574
3748.538209 0.435641847967409
3749.801188 0.435641847967409
3751.053039 0.435641847967409
3752.31518 0.435641847967409
3753.56309 0.435641847967409
3754.837932 0.435641847967409
3756.126774 0.43581520325907996
3757.399557 0.435641847967409
3758.667258 0.43572852561324404
3759.935711 0.435555170321574
3761.260138 0.435641847967409
3762.540145 0.435641847967409
3763.813947 0.435555170321574
3765.058166 0.43546849267573895
3766.385328 0.435555170321574
3767.680045 0.43581520325907996
3768.963595 0.435641847967409
3770.233682 0.435641847967409
3771.505543 0.435641847967409
3772.779321 0.435641847967409
3774.046555 0.43572852561324404
3775.349912 0.435555170321574
3776.643901 0.43572852561324404
3777.952569 0.43572852561324404
3779.224289 0.435641847967409
3780.51357 0.435641847967409
3781.78527 0.435641847967409
3783.06893 0.435641847967409
3784.317979 0.435641847967409
3785.588376 0.43581520325907996
3786.896548 0.435641847967409
3788.178562 0.435641847967409
3789.440882 0.435641847967409
3790.691092 0.435641847967409
3791.956947 0.435641847967409
3793.205627 0.435641847967409
3794.465901 0.43581520325907996
3795.733724 0.435555170321574
3797.034433 0.435641847967409
3798.304971 0.435641847967409
3799.555181 0.435641847967409
3800.827655 0.435641847967409
3802.075454 0.435641847967409
3803.337697 0.435641847967409
3804.589711 0.435641847967409
3805.880255 0.43581520325907996
3807.157101 0.435641847967409
3808.425661 0.435641847967409
3809.67866 0.435641847967409
3810.937545 0.435641847967409
3812.177579 0.435641847967409
3813.427032 0.435641847967409
3814.682114 0.43572852561324404
3815.947925 0.43546849267573895
3817.251756 0.43572852561324404
3818.523641 0.435555170321574
3819.784389 0.43572852561324404
3821.045435 0.435641847967409
3822.321542 0.435641847967409
3823.590379 0.435641847967409
3824.868753 0.43572852561324404
3826.155355 0.43572852561324404
3827.468083 0.435641847967409
3828.756365 0.435555170321574
3830.01825 0.435641847967409
3831.287165 0.435641847967409
3832.545025 0.435641847967409
3833.814656 0.435641847967409
3835.068018 0.435641847967409
3836.327205 0.435555170321574
3837.625064 0.435555170321574
3838.932121 0.435641847967409
3840.20625 0.43581520325907996
3841.480464 0.43572852561324404
3842.750722 0.435641847967409
3844.025757 0.435641847967409
3845.311842 0.435641847967409
3846.585521 0.43572852561324404
3847.893086 0.43572852561324404
3849.208598 0.435641847967409
3850.52162 0.43581520325907996
3851.789915 0.435641847967409
3853.080844 0.43572852561324404
3854.357376 0.43572852561324404
3855.645018 0.43572852561324404
3856.922742 0.435641847967409
3858.203851 0.43546849267573895
3859.534882 0.43546849267573895
3860.85926 0.435555170321574
3862.153547 0.435641847967409
3863.43353 0.435641847967409
3864.72873 0.435555170321574
3866.01071 0.435555170321574
3867.308732 0.435555170321574
3868.603214 0.435555170321574
3869.917938 0.435641847967409
3871.188918 0.435641847967409
3872.467808 0.435641847967409
3873.738022 0.435555170321574
3875.003869 0.435555170321574
3876.279994 0.435555170321574
3877.553114 0.435555170321574
3878.833688 0.435641847967409
3880.193208 0.435641847967409
3881.504146 0.435641847967409
3882.774656 0.435555170321574
3884.059594 0.435555170321574
3885.333157 0.435555170321574
3886.6211 0.435555170321574
3887.897052 0.435641847967409
3889.201219 0.435555170321574
3890.50179 0.43572852561324404
3891.803635 0.435641847967409
3893.087322 0.435555170321574
3894.358151 0.435555170321574
3895.64357 0.435555170321574
3896.917186 0.435555170321574
3898.207128 0.435555170321574
3899.504347 0.43581520325907996
3900.842196 0.43572852561324404
3902.163175 0.435641847967409
3903.456332 0.435555170321574
3904.736203 0.435641847967409
3906.023621 0.435641847967409
3907.28292 0.435641847967409
3908.464073 0.435641847967409
3909.661501 0.435641847967409
3910.896614 0.43546849267573895
3912.135412 0.43572852561324404
3913.338523 0.435555170321574
3914.547776 0.435641847967409
3915.757481 0.435641847967409
3916.970884 0.435641847967409
3918.210691 0.435641847967409
3919.458312 0.43572852561324404
3920.739492 0.435641847967409
3921.986019 0.43546849267573895
3923.225516 0.435555170321574
3924.453491 0.435641847967409
3925.692064 0.435555170321574
3926.917991 0.435641847967409
3928.155488 0.435641847967409
3929.389683 0.435555170321574
3930.669203 0.435555170321574
3931.934758 0.43572852561324404
3933.169456 0.435641847967409
3934.414754 0.435641847967409
3935.656272 0.435641847967409
3936.904319 0.435641847967409
3938.14385 0.435641847967409
3939.386281 0.435641847967409
3940.665327 0.435641847967409
3941.923051 0.435555170321574
3943.165765 0.435641847967409
3944.404375 0.435641847967409
3945.654307 0.435641847967409
3946.892474 0.435641847967409
3948.136135 0.435641847967409
3949.368395 0.435641847967409
3950.649668 0.435641847967409
3951.901609 0.435641847967409
3953.128195 0.435641847967409
3954.358067 0.435641847967409
3955.580111 0.435641847967409
3956.818884 0.435641847967409
3958.040364 0.435555170321574
3959.299953 0.435641847967409
3960.570902 0.43572852561324404
3961.829949 0.435555170321574
3963.060537 0.435641847967409
3964.296048 0.435641847967409
3965.530368 0.435641847967409
3966.762431 0.435641847967409
3968.00277 0.435555170321574
3969.254092 0.435555170321574
3970.539957 0.43572852561324404
3971.796584 0.435555170321574
3973.038865 0.43572852561324404
3974.273195 0.435641847967409
3975.516007 0.435641847967409
3976.751532 0.435641847967409
3977.988319 0.435641847967409
3979.234441 0.43546849267573895
3980.516379 0.43546849267573895
3981.784624 0.435641847967409
3983.019874 0.435641847967409
3984.263128 0.435641847967409
3985.500716 0.435641847967409
3986.744247 0.435641847967409
3987.977834 0.435641847967409
3989.231102 0.435641847967409
3990.487664 0.435555170321574
3991.736999 0.435641847967409
3992.970068 0.435641847967409
3994.197876 0.435641847967409
3995.440397 0.435641847967409
3996.660512 0.435641847967409
3997.897619 0.435641847967409
3999.211231 0.43572852561324404
4000.501372 0.435641847967409
4001.775561 0.435555170321574
4003.024406 0.435641847967409
4004.288269 0.43572852561324404
4005.537989 0.435641847967409
4006.803839 0.435641847967409
4008.055068 0.435641847967409
4009.314991 0.435555170321574
4010.589953 0.435641847967409
4011.893102 0.435641847967409
4013.165626 0.435641847967409
4014.424851 0.435641847967409
4015.685703 0.43546849267573895
4016.938564 0.435641847967409
4018.208072 0.435641847967409
4019.466181 0.435641847967409
4020.734059 0.435641847967409
4022.015524 0.43572852561324404
4023.333636 0.43572852561324404
