time train-error
22.504758 0.36750000000000005
33.202036 0.363
43.953277 0.36350000000000005
52.967567 0.35050000000000003
61.572393 0.30300000000000005
70.18161 0.279
78.825374 0.25549999999999995
87.516248 0.246
96.523623 0.243
105.513016 0.24150000000000005
114.331677 0.239
123.023536 0.21450000000000002
131.788904 0.20399999999999996
140.830652 0.1855
149.908759 0.17600000000000005
160.583077 0.16749999999999998
173.24248 0.17300000000000004
186.415053 0.16800000000000004
198.674808 0.16800000000000004
206.837004 0.15749999999999997
214.362538 0.14549999999999996
221.65798 0.13
229.199611 0.11150000000000004
235.714029 0.09350000000000003
241.509083 0.08999999999999997
248.731712 0.08350000000000002
254.484936 0.07950000000000002
260.334317 0.07450000000000001
266.814989 0.0665
273.694636 0.06499999999999995
278.591668 0.0625
283.636696 0.0595
288.672042 0.04949999999999999
294.648529 0.041000000000000036
299.672306 0.03949999999999998
303.930989 0.033499999999999974
308.056168 0.030000000000000027
312.370794 0.025499999999999967
316.324287 0.025499999999999967
320.165813 0.015000000000000013
323.937911 0.018000000000000016
328.232616 0.02100000000000002
331.853146 0.020499999999999963
335.301653 0.019499999999999962
338.544711 0.01749999999999996
341.759111 0.014499999999999957
344.740208 0.011499999999999955
347.639998 0.011499999999999955
350.91793 0.012499999999999956
354.520954 0.010499999999999954
357.583435 0.011499999999999955
360.746535 0.011499999999999955
364.319568 0.01100000000000001
366.940633 0.010499999999999954
369.691616 0.011499999999999955
372.736348 0.01200000000000001
375.747428 0.013499999999999956
378.417982 0.0044999999999999485
381.554037 0.0034999999999999476
384.542859 0.0034999999999999476
387.023293 0.0030000000000000027
389.403408 0.0030000000000000027
391.683953 0.0020000000000000018
394.14832 0.0014999999999999458
396.835578 0.0014999999999999458
399.114257 0.0024999999999999467
401.145789 0.0014999999999999458
403.218949 0.0014999999999999458
405.213531 0.0014999999999999458
407.042137 0.0014999999999999458
408.819014 0.0030000000000000027
410.624556 0.0024999999999999467
412.453699 0.007000000000000006
414.303003 0.0050000000000000044
416.13029 0.0020000000000000018
417.95672 0.0010000000000000009
419.784598 0.0010000000000000009
421.189878 0.0010000000000000009
422.550803 0.0004999999999999449
424.146304 0.0010000000000000009
425.705584 0.0010000000000000009
427.027708 0.0014999999999999458
428.510716 0.0010000000000000009
429.703252 0.0010000000000000009
431.18003 0.0010000000000000009
432.688086 0.0040000000000000036
434.159436 0.0004999999999999449
435.676991 0.0014999999999999458
437.124548 0.0010000000000000009
438.478232 0.0010000000000000009
439.708276 0.0010000000000000009
440.785794 0.0004999999999999449
441.707347 0.0004999999999999449
442.894977 0.0024999999999999467
443.815562 0.0020000000000000018
444.993237 0.0010000000000000009
446.130849 0.0010000000000000009
447.33313 0.0004999999999999449
448.445942 0.0010000000000000009
449.619157 0.0004999999999999449
450.68756 0.0004999999999999449
451.590847 0.0
452.529717 0.0004999999999999449
453.447153 0.0004999999999999449
454.39669 0.0004999999999999449
455.293618 0.0
456.39412 0.0004999999999999449
457.42306 0.0
458.458381 0.0
459.411141 0.0
460.265267 0.0
461.037835 0.0004999999999999449
461.97728 0.0
462.876117 0.0
463.755647 0.0004999999999999449
464.69069 0.0
465.418223 0.0
466.07869 0.0
466.712864 0.0
467.322666 0.0
467.938773 0.0
468.561694 0.0
469.161179 0.0
469.692707 0.0
470.273587 0.0
470.900819 0.0
471.50304 0.0
