time train-error
0.264996 0.5
0.52485 0.42300000000000004
0.773324 0.4155
1.031151 0.4
1.288159 0.38549999999999995
1.539511 0.388
1.789762 0.376
2.038298 0.368
2.293996 0.36750000000000005
2.560433 0.35150000000000003
2.827757 0.35150000000000003
3.099359 0.3415
3.36361 0.30800000000000005
3.62273 0.31000000000000005
3.884928 0.30100000000000005
4.197593 0.2895
4.502122 0.29700000000000004
4.803548 0.29300000000000004
5.112465 0.28049999999999997
5.397339 0.268
5.679106 0.26449999999999996
5.953033 0.25749999999999995
6.23719 0.257
6.522561 0.253
6.805856 0.24850000000000005
7.087745 0.24850000000000005
7.358308 0.24450000000000005
7.638803 0.236
7.90824 0.23399999999999999
8.150214 0.22699999999999998
8.381652 0.22399999999999998
8.613363 0.21899999999999997
8.846892 0.21499999999999997
9.079805 0.20899999999999996
9.310831 0.1995
9.546977 0.1915
9.788914 0.20350000000000001
10.029274 0.19699999999999995
10.267938 0.1965
10.507484 0.1905
10.747241 0.1885
10.983453 0.1835
11.22137 0.1815
11.458281 0.1795
11.698557 0.17800000000000005
11.936935 0.1765
12.172665 0.17700000000000005
12.414858 0.1765
12.650666 0.17300000000000004
12.887196 0.17100000000000004
13.125124 0.17200000000000004
13.349808 0.16800000000000004
13.576014 0.16400000000000003
13.811184 0.16349999999999998
14.038242 0.16100000000000003
14.275122 0.16049999999999998
14.508298 0.16000000000000003
14.740867 0.15749999999999997
14.975164 0.15500000000000003
15.211851 0.15549999999999997
15.452757 0.15249999999999997
15.69854 0.15200000000000002
15.944992 0.15049999999999997
16.192338 0.14900000000000002
16.444717 0.14849999999999997
16.699136 0.14700000000000002
16.949797 0.14449999999999996
17.197851 0.14249999999999996
17.445521 0.14049999999999996
17.695099 0.14400000000000002
17.944101 0.14249999999999996
18.19815 0.14149999999999996
18.45145 0.14
18.705133 0.131
18.958575 0.13349999999999995
19.214798 0.12849999999999995
19.468633 0.128
19.721386 0.124
19.976252 0.12450000000000006
20.230051 0.12250000000000005
20.488034 0.122
20.746685 0.121
21.009343 0.119
21.270197 0.11850000000000005
21.527279 0.11599999999999999
21.786444 0.11599999999999999
22.045706 0.11699999999999999
22.30318 0.11650000000000005
22.565519 0.11350000000000005
22.827466 0.11450000000000005
23.096036 0.11250000000000004
23.357078 0.10899999999999999
23.617796 0.10650000000000004
23.879185 0.10699999999999998
24.149216 0.10750000000000004
24.422155 0.10550000000000004
24.685448 0.10250000000000004
24.955288 0.10250000000000004
25.22135 0.09899999999999998
25.488245 0.10150000000000003
25.761688 0.09699999999999998
26.025271 0.09750000000000003
26.294828 0.09550000000000003
26.566562 0.09450000000000003
26.842325 0.09350000000000003
27.113363 0.09450000000000003
27.383434 0.09050000000000002
27.656162 0.09750000000000003
27.9294 0.08899999999999997
28.199174 0.08799999999999997
28.471046 0.08799999999999997
28.740971 0.08350000000000002
29.012507 0.08450000000000002
29.289661 0.08299999999999996
29.561729 0.07750000000000001
29.838043 0.07750000000000001
30.119339 0.08099999999999996
30.395505 0.07450000000000001
30.675953 0.06999999999999995
30.953453 0.07099999999999995
31.238945 0.07099999999999995
31.53866 0.0685
31.83087 0.0655
32.126243 0.0665
32.425506 0.0625
32.718861 0.062000000000000055
33.020403 0.062000000000000055
33.328379 0.05900000000000005
33.627194 0.05800000000000005
33.933646 0.05900000000000005
34.235787 0.05700000000000005
34.540783 0.05500000000000005
34.852347 0.05400000000000005
35.160803 0.05300000000000005
35.472678 0.05300000000000005
35.78799 0.05449999999999999
36.095353 0.05149999999999999
36.409107 0.05049999999999999
36.729543 0.049000000000000044
37.039541 0.04600000000000004
37.352891 0.04949999999999999
37.675475 0.045499999999999985
37.989439 0.04300000000000004
38.299955 0.04400000000000004
38.60949 0.04400000000000004
38.918371 0.04349999999999998
39.226763 0.04249999999999998
39.544837 0.040000000000000036
39.849416 0.04300000000000004
40.155565 0.04049999999999998
40.465362 0.04049999999999998
40.771428 0.03949999999999998
41.078715 0.03700000000000003
41.378173 0.03649999999999998
41.675592 0.035499999999999976
41.968548 0.03400000000000003
42.271592 0.03500000000000003
42.574285 0.034499999999999975
42.883963 0.033499999999999974
43.194204 0.033499999999999974
43.489507 0.033499999999999974
43.787107 0.031000000000000028
44.091195 0.03049999999999997
44.391122 0.031000000000000028
44.689962 0.029000000000000026
44.998083 0.030000000000000027
45.309871 0.027000000000000024
45.669787 0.02749999999999997
45.96986 0.025499999999999967
46.280317 0.025000000000000022
46.594914 0.026000000000000023
46.918473 0.025499999999999967
47.239462 0.022499999999999964
47.571914 0.022499999999999964
47.921577 0.02100000000000002
48.245111 0.02200000000000002
48.608896 0.023499999999999965
48.958768 0.02100000000000002
49.289544 0.019499999999999962
49.603043 0.01849999999999996
49.919936 0.01849999999999996
50.221289 0.019499999999999962
50.514552 0.01849999999999996
50.794641 0.020000000000000018
51.106897 0.019499999999999962
51.396141 0.01849999999999996
51.729474 0.018000000000000016
52.058414 0.017000000000000015
52.395499 0.017000000000000015
52.76595 0.016000000000000014
53.176985 0.01649999999999996
53.670382 0.01649999999999996
54.021657 0.016000000000000014
54.381125 0.014000000000000012
54.744175 0.014000000000000012
55.098487 0.013000000000000012
55.453744 0.015000000000000013
55.801288 0.013499999999999956
56.163864 0.013000000000000012
56.53112 0.01200000000000001
56.911724 0.01200000000000001
57.281635 0.012499999999999956
57.64607 0.011499999999999955
58.019444 0.01100000000000001
58.380443 0.010499999999999954
58.755748 0.010499999999999954
59.113221 0.009499999999999953
59.466321 0.010000000000000009
59.81309 0.010000000000000009
60.151884 0.009000000000000008
60.503426 0.008499999999999952
60.843069 0.009000000000000008
61.178537 0.008499999999999952
61.502894 0.009000000000000008
61.840975 0.008499999999999952
62.180895 0.008499999999999952
62.532192 0.008000000000000007
62.887352 0.008499999999999952
63.244157 0.007499999999999951
63.594654 0.007000000000000006
63.937124 0.007000000000000006
64.27542 0.00649999999999995
64.620259 0.007000000000000006
64.955581 0.00649999999999995
65.285022 0.00649999999999995
65.617544 0.00649999999999995
65.950788 0.00649999999999995
66.292487 0.00649999999999995
66.628985 0.007499999999999951
66.970872 0.00649999999999995
67.316694 0.00649999999999995
67.672617 0.00649999999999995
68.01988 0.00649999999999995
68.373248 0.005499999999999949
68.718287 0.005499999999999949
69.051652 0.005499999999999949
69.394145 0.0050000000000000044
69.735326 0.005499999999999949
70.064725 0.0050000000000000044
70.387728 0.0050000000000000044
70.717337 0.0044999999999999485
71.043153 0.005499999999999949
71.367715 0.0050000000000000044
71.70087 0.0044999999999999485
72.036613 0.0044999999999999485
72.368803 0.0044999999999999485
72.710477 0.0044999999999999485
73.053371 0.0040000000000000036
73.395509 0.0044999999999999485
73.742384 0.0044999999999999485
74.098145 0.0034999999999999476
74.447431 0.0034999999999999476
74.785581 0.0034999999999999476
75.123047 0.0040000000000000036
75.458236 0.0034999999999999476
75.788913 0.0030000000000000027
76.111746 0.0030000000000000027
76.439252 0.0030000000000000027
76.765187 0.0030000000000000027
77.087702 0.0024999999999999467
77.40415 0.0024999999999999467
77.719809 0.0024999999999999467
78.061077 0.0030000000000000027
78.394481 0.0024999999999999467
78.721647 0.0024999999999999467
79.0629 0.0014999999999999458
79.401638 0.0010000000000000009
79.73032 0.0020000000000000018
80.075451 0.0010000000000000009
80.403003 0.0010000000000000009
80.747619 0.0010000000000000009
81.096247 0.0010000000000000009
81.449764 0.0010000000000000009
81.796019 0.0010000000000000009
82.153797 0.0010000000000000009
82.499434 0.0010000000000000009
82.844421 0.0010000000000000009
83.1933 0.0010000000000000009
83.532266 0.0010000000000000009
83.868983 0.0010000000000000009
84.20112 0.0010000000000000009
84.526521 0.0010000000000000009
84.8597 0.0010000000000000009
85.191677 0.0010000000000000009
85.520055 0.0010000000000000009
85.845962 0.0010000000000000009
86.180067 0.0010000000000000009
86.506222 0.0010000000000000009
86.830189 0.0004999999999999449
87.149581 0.0010000000000000009
87.46029 0.0010000000000000009
87.786017 0.0010000000000000009
88.129442 0.0010000000000000009
88.507809 0.0010000000000000009
88.867987 0.0004999999999999449
89.228625 0.0010000000000000009
89.603645 0.0004999999999999449
89.941144 0.0004999999999999449
90.310836 0.0010000000000000009
90.647162 0.0010000000000000009
91.028751 0.0004999999999999449
91.399191 0.0004999999999999449
91.778952 0.0
92.119737 0.0004999999999999449
92.48482 0.0004999999999999449
92.838364 0.0
93.217464 0.0
93.547581 0.0
93.877505 0.0
94.19668 0.0
94.518792 0.0004999999999999449
94.83848 0.0
95.154833 0.0004999999999999449
95.479704 0.0
95.799039 0.0
96.118961 0.0
96.432211 0.0
96.712957 0.0004999999999999449
96.986091 0.0
97.26465 0.0
97.55034 0.0
97.822394 0.0
98.098643 0.0
98.51903 0.0
99.07457 0.0
99.376449 0.0
99.690769 0.0
100.000198 0.0
100.302779 0.0
100.608994 0.0
100.918648 0.0
101.231595 0.0
101.54697 0.0
101.860638 0.0
102.184146 0.0
102.507511 0.0
102.827503 0.0
103.158317 0.0
103.532854 0.0
103.872692 0.0
104.206514 0.0
104.542954 0.0
104.874268 0.0
105.189131 0.0
