time train-error
1.784901 0.0
3.218895 0.003833333333333022
4.67117 0.0004999999999999449
5.804716 0.0011666666666669823
6.779889 0.00033333333333296356
7.945125 0.00033333333333296356
8.893023 0.00016666666666698138
9.706547 0.00016666666666698138
10.445546 0.00016666666666698138
11.127736 0.00033333333333296356
11.789707 0.00016666666666698138
12.436359 0.00033333333333296356
13.074754 0.0004999999999999449
13.70203 0.0006666666666670373
14.320025 0.0004999999999999449
15.30702 0.0
16.183765 0.0
16.984993 0.0
17.756713 0.0
18.501348 0.0
19.239338 0.0
19.969333 0.0
20.694744 0.0
21.41765 0.0
22.131134 0.0
22.851671 0.0
23.563739 0.0
24.273001 0.0
24.976253 0.0
25.681032 0.0
26.379703 0.0
27.071049 0.0
27.761122 0.0
28.444346 0.0
29.132736 0.0
29.818351 0.0
30.509377 0.0
31.191479 0.0
31.875133 0.0
32.564674 0.0
33.2504 0.0
33.932626 0.0
34.610726 0.0
35.288154 0.0
35.963685 0.0
36.636936 0.0
37.310974 0.0
37.984919 0.0
38.656739 0.0
39.32764 0.0
39.996092 0.0
40.662596 0.0
41.331124 0.0
42.257504 0.0
43.069843 0.0
43.861656 0.0
44.644798 0.0
45.421424 0.0
46.196816 0.0
46.975991 0.0
47.749823 0.0
48.523083 0.0
49.294212 0.0
50.062501 0.0
50.8307 0.0
51.600035 0.0
52.364261 0.0
53.123686 0.0
53.882593 0.0
54.642029 0.0
55.408087 0.0
56.166206 0.0
56.939205 0.0
57.697514 0.0
58.627547 0.0
59.460801 0.0
60.289843 0.0
61.109856 0.0
61.929061 0.0
62.754869 0.0
63.569923 0.0
64.387997 0.0
