time train-error
0.373567 0.24950000000000006
0.49326 0.08716666666666695
0.612993 0.07716666666666705
0.73284 0.060166666666667035
0.862908 0.06416666666666704
0.982485 0.044666666666666965
1.102183 0.04766666666666697
1.221922 0.03966666666666696
1.342433 0.04166666666666696
1.462297 0.03583333333333305
1.582295 0.03866666666666696
1.702184 0.03333333333333299
1.822095 0.033499999999999974
1.942205 0.030666666666666953
2.062138 0.029833333333333045
2.196152 0.026166666666667004
2.316929 0.02483333333333304
2.436752 0.022499999999999964
2.556824 0.020666666666667055
2.676661 0.018166666666666997
2.796558 0.01649999999999996
2.916387 0.01466666666666705
3.036137 0.011666666666667047
3.1559 0.01100000000000001
3.275595 0.009833333333333028
3.395519 0.008833333333333027
3.515516 0.008666666666667044
3.635407 0.0076666666666670436
3.759653 0.006666666666667043
3.884798 0.007000000000000006
4.004877 0.004833333333333023
4.139378 0.004833333333333023
4.259575 0.0040000000000000036
4.379684 0.00366666666666704
4.499675 0.0030000000000000027
4.738339 0.0030000000000000027
4.857925 0.002666666666667039
4.977661 0.0024999999999999467
5.097324 0.0023333333333329653
5.217163 0.002666666666667039
5.336978 0.0020000000000000018
5.456967 0.0018333333333330204
5.576731 0.0016666666666670382
5.696477 0.0016666666666670382
5.816121 0.0011666666666669823
5.935907 0.0016666666666670382
6.174558 0.0011666666666669823
6.29423 0.0014999999999999458
6.54699 0.0010000000000000009
6.796573 0.0013333333333329644
7.035694 0.0010000000000000009
7.274663 0.0010000000000000009
7.513845 0.0006666666666670373
7.753098 0.0008333333333330195
7.992103 0.0006666666666670373
8.231401 0.0004999999999999449
8.470724 0.0006666666666670373
8.710001 0.0006666666666670373
8.949326 0.0004999999999999449
9.188365 0.0006666666666670373
9.442091 0.0004999999999999449
9.681213 0.0006666666666670373
9.920354 0.0004999999999999449
10.159163 0.0006666666666670373
10.397698 0.0004999999999999449
10.636476 0.0006666666666670373
10.875069 0.0004999999999999449
10.99493 0.00033333333333296356
11.114592 0.00033333333333296356
11.234427 0.0004999999999999449
11.354313 0.00033333333333296356
11.474107 0.00016666666666698138
11.593844 0.00016666666666698138
11.713635 0.00016666666666698138
11.833457 0.0
11.953479 0.00016666666666698138
12.073386 0.0
12.193239 0.00016666666666698138
12.313009 0.0
12.433086 0.00016666666666698138
12.552981 0.0
12.672699 0.00016666666666698138
12.792372 0.0
12.912125 0.0
13.031957 0.0
13.151668 0.0
13.271309 0.0
13.39109 0.0
13.510969 0.0
13.630654 0.0
13.750516 0.0
13.870245 0.0
13.989956 0.0
14.109792 0.0
14.229395 0.0
14.468076 0.0
14.706747 0.0
14.945185 0.0
15.183644 0.0
15.42215 0.00016666666666698138
15.660733 0.0
15.899573 0.00033333333333296356
16.152608 0.0
16.391674 0.00033333333333296356
16.630335 0.0
16.868813 0.00033333333333296356
17.107337 0.00016666666666698138
17.345966 0.00033333333333296356
17.5847 0.00016666666666698138
17.823582 0.00033333333333296356
18.0625 0.00016666666666698138
18.302028 0.00033333333333296356
18.540954 0.00016666666666698138
18.779761 0.00033333333333296356
19.01859 0.00033333333333296356
19.257452 0.00033333333333296356
19.496888 0.00016666666666698138
19.736041 0.00033333333333296356
19.975382 0.00016666666666698138
20.214834 0.00033333333333296356
20.454077 0.00016666666666698138
20.692676 0.00033333333333296356
20.931221 0.00016666666666698138
21.170232 0.00016666666666698138
21.409178 0.00016666666666698138
21.648409 0.00016666666666698138
21.887695 0.00016666666666698138
22.126444 0.00016666666666698138
22.365673 0.00016666666666698138
22.604842 0.00016666666666698138
22.843693 0.00016666666666698138
23.082605 0.00016666666666698138
