0.7505 0.983463
0.912166666666667 1.271073
0.923333333333333 1.559128
0.939833333333333 1.869545
0.935666666666667 2.15626
0.955166666666667 2.44229
0.952666666666667 2.722943
0.9605 2.993411
0.957666666666667 3.298391
0.964333333333333 3.643141
0.962 3.972715
0.966666666666667 4.223317
0.966333333333333 4.47389
0.969166666666667 4.742699
0.9705 4.989182
0.973833333333333 5.236592
0.974666666666667 5.494866
0.977333333333333 5.753812
0.979166666666667 6.005921
0.981833333333333 6.255985
0.983333333333333 6.522514
0.985166666666667 6.774948
0.987666666666667 7.021119
0.988 7.267121
0.989666666666667 7.514019
0.991166666666667 7.76115
0.991333333333333 8.0223
0.992166666666667 8.278211
0.993166666666667 8.528922
0.993333333333333 8.77857
0.995 9.027482
0.995333333333333 9.276298
0.996333333333333 9.522505
0.9965 9.76853
0.997666666666667 10.260178
0.997166666666667 10.772094
0.997666666666667 11.021061
0.997833333333333 11.272054
0.997833333333333 11.521162
0.999 11.771523
0.998666666666667 12.270139
0.999166666666667 12.766888
0.999166666666667 13.263524
0.999333333333333 13.760224
0.999166666666667 14.253307
0.999333333333333 14.516144
0.999333333333333 14.768526
0.9995 15.017449
0.9995 15.265754
0.9995 15.515416
0.999333333333333 15.763058
0.9995 16.009406
0.999333333333333 16.257496
0.9995 16.502896
0.999333333333333 16.747779
0.999666666666667 16.995358
0.999333333333333 17.24312
0.999666666666667 17.733806
0.999333333333333 18.225475
0.999666666666667 18.719552
0.999333333333333 19.211985
0.999666666666667 19.707724
0.999333333333333 20.204046
0.999666666666667 20.697876
0.999666666666667 21.207985
0.999833333333333 21.704626
0.999666666666667 22.200273
0.999833333333333 22.694816
0.999666666666667 23.189666
0.999833333333333 23.687024
0.999833333333333 24.181199
0.999833333333333 24.676054
0.999833333333333 25.172155
0.999833333333333 25.669133
1 26.167141
1 26.665282
1 27.160993
1 27.654751
1 28.148288
1 28.639718
1 29.131315
1 29.621987
1 30.11242
1 30.60295
1 31.116937
1 31.617227
1 32.114056
1 32.611235
1 33.106591
1 33.599596
1 34.088964
1 34.575704
1 35.063384
1 35.553712
1 36.044964
1 36.536981
1 37.02978
1 37.522413
1 38.014689
1 38.507959
1 38.999927
1 39.489979
1 39.977178
1 40.461519
1 40.944857
1 41.427859
1 41.91152
1 42.393655
1 42.875516
1 43.358237
0.999833333333333 43.839522
1 44.320663
1 44.802024
1 45.043939
1 45.527108
1 45.770595
1 46.257021
1 46.501401
1 46.990455
1 47.236267
0.999833333333333 47.989914
1 48.473817
0.999833333333333 48.958921
1 49.448835
0.999833333333333 49.938444
1 50.421694
0.999833333333333 50.905789
1 51.394284
0.999833333333333 51.879715
1 52.361878
0.999833333333333 52.85058
1 53.094687
0.999833333333333 53.336382
1 53.820271
0.999833333333333 54.307728
1 54.790343
0.999833333333333 55.272449
1 55.754313
1 56.238525
1 56.72577
1 57.211792
1 57.696076
