time train-error
0.264294 0.24950000000000006
0.398964 0.10199999999999998
0.533441 0.08699999999999997
0.668953 0.07116666666666704
0.80463 0.04700000000000004
0.940291 0.038000000000000034
1.086295 0.030000000000000027
1.244498 0.017833333333333035
1.377969 0.016166666666666996
1.51017 0.01100000000000001
1.65894 0.010000000000000009
1.79073 0.005166666666666986
1.919251 0.0033333333333329662
2.04747 0.0030000000000000027
2.174942 0.0016666666666670382
2.293928 0.0014999999999999458
2.408262 0.0018333333333330204
2.518651 0.0008333333333330195
2.625808 0.0004999999999999449
2.726919 0.00016666666666698138
2.821151 0.00016666666666698138
2.911653 0.0
2.994962 0.00016666666666698138
3.073224 0.00016666666666698138
3.146876 0.00033333333333296356
3.216491 0.0
3.282246 0.00016666666666698138
3.346259 0.00016666666666698138
3.407835 0.0
3.476928 0.00016666666666698138
3.537406 0.0
3.594798 0.0
