time train-error
0.45397 0.24950000000000006
0.960396 0.10050000000000003
1.512559 0.08633333333333304
2.065788 0.086666666666667
2.580387 0.07899999999999996
3.072055 0.08133333333333304
3.564577 0.07150000000000001
4.055291 0.07599999999999996
4.561509 0.06666666666666698
5.056934 0.07033333333333303
5.577777 0.0635
6.133813 0.06433333333333302
6.636371 0.05983333333333296
7.129646 0.06000000000000005
7.622402 0.05616666666666703
8.148414 0.05533333333333301
8.693034 0.05366666666666697
9.245649 0.051000000000000045
9.73902 0.05149999999999999
10.224206 0.05083333333333295
10.719154 0.04949999999999999
11.251564 0.048333333333333006
11.769187 0.048166666666667024
12.309557 0.046333333333333004
12.805393 0.044499999999999984
13.313615 0.044666666666666965
13.855738 0.043666666666666965
14.350239 0.042833333333332946
14.821782 0.04149999999999998
15.317968 0.041833333333332945
15.788947 0.04049999999999998
16.298452 0.040000000000000036
16.770901 0.039333333333333
17.300736 0.03949999999999998
17.813267 0.03866666666666696
18.340143 0.039000000000000035
18.787967 0.03766666666666696
19.30971 0.038000000000000034
19.780386 0.03683333333333305
20.274519 0.036333333333332996
20.722819 0.035499999999999976
21.25043 0.035333333333332995
21.77231 0.033499999999999974
22.276785 0.03616666666666701
22.771946 0.03383333333333305
23.219501 0.034666666666666957
23.743946 0.032666666666666955
24.207033 0.03233333333333299
24.705317 0.03216666666666701
25.183681 0.031000000000000028
25.721041 0.03133333333333299
26.17804 0.030833333333333046
26.671834 0.029166666666667007
27.119384 0.028833333333333044
27.592632 0.028166666666667006
28.087092 0.02833333333333299
28.511822 0.026166666666667004
29.007338 0.02766666666666695
29.514254 0.026499999999999968
30.055664 0.02583333333333304
30.458049 0.02400000000000002
30.929007 0.027000000000000024
31.400076 0.023499999999999965
31.877545 0.027000000000000024
32.356406 0.023499999999999965
32.838991 0.026499999999999968
33.343819 0.02283333333333304
33.876838 0.02583333333333304
34.350115 0.02200000000000002
34.821076 0.025333333333332986
35.29155 0.020000000000000018
35.764904 0.024333333333332985
36.239386 0.019166666666666998
36.72107 0.02383333333333304
37.223758 0.018833333333333035
37.729848 0.022166666666667
38.225197 0.019499999999999962
38.699089 0.021833333333333038
39.173582 0.019166666666666998
39.648651 0.020499999999999963
40.137662 0.018833333333333035
40.640922 0.020166666666667
41.116102 0.01849999999999996
41.567161 0.020833333333333037
42.055966 0.018000000000000016
42.527948 0.019833333333333036
42.999062 0.01749999999999996
43.470457 0.018000000000000016
43.93318 0.01749999999999996
44.405056 0.01933333333333298
44.883069 0.017000000000000015
45.353877 0.017666666666667052
45.824644 0.016833333333333034
46.271804 0.018000000000000016
46.742643 0.016166666666666996
47.213009 0.01733333333333298
47.683894 0.016333333333332978
48.147043 0.01733333333333298
48.61954 0.016166666666666996
49.090584 0.017000000000000015
49.537418 0.01566666666666705
50.023494 0.01666666666666705
50.494317 0.015499999999999958
50.941483 0.01666666666666705
51.412245 0.01566666666666705
51.882126 0.015499999999999958
52.337814 0.015000000000000013
52.837552 0.01566666666666705
53.353749 0.01466666666666705
53.844803 0.016166666666666996
54.316096 0.014499999999999957
54.786416 0.015000000000000013
55.233808 0.013833333333333031
55.706142 0.014833333333333032
56.153561 0.013333333333332975
56.63596 0.014833333333333032
57.106861 0.013666666666667049
57.555018 0.014499999999999957
58.025963 0.013333333333332975
58.473696 0.014000000000000012
58.945827 0.013000000000000012
59.393705 0.013499999999999956
59.865664 0.012499999999999956
60.340021 0.014000000000000012
60.789754 0.012499999999999956
61.268888 0.013666666666667049
61.750629 0.012499999999999956
62.2217 0.013333333333332975
62.670034 0.012499999999999956
63.141005 0.01283333333333303
63.603851 0.012333333333332974
64.082804 0.01283333333333303
64.534198 0.012333333333332974
65.005487 0.01283333333333303
65.453132 0.012166666666666992
65.9388 0.012333333333332974
66.387573 0.012166666666666992
66.859193 0.01183333333333303
67.305927 0.011666666666667047
67.806181 0.011499999999999955
68.278526 0.01200000000000001
68.724746 0.011666666666667047
69.217162 0.01183333333333303
69.665357 0.011666666666667047
70.136771 0.01183333333333303
70.585163 0.011333333333332973
71.069919 0.011499999999999955
71.560378 0.011333333333332973
72.008645 0.011166666666666991
72.494736 0.01100000000000001
72.942658 0.011166666666666991
73.416662 0.01100000000000001
73.883446 0.011166666666666991
74.331454 0.010499999999999954
74.802501 0.010833333333333028
75.250114 0.010833333333333028
75.712147 0.01016666666666699
76.184074 0.010833333333333028
76.657436 0.01016666666666699
77.138334 0.009833333333333028
77.652354 0.010333333333332972
78.100147 0.01016666666666699
78.547858 0.009833333333333028
79.018919 0.010499999999999954
79.482061 0.009666666666667045
79.928968 0.009499999999999953
80.413383 0.009666666666667045
80.861178 0.009833333333333028
81.308684 0.009333333333332972
81.794668 0.009833333333333028
82.219232 0.009000000000000008
82.689668 0.009333333333332972
83.137391 0.009000000000000008
83.599928 0.009000000000000008
84.072584 0.00916666666666699
84.518353 0.009000000000000008
85.019131 0.008833333333333027
85.443722 0.008833333333333027
85.914377 0.008666666666667044
86.338362 0.008666666666667044
86.808251 0.008000000000000007
87.255728 0.008166666666666988
87.71785 0.00833333333333297
88.16798 0.008499999999999952
88.639503 0.0076666666666670436
89.063672 0.008000000000000007
89.534088 0.007499999999999951
89.958127 0.008000000000000007
90.430013 0.007000000000000006
90.854419 0.007833333333333026
91.325121 0.006666666666667043
91.725484 0.00733333333333297
92.202535 0.006666666666667043
92.627257 0.007166666666666988
93.098635 0.006666666666667043
93.523628 0.006666666666667043
93.971683 0.007166666666666988
94.442667 0.006333333333332969
94.842856 0.007499999999999951
95.327263 0.006166666666666987
95.751054 0.006833333333333025
96.228581 0.006166666666666987
96.655151 0.006666666666667043
97.160195 0.006000000000000005
97.581438 0.006333333333332969
98.051871 0.005833333333333024
98.452488 0.005833333333333024
98.923067 0.005666666666667042
99.323451 0.005499999999999949
99.79353 0.005666666666667042
100.181397 0.004833333333333023
100.685284 0.005499999999999949
101.086172 0.0050000000000000044
101.548518 0.005166666666666986
102.002534 0.004833333333333023
102.472868 0.005166666666666986
102.826315 0.0050000000000000044
103.311509 0.0044999999999999485
103.68935 0.004333333333332967
104.147723 0.004666666666667041
104.62199 0.0044999999999999485
105.06843 0.004666666666667041
105.530793 0.0044999999999999485
105.977602 0.004666666666667041
106.424262 0.0044999999999999485
106.870972 0.004666666666667041
107.346079 0.0044999999999999485
107.794268 0.0044999999999999485
108.260347 0.0044999999999999485
108.734073 0.0044999999999999485
109.218066 0.0044999999999999485
109.707017 0.0044999999999999485
110.153957 0.0044999999999999485
110.600852 0.004333333333332967
111.04883 0.004333333333332967
111.51337 0.004333333333332967
111.963876 0.004333333333332967
112.448559 0.004166666666666985
112.931878 0.004333333333332967
113.405684 0.004166666666666985
113.853396 0.004333333333332967
114.300307 0.004166666666666985
114.747523 0.004166666666666985
115.195336 0.0040000000000000036
115.642689 0.0040000000000000036
116.092454 0.0040000000000000036
116.56426 0.00366666666666704
117.042895 0.00366666666666704
117.511086 0.00366666666666704
117.961771 0.0034999999999999476
118.41224 0.00366666666666704
118.86021 0.0034999999999999476
119.322322 0.00366666666666704
119.770836 0.00366666666666704
120.244592 0.0034999999999999476
120.728248 0.00366666666666704
121.213568 0.0034999999999999476
121.661208 0.0033333333333329662
122.108927 0.0034999999999999476
122.532679 0.0033333333333329662
122.979516 0.0034999999999999476
123.426515 0.003166666666666984
123.877029 0.0033333333333329662
124.348274 0.0033333333333329662
124.797413 0.0034999999999999476
125.272675 0.0030000000000000027
125.720097 0.0033333333333329662
126.16733 0.0030000000000000027
126.614841 0.0033333333333329662
127.102099 0.003166666666666984
127.527307 0.0033333333333329662
127.990807 0.0030000000000000027
128.439345 0.0033333333333329662
128.886939 0.0030000000000000027
129.327135 0.0033333333333329662
129.774252 0.0030000000000000027
130.23579 0.0033333333333329662
130.684325 0.0030000000000000027
131.123776 0.0033333333333329662
131.572372 0.0030000000000000027
132.039744 0.003166666666666984
132.487843 0.0030000000000000027
132.923699 0.0033333333333329662
133.375123 0.0030000000000000027
133.822799 0.003166666666666984
134.270289 0.0030000000000000027
134.693804 0.003166666666666984
135.15627 0.0030000000000000027
135.605973 0.003166666666666984
136.05178 0.0028333333333330213
136.533354 0.003166666666666984
137.024585 0.0030000000000000027
137.515774 0.003166666666666984
137.981185 0.0028333333333330213
138.472081 0.003166666666666984
138.970034 0.0030000000000000027
139.393678 0.003166666666666984
139.853005 0.0028333333333330213
140.30018 0.0030000000000000027
140.724025 0.0028333333333330213
141.170825 0.0030000000000000027
141.618256 0.0028333333333330213
142.04219 0.003166666666666984
142.48982 0.0028333333333330213
142.914031 0.003166666666666984
143.361825 0.0028333333333330213
143.822152 0.0030000000000000027
144.293568 0.0028333333333330213
144.748415 0.0030000000000000027
145.234486 0.0028333333333330213
145.699403 0.0030000000000000027
146.154204 0.0028333333333330213
146.603855 0.0030000000000000027
147.044561 0.0028333333333330213
147.49528 0.0030000000000000027
147.921954 0.0028333333333330213
148.390493 0.0030000000000000027
148.852732 0.0028333333333330213
149.276674 0.0030000000000000027
149.724803 0.0028333333333330213
150.149187 0.002666666666667039
150.59686 0.0028333333333330213
151.059219 0.0028333333333330213
151.484945 0.0028333333333330213
151.95782 0.0028333333333330213
152.381991 0.002666666666667039
152.829109 0.002666666666667039
153.27588 0.0028333333333330213
153.700244 0.0024999999999999467
154.149732 0.0028333333333330213
154.576788 0.0024999999999999467
155.04324 0.0028333333333330213
155.472683 0.0024999999999999467
155.950794 0.0028333333333330213
156.3783 0.0024999999999999467
156.84433 0.0028333333333330213
157.295907 0.0023333333333329653
157.746944 0.002666666666667039
158.174159 0.002166666666666983
158.624622 0.002666666666667039
159.091114 0.0024999999999999467
159.519983 0.002666666666667039
159.999734 0.0024999999999999467
160.427174 0.0024999999999999467
160.89382 0.0024999999999999467
161.321619 0.0024999999999999467
161.773134 0.0024999999999999467
162.200704 0.0024999999999999467
162.66896 0.0024999999999999467
163.075732 0.0024999999999999467
163.529882 0.002166666666666983
163.994218 0.0023333333333329653
164.421598 0.002166666666666983
164.87238 0.0023333333333329653
165.296005 0.002166666666666983
165.743546 0.0023333333333329653
166.143814 0.0020000000000000018
166.590668 0.0023333333333329653
167.053113 0.0020000000000000018
167.481408 0.0023333333333329653
167.928875 0.0020000000000000018
168.328443 0.0023333333333329653
168.789759 0.0018333333333330204
169.212888 0.0023333333333329653
169.659391 0.0018333333333330204
170.08261 0.0023333333333329653
170.529781 0.0018333333333330204
170.968256 0.0023333333333329653
171.41744 0.0018333333333330204
171.86793 0.0020000000000000018
172.324672 0.0020000000000000018
172.815836 0.0020000000000000018
173.239756 0.0018333333333330204
173.686328 0.0020000000000000018
174.10968 0.0018333333333330204
174.539484 0.002166666666666983
174.996918 0.0018333333333330204
175.428648 0.0020000000000000018
175.907476 0.0018333333333330204
176.337658 0.002166666666666983
176.812099 0.0016666666666670382
177.236055 0.0020000000000000018
177.684058 0.0018333333333330204
178.108673 0.0020000000000000018
178.532424 0.0016666666666670382
178.979901 0.0018333333333330204
179.413314 0.0016666666666670382
179.863531 0.0018333333333330204
180.343761 0.0016666666666670382
180.79412 0.0020000000000000018
181.242206 0.0016666666666670382
181.64299 0.0018333333333330204
182.089964 0.0016666666666670382
182.504493 0.0016666666666670382
182.952687 0.0016666666666670382
183.379585 0.0018333333333330204
183.840196 0.0016666666666670382
184.266018 0.0016666666666670382
184.740571 0.0016666666666670382
185.164931 0.0014999999999999458
185.612969 0.0016666666666670382
185.990007 0.0016666666666670382
186.460217 0.0014999999999999458
186.907948 0.0014999999999999458
187.337121 0.0014999999999999458
187.786238 0.0013333333333329644
188.26746 0.0014999999999999458
188.693771 0.0013333333333329644
189.1407 0.0014999999999999458
189.565574 0.0013333333333329644
190.008723 0.0014999999999999458
190.499733 0.0011666666666669823
190.899853 0.0014999999999999458
191.359409 0.0011666666666669823
191.783735 0.0014999999999999458
192.20832 0.0013333333333329644
192.670795 0.0013333333333329644
193.070513 0.0013333333333329644
193.517172 0.0013333333333329644
193.940474 0.0011666666666669823
194.374307 0.0014999999999999458
194.825827 0.0011666666666669823
195.228101 0.0014999999999999458
195.700891 0.0011666666666669823
196.100345 0.0014999999999999458
196.546454 0.0011666666666669823
196.947124 0.0014999999999999458
197.394579 0.0011666666666669823
197.795014 0.0013333333333329644
198.241776 0.0011666666666669823
198.656211 0.0013333333333329644
199.103824 0.0011666666666669823
199.50165 0.0011666666666669823
199.982872 0.0011666666666669823
200.42096 0.0011666666666669823
200.8443 0.0010000000000000009
201.290743 0.0011666666666669823
201.69041 0.0010000000000000009
202.113555 0.0011666666666669823
202.574502 0.0011666666666669823
202.976111 0.0010000000000000009
203.433212 0.0011666666666669823
203.833225 0.0010000000000000009
204.279816 0.0010000000000000009
204.633606 0.0013333333333329644
205.080974 0.0010000000000000009
205.504745 0.0010000000000000009
205.952293 0.0010000000000000009
206.368151 0.0010000000000000009
206.816942 0.0010000000000000009
207.200338 0.0010000000000000009
207.676806 0.0010000000000000009
208.078065 0.0010000000000000009
208.540807 0.0010000000000000009
208.918102 0.0010000000000000009
209.36557 0.0010000000000000009
209.766473 0.0010000000000000009
210.213213 0.0010000000000000009
210.603091 0.0010000000000000009
211.052301 0.0010000000000000009
211.474283 0.0008333333333330195
211.92176 0.0008333333333330195
212.275121 0.0010000000000000009
212.72182 0.0008333333333330195
213.145883 0.0008333333333330195
213.569404 0.0010000000000000009
214.01663 0.0008333333333330195
214.408569 0.0008333333333330195
214.856554 0.0008333333333330195
215.275819 0.0008333333333330195
215.73154 0.0008333333333330195
216.239213 0.0008333333333330195
216.639894 0.0008333333333330195
217.063236 0.0006666666666670373
217.487289 0.0008333333333330195
217.910759 0.0008333333333330195
218.358302 0.0008333333333330195
218.759328 0.0006666666666670373
219.202656 0.0008333333333330195
219.663412 0.0006666666666670373
220.131938 0.0008333333333330195
220.57284 0.0008333333333330195
221.020396 0.0008333333333330195
221.397098 0.0008333333333330195
221.843383 0.0008333333333330195
222.234945 0.0008333333333330195
222.681994 0.0008333333333330195
223.037904 0.0008333333333330195
223.497195 0.0008333333333330195
223.896792 0.0006666666666670373
224.334615 0.0008333333333330195
224.757413 0.0006666666666670373
225.204357 0.0008333333333330195
225.581199 0.0006666666666670373
226.027798 0.0006666666666670373
226.396695 0.0006666666666670373
226.845065 0.0006666666666670373
227.209296 0.0008333333333330195
227.65545 0.0006666666666670373
228.055723 0.0006666666666670373
228.47938 0.0006666666666670373
228.903064 0.0006666666666670373
229.349839 0.0006666666666670373
229.703143 0.0006666666666670373
230.164315 0.0004999999999999449
230.540803 0.0006666666666670373
230.997202 0.0004999999999999449
231.294184 0.0006666666666670373
231.767953 0.0004999999999999449
232.206138 0.0004999999999999449
232.65347 0.0004999999999999449
232.91321 0.0004999999999999449
233.359696 0.00033333333333296356
233.783379 0.00033333333333296356
234.221245 0.00033333333333296356
234.645256 0.00033333333333296356
235.08744 0.00033333333333296356
235.537182 0.00033333333333296356
235.960371 0.00033333333333296356
236.383618 0.00033333333333296356
236.80691 0.00033333333333296356
237.206363 0.00033333333333296356
237.630448 0.00033333333333296356
238.045943 0.00033333333333296356
238.469706 0.00033333333333296356
238.903385 0.00033333333333296356
239.303813 0.00033333333333296356
239.726729 0.00033333333333296356
240.140833 0.00033333333333296356
240.563724 0.00033333333333296356
240.964104 0.00033333333333296356
241.387373 0.00033333333333296356
241.787518 0.00033333333333296356
242.225405 0.00033333333333296356
242.627498 0.00033333333333296356
243.066705 0.00033333333333296356
243.464853 0.00033333333333296356
243.923292 0.00033333333333296356
244.391717 0.00033333333333296356
244.858549 0.00033333333333296356
245.271899 0.00033333333333296356
245.737689 0.00033333333333296356
246.192499 0.00033333333333296356
246.617947 0.00033333333333296356
247.012902 0.00033333333333296356
247.459969 0.00033333333333296356
247.882904 0.00033333333333296356
248.284358 0.00033333333333296356
248.707986 0.00033333333333296356
249.108736 0.00033333333333296356
249.533437 0.00033333333333296356
249.93407 0.00033333333333296356
250.335668 0.00033333333333296356
250.787472 0.00033333333333296356
251.212515 0.00033333333333296356
251.63702 0.00033333333333296356
252.060836 0.00033333333333296356
252.460915 0.00033333333333296356
252.884496 0.00033333333333296356
253.261592 0.00033333333333296356
253.684836 0.00033333333333296356
254.099226 0.00033333333333296356
254.523625 0.00033333333333296356
254.925863 0.00033333333333296356
255.350049 0.00033333333333296356
255.776692 0.00033333333333296356
256.220769 0.00033333333333296356
256.621444 0.00033333333333296356
257.0449 0.00033333333333296356
257.444907 0.00033333333333296356
257.868829 0.00033333333333296356
258.268719 0.00033333333333296356
258.697296 0.00033333333333296356
259.096327 0.00033333333333296356
259.549122 0.00033333333333296356
259.963468 0.00033333333333296356
260.394203 0.00033333333333296356
260.79471 0.00033333333333296356
261.217733 0.00033333333333296356
261.617446 0.00033333333333296356
262.054856 0.00033333333333296356
262.432958 0.00033333333333296356
262.864641 0.00033333333333296356
263.264613 0.00033333333333296356
263.688956 0.00033333333333296356
264.105064 0.00033333333333296356
264.543541 0.00033333333333296356
264.943817 0.00033333333333296356
265.367371 0.00033333333333296356
265.768107 0.00033333333333296356
266.207061 0.00033333333333296356
266.609556 0.00033333333333296356
267.046455 0.00033333333333296356
267.447268 0.00033333333333296356
267.911801 0.00033333333333296356
268.312829 0.00033333333333296356
268.737557 0.00033333333333296356
269.115297 0.00033333333333296356
269.540522 0.00033333333333296356
269.954312 0.00033333333333296356
270.378073 0.00033333333333296356
270.795077 0.00033333333333296356
271.242232 0.00033333333333296356
271.647588 0.00033333333333296356
272.09247 0.00033333333333296356
272.492335 0.00033333333333296356
272.915279 0.00033333333333296356
273.315134 0.00033333333333296356
273.714638 0.00033333333333296356
274.138087 0.00033333333333296356
274.539574 0.00033333333333296356
274.993174 0.00033333333333296356
275.387801 0.00033333333333296356
275.825972 0.00033333333333296356
276.225626 0.00033333333333296356
276.648905 0.00033333333333296356
277.049578 0.00033333333333296356
277.449623 0.00033333333333296356
277.887905 0.00033333333333296356
278.288361 0.00033333333333296356
278.701657 0.00033333333333296356
279.152947 0.00033333333333296356
279.552538 0.00033333333333296356
279.976158 0.00033333333333296356
280.375542 0.00033333333333296356
280.774803 0.00033333333333296356
281.197607 0.00033333333333296356
281.597178 0.00033333333333296356
282.012191 0.00033333333333296356
282.438052 0.00033333333333296356
282.841187 0.00033333333333296356
283.269713 0.00033333333333296356
283.73955 0.00033333333333296356
284.141502 0.00033333333333296356
284.543726 0.00033333333333296356
284.968817 0.00033333333333296356
285.371238 0.00033333333333296356
285.773895 0.00033333333333296356
286.197928 0.00033333333333296356
286.609761 0.00033333333333296356
287.033104 0.00033333333333296356
287.490099 0.00033333333333296356
287.915172 0.00033333333333296356
288.314374 0.00033333333333296356
288.737308 0.00033333333333296356
289.136629 0.00033333333333296356
289.535876 0.00033333333333296356
289.973181 0.00033333333333296356
290.350789 0.00033333333333296356
290.796398 0.00033333333333296356
291.196657 0.00033333333333296356
291.632917 0.00033333333333296356
291.989035 0.00033333333333296356
292.433379 0.00033333333333296356
292.856622 0.00033333333333296356
293.279406 0.00033333333333296356
293.672251 0.00033333333333296356
294.097219 0.00033333333333296356
294.479927 0.00033333333333296356
294.904886 0.00033333333333296356
295.306197 0.00033333333333296356
295.722616 0.00033333333333296356
296.147804 0.00033333333333296356
296.551317 0.00033333333333296356
296.954664 0.00033333333333296356
297.379923 0.00033333333333296356
297.773244 0.00033333333333296356
298.199562 0.00033333333333296356
298.593765 0.00033333333333296356
299.01899 0.00033333333333296356
299.420879 0.00033333333333296356
299.846126 0.00033333333333296356
300.222886 0.00033333333333296356
300.645973 0.00033333333333296356
301.022708 0.00033333333333296356
301.44558 0.00033333333333296356
301.837323 0.00033333333333296356
302.262826 0.00033333333333296356
302.665252 0.00033333333333296356
303.118537 0.00033333333333296356
303.532197 0.00033333333333296356
303.968475 0.00033333333333296356
304.367748 0.00033333333333296356
304.791347 0.00033333333333296356
305.168038 0.00033333333333296356
305.618941 0.00033333333333296356
306.049837 0.00033333333333296356
306.489058 0.00033333333333296356
306.955898 0.00033333333333296356
307.332333 0.00033333333333296356
307.771394 0.00033333333333296356
308.147819 0.00033333333333296356
308.570963 0.00033333333333296356
308.971221 0.00033333333333296356
309.395266 0.00033333333333296356
309.768746 0.00033333333333296356
310.193545 0.00033333333333296356
310.608894 0.00033333333333296356
311.033199 0.00033333333333296356
311.434286 0.00033333333333296356
311.836628 0.00033333333333296356
312.285171 0.00033333333333296356
312.685562 0.00033333333333296356
313.091536 0.00033333333333296356
313.553595 0.00033333333333296356
313.930005 0.00033333333333296356
314.360194 0.00033333333333296356
314.760159 0.00033333333333296356
315.183882 0.00033333333333296356
315.552015 0.00033333333333296356
315.974923 0.00033333333333296356
316.374633 0.00033333333333296356
316.813552 0.00033333333333296356
317.237075 0.00033333333333296356
317.68787 0.00033333333333296356
318.040878 0.00033333333333296356
318.479226 0.00033333333333296356
318.902659 0.00033333333333296356
319.302541 0.00033333333333296356
319.729234 0.00033333333333296356
320.10566 0.00033333333333296356
320.529136 0.00033333333333296356
320.881607 0.00033333333333296356
321.30447 0.00033333333333296356
321.718411 0.00033333333333296356
322.142591 0.00033333333333296356
322.552987 0.00033333333333296356
322.978204 0.00033333333333296356
323.449625 0.00033333333333296356
323.82596 0.00033333333333296356
324.250414 0.00033333333333296356
324.628165 0.00033333333333296356
325.069668 0.00033333333333296356
325.470201 0.00033333333333296356
325.870971 0.00033333333333296356
326.304062 0.00033333333333296356
326.681727 0.00033333333333296356
327.105735 0.00033333333333296356
327.497938 0.00033333333333296356
327.921124 0.00033333333333296356
328.274352 0.00033333333333296356
328.719459 0.00033333333333296356
329.120087 0.00033333333333296356
329.535665 0.00033333333333296356
329.959864 0.00033333333333296356
330.363026 0.00033333333333296356
330.765277 0.00033333333333296356
331.194087 0.00033333333333296356
331.641965 0.00033333333333296356
332.019797 0.00033333333333296356
332.443359 0.00033333333333296356
332.819688 0.00033333333333296356
333.243267 0.00033333333333296356
333.619594 0.00033333333333296356
334.044362 0.00033333333333296356
334.399865 0.00033333333333296356
334.839313 0.00033333333333296356
335.21628 0.00033333333333296356
335.655194 0.00033333333333296356
336.031742 0.00033333333333296356
336.455526 0.00033333333333296356
336.832398 0.00033333333333296356
337.25665 0.00033333333333296356
337.62601 0.00033333333333296356
338.051608 0.00033333333333296356
338.475699 0.00033333333333296356
338.898839 0.00033333333333296356
339.275348 0.00033333333333296356
339.698531 0.00033333333333296356
340.027963 0.00033333333333296356
340.450854 0.00033333333333296356
340.87428 0.00033333333333296356
341.313642 0.00033333333333296356
341.667732 0.00033333333333296356
342.094254 0.00033333333333296356
342.516747 0.00033333333333296356
342.941217 0.00033333333333296356
343.309971 0.00033333333333296356
343.736439 0.00033333333333296356
344.137744 0.00033333333333296356
344.538893 0.00033333333333296356
344.939636 0.00033333333333296356
345.378938 0.00033333333333296356
345.755767 0.00033333333333296356
346.188471 0.00033333333333296356
346.564961 0.00033333333333296356
346.988882 0.00033333333333296356
347.38036 0.00033333333333296356
347.803945 0.00033333333333296356
348.157455 0.00033333333333296356
348.581207 0.00033333333333296356
348.959028 0.00033333333333296356
349.397041 0.00033333333333296356
349.750412 0.00033333333333296356
350.179511 0.00033333333333296356
350.55702 0.00033333333333296356
350.980349 0.00033333333333296356
351.333874 0.00033333333333296356
351.757989 0.00033333333333296356
352.136222 0.00033333333333296356
352.560362 0.00033333333333296356
352.937712 0.00033333333333296356
353.376536 0.00033333333333296356
353.729707 0.00033333333333296356
354.165762 0.00033333333333296356
354.542853 0.00033333333333296356
354.966222 0.00033333333333296356
355.357865 0.00033333333333296356
355.780941 0.00033333333333296356
356.133961 0.00033333333333296356
356.557236 0.00033333333333296356
356.957149 0.00033333333333296356
357.394652 0.00033333333333296356
357.724164 0.00033333333333296356
358.154822 0.00033333333333296356
358.554473 0.00033333333333296356
358.977795 0.00033333333333296356
359.378414 0.00033333333333296356
359.778402 0.00033333333333296356
360.177993 0.00033333333333296356
360.601227 0.00033333333333296356
360.977752 0.00033333333333296356
361.41583 0.00033333333333296356
361.769299 0.00033333333333296356
362.19514 0.00033333333333296356
362.588477 0.00033333333333296356
363.011446 0.00033333333333296356
363.402917 0.00033333333333296356
363.802593 0.00033333333333296356
364.226251 0.00033333333333296356
364.60256 0.00033333333333296356
365.019873 0.00033333333333296356
365.463587 0.00033333333333296356
365.842281 0.00033333333333296356
366.263591 0.00033333333333296356
366.66319 0.00033333333333296356
367.086495 0.00033333333333296356
367.464519 0.00033333333333296356
367.893218 0.00033333333333296356
368.239714 0.00033333333333296356
368.689973 0.00033333333333296356
369.129654 0.00033333333333296356
369.53016 0.00033333333333296356
369.932323 0.00033333333333296356
370.374971 0.00033333333333296356
370.751485 0.00033333333333296356
371.16573 0.00033333333333296356
371.588929 0.00033333333333296356
371.965514 0.00033333333333296356
372.364964 0.00033333333333296356
372.788079 0.00033333333333296356
373.179349 0.00033333333333296356
373.602354 0.00033333333333296356
373.938142 0.00033333333333296356
374.386946 0.00033333333333296356
374.78685 0.00033333333333296356
375.209904 0.00033333333333296356
375.56338 0.00033333333333296356
375.987015 0.00033333333333296356
376.363369 0.00033333333333296356
376.78647 0.00033333333333296356
377.154079 0.00033333333333296356
377.577216 0.00033333333333296356
377.987864 0.00033333333333296356
378.386962 0.00033333333333296356
378.786389 0.00033333333333296356
379.200522 0.00033333333333296356
379.62365 0.00033333333333296356
380.000883 0.00033333333333296356
380.401228 0.00033333333333296356
380.82393 0.00033333333333296356
381.214903 0.00033333333333296356
381.615527 0.00033333333333296356
382.023221 0.00033333333333296356
382.44626 0.00033333333333296356
382.799983 0.00033333333333296356
383.224024 0.00033333333333296356
383.600567 0.00033333333333296356
384.00071 0.00033333333333296356
384.401282 0.00033333333333296356
384.823929 0.00033333333333296356
385.215111 0.00033333333333296356
385.616118 0.00033333333333296356
386.056417 0.00033333333333296356
386.435081 0.00033333333333296356
386.835686 0.00033333333333296356
387.274375 0.00033333333333296356
387.651485 0.00033333333333296356
388.05213 0.00033333333333296356
388.452192 0.00033333333333296356
388.876261 0.00033333333333296356
389.244409 0.00033333333333296356
389.669108 0.00033333333333296356
390.04066 0.00033333333333296356
390.489914 0.00033333333333296356
390.84301 0.00033333333333296356
391.266125 0.00033333333333296356
391.61946 0.00033333333333296356
392.042412 0.00033333333333296356
392.419073 0.00033333333333296356
392.84208 0.00033333333333296356
393.1864 0.00033333333333296356
393.610331 0.00033333333333296356
394.028973 0.00033333333333296356
394.428665 0.00016666666666698138
394.82876 0.00033333333333296356
395.266751 0.00033333333333296356
395.643555 0.00033333333333296356
396.044228 0.00016666666666698138
396.444414 0.00033333333333296356
396.867791 0.00033333333333296356
397.259315 0.00033333333333296356
397.659759 0.00033333333333296356
398.083498 0.00033333333333296356
398.482689 0.00016666666666698138
398.905389 0.00033333333333296356
399.281959 0.00033333333333296356
399.692282 0.00033333333333296356
400.117686 0.00016666666666698138
400.550423 0.00033333333333296356
400.997336 0.00016666666666698138
401.421556 0.00033333333333296356
401.804912 0.00016666666666698138
402.228197 0.00033333333333296356
402.660224 0.00016666666666698138
403.095359 0.00033333333333296356
403.519421 0.00033333333333296356
403.896174 0.00033333333333296356
404.295747 0.00016666666666698138
404.695923 0.00033333333333296356
405.134097 0.00033333333333296356
405.487899 0.00033333333333296356
405.927677 0.00033333333333296356
406.281194 0.00033333333333296356
406.703816 0.00033333333333296356
407.048405 0.00033333333333296356
407.470888 0.00033333333333296356
407.847278 0.00033333333333296356
408.246838 0.00016666666666698138
408.670462 0.00033333333333296356
409.0616 0.00016666666666698138
409.461625 0.00033333333333296356
409.872325 0.00016666666666698138
410.272902 0.00033333333333296356
410.672958 0.00016666666666698138
411.072974 0.00033333333333296356
411.496136 0.00033333333333296356
411.872857 0.00033333333333296356
412.272508 0.00016666666666698138
412.672196 0.00033333333333296356
413.086207 0.00016666666666698138
413.486841 0.00033333333333296356
413.931757 0.00033333333333296356
414.308937 0.00033333333333296356
414.70882 0.00016666666666698138
415.123054 0.00033333333333296356
415.52264 0.00016666666666698138
415.922257 0.00033333333333296356
416.345169 0.00033333333333296356
416.721525 0.00033333333333296356
417.135789 0.00016666666666698138
417.537149 0.00033333333333296356
417.960483 0.00016666666666698138
418.383712 0.00033333333333296356
418.760482 0.00016666666666698138
419.160629 0.00033333333333296356
419.560803 0.00016666666666698138
419.960957 0.00033333333333296356
420.361034 0.00016666666666698138
420.761517 0.00033333333333296356
421.177233 0.00016666666666698138
421.579054 0.00033333333333296356
421.999439 0.00016666666666698138
422.399412 0.00033333333333296356
422.813909 0.00016666666666698138
423.237034 0.00033333333333296356
423.613924 0.00016666666666698138
424.014166 0.00033333333333296356
424.416862 0.00016666666666698138
424.853343 0.00033333333333296356
425.253292 0.00016666666666698138
425.660334 0.00033333333333296356
426.060666 0.00016666666666698138
426.460361 0.00033333333333296356
426.860474 0.00016666666666698138
427.26091 0.00033333333333296356
427.661125 0.00016666666666698138
428.076291 0.00033333333333296356
428.477903 0.00016666666666698138
428.92462 0.00033333333333296356
429.301639 0.00016666666666698138
429.714505 0.00033333333333296356
430.114762 0.00016666666666698138
430.515641 0.00033333333333296356
430.931255 0.00016666666666698138
431.344898 0.00033333333333296356
431.744637 0.00016666666666698138
432.144402 0.00033333333333296356
432.545381 0.00016666666666698138
432.960272 0.00033333333333296356
433.361005 0.00016666666666698138
433.779696 0.00033333333333296356
434.179163 0.00016666666666698138
434.578753 0.00033333333333296356
434.993387 0.00016666666666698138
435.392738 0.00033333333333296356
435.792237 0.00016666666666698138
436.191464 0.00033333333333296356
436.61436 0.00033333333333296356
437.005453 0.00033333333333296356
437.406104 0.00016666666666698138
437.823184 0.00033333333333296356
438.22248 0.00016666666666698138
438.622341 0.00033333333333296356
439.021526 0.00016666666666698138
439.444551 0.00033333333333296356
439.821401 0.00016666666666698138
440.221014 0.00033333333333296356
440.620669 0.00016666666666698138
441.036374 0.00033333333333296356
441.438129 0.00016666666666698138
441.862728 0.00033333333333296356
442.29199 0.00016666666666698138
442.740188 0.00033333333333296356
443.139498 0.00016666666666698138
443.539205 0.00033333333333296356
443.938903 0.00033333333333296356
444.339766 0.00033333333333296356
444.71564 0.00016666666666698138
445.115039 0.00033333333333296356
445.521565 0.00016666666666698138
445.945764 0.00033333333333296356
446.299742 0.00016666666666698138
446.714308 0.00033333333333296356
447.136842 0.00033333333333296356
447.513295 0.00033333333333296356
447.912236 0.00016666666666698138
448.312312 0.00033333333333296356
448.726431 0.00016666666666698138
449.125992 0.00033333333333296356
449.554941 0.00033333333333296356
449.931335 0.00033333333333296356
450.330834 0.00016666666666698138
450.730601 0.00033333333333296356
451.130148 0.00016666666666698138
451.530168 0.00033333333333296356
451.929398 0.00016666666666698138
452.329093 0.00033333333333296356
452.742838 0.00016666666666698138
453.142132 0.00033333333333296356
453.55455 0.00033333333333296356
453.960297 0.00033333333333296356
454.392961 0.00016666666666698138
454.807671 0.00033333333333296356
455.230323 0.00033333333333296356
455.583951 0.00033333333333296356
455.984543 0.00016666666666698138
456.385196 0.00033333333333296356
456.800464 0.00016666666666698138
457.224998 0.00033333333333296356
457.618729 0.00016666666666698138
458.041513 0.00033333333333296356
458.472366 0.00016666666666698138
458.905043 0.00033333333333296356
459.341539 0.00016666666666698138
459.779865 0.00033333333333296356
460.192982 0.00016666666666698138
460.643462 0.00033333333333296356
461.044168 0.00016666666666698138
461.452354 0.00033333333333296356
461.85365 0.00016666666666698138
462.277226 0.00033333333333296356
462.629891 0.0
463.052961 0.00033333333333296356
463.264924 0.00016666666666698138
463.687974 0.00033333333333296356
464.110339 0.0
464.533467 0.00033333333333296356
464.956454 0.0
465.381921 0.00016666666666698138
465.808671 0.0
466.263963 0.00016666666666698138
466.495352 0.00016666666666698138
466.963547 0.00016666666666698138
467.364475 0.00016666666666698138
467.788523 0.00016666666666698138
468.188623 0.00016666666666698138
468.626754 0.0
468.979467 0.0
469.411785 0.0
469.812153 0.0
470.235223 0.0
470.60382 0.0
471.027453 0.0
471.334118 0.0
471.757218 0.0
472.063793 0.0
472.502522 0.0
472.856628 0.0
473.259442 0.0
473.672964 0.0
474.073721 0.0
474.47362 0.0
474.873368 0.0
475.276015 0.0
475.679465 0.0
476.081214 0.0
476.495715 0.0
476.895122 0.0
477.273197 0.0
477.694319 0.0
478.093896 0.0
478.485353 0.0
478.884738 0.0
479.260955 0.0
479.660783 0.0
480.060326 0.0
480.447735 0.0
480.850522 0.0
481.252406 0.0
481.656975 0.0
482.054278 0.0
482.485695 0.0
482.894685 0.0
483.33167 0.0
483.769822 0.0
484.182415 0.0
484.617246 0.0
484.993887 0.0
485.407682 0.0
485.807245 0.0
486.18374 0.0
486.583982 0.0
486.984484 0.0
487.361103 0.0
487.76081 0.0
488.160716 0.0
488.538153 0.0
488.938033 0.0
489.349455 0.0
489.748801 0.0
490.18393 0.0
490.597585 0.0
491.037133 0.0
491.450867 0.0
491.890635 0.0
492.330435 0.0
492.728463 0.0
493.130585 0.0
493.546488 0.0
493.92458 0.0
494.32554 0.0
494.718051 0.0
495.117727 0.0
495.518156 0.0
495.894565 0.0
496.294405 0.0
496.710167 0.0
497.087807 0.0
497.505554 0.0
497.882465 0.0
498.282045 0.0
498.658551 0.0
499.05771 0.0
499.458077 0.0
499.834511 0.0
500.234368 0.0
500.648759 0.0
501.026852 0.0
501.428929 0.0
501.805712 0.0
502.216511 0.0
502.607946 0.0
503.008428 0.0
503.408729 0.0
503.785771 0.0
504.187202 0.0
504.578471 0.0
504.978997 0.0
505.368597 0.0
505.768754 0.0
506.168756 0.0
506.545382 0.0
506.945221 0.0
507.346078 0.0
507.723511 0.0
508.124609 0.0
508.516624 0.0
508.91694 0.0
509.33395 0.0
509.710508 0.0
510.110461 0.0
510.501781 0.0
510.90222 0.0
511.279318 0.0
511.679654 0.0
512.056572 0.0
512.471313 0.0
512.848168 0.0
513.262127 0.0
513.66215 0.0
514.039224 0.0
514.43916 0.0
514.815755 0.0
515.215731 0.0
515.592091 0.0
515.991646 0.0
516.382568 0.0
516.781878 0.0
517.167021 0.0
517.566202 0.0
517.966265 0.0
518.357353 0.0
518.756588 0.0
519.132985 0.0
519.53292 0.0
519.909832 0.0
520.324126 0.0
520.700719 0.0
521.10284 0.0
521.500431 0.0
521.899243 0.0
522.27502 0.0
522.674748 0.0
523.051275 0.0
523.450879 0.0
523.850858 0.0
524.242266 0.0
524.641948 0.0
525.019952 0.0
525.446292 0.0
525.822415 0.0
526.236743 0.0
526.612807 0.0
527.012702 0.0
527.412184 0.0
527.788894 0.0
528.192775 0.0
528.580658 0.0
528.981907 0.0
529.38249 0.0
529.81182 0.0
530.198509 0.0
530.63779 0.0
531.037799 0.0
531.437487 0.0
531.813924 0.0
532.228272 0.0
532.604405 0.0
532.982715 0.0
533.409781 0.0
533.808976 0.0
534.20032 0.0
534.600482 0.0
534.976987 0.0
535.376452 0.0
535.752431 0.0
536.156783 0.0
536.543419 0.0
536.944278 0.0
537.34321 0.0
537.767658 0.0
538.143878 0.0
538.543282 0.0
538.919846 0.0
539.319396 0.0
539.695358 0.0
540.094682 0.0
540.510077 0.0
540.888943 0.0
541.310569 0.0
541.686435 0.0
542.086227 0.0
542.477961 0.0
542.87735 0.0
543.230158 0.0
543.629578 0.0
544.035496 0.0
544.425721 0.0
544.825975 0.0
545.246856 0.0
545.622816 0.0
546.022238 0.0
546.415267 0.0
546.815413 0.0
547.168923 0.0
547.591941 0.0
547.992917 0.0
548.414408 0.0
548.792021 0.0
549.204563 0.0
549.557819 0.0
549.957247 0.0
550.371835 0.0
550.771832 0.0
551.148364 0.0
551.548497 0.0
551.901125 0.0
552.314924 0.0
552.715182 0.0
553.098516 0.0
553.522483 0.0
553.921699 0.0
554.297871 0.0
554.697322 0.0
555.073694 0.0
555.473242 0.0
555.849388 0.0
556.263999 0.0
556.616492 0.0
557.02033 0.0
557.419901 0.0
557.796343 0.0
558.210726 0.0
558.586501 0.0
558.985745 0.0
559.361868 0.0
559.761052 0.0
560.151985 0.0
560.55119 0.0
560.928967 0.0
561.337594 0.0
561.733917 0.0
562.130622 0.0
562.55288 0.0
562.95351 0.0
563.329143 0.0
563.7292 0.0
564.120586 0.0
564.520438 0.0
564.905353 0.0
565.303704 0.0
565.731342 0.0
566.13145 0.0
566.508095 0.0
566.908629 0.0
567.261314 0.0
567.661133 0.0
568.062317 0.0
568.438967 0.0
568.843235 0.0
569.241755 0.0
569.670131 0.0
570.080383 0.0
570.518978 0.0
570.932007 0.0
571.371551 0.0
571.772046 0.0
572.16406 0.0
572.564883 0.0
572.96827 0.0
573.374686 0.0
573.812279 0.0
574.226829 0.0
574.603507 0.0
575.003046 0.0
575.379771 0.0
575.755803 0.0
576.170996 0.0
576.57146 0.0
576.961795 0.0
577.385029 0.0
577.761178 0.0
578.161024 0.0
578.513956 0.0
578.913618 0.0
579.289423 0.0
579.689173 0.0
580.103375 0.0
580.479426 0.0
580.884231 0.0
581.237566 0.0
581.637716 0.0
582.052575 0.0
582.429022 0.0
582.828862 0.0
583.205733 0.0
583.605734 0.0
583.996357 0.0
584.396019 0.0
584.776048 0.0
585.199887 0.0
585.599568 0.0
586.030969 0.0
586.441016 0.0
586.852302 0.0
587.291026 0.0
587.69071 0.0
588.081492 0.0
588.480875 0.0
588.843902 0.0
589.266549 0.0
589.666082 0.0
590.056839 0.0
590.456758 0.0
590.832879 0.0
591.208971 0.0
591.608334 0.0
591.999649 0.0
592.39949 0.0
592.782243 0.0
593.20597 0.0
593.599022 0.0
593.999093 0.0
594.375311 0.0
594.775009 0.0
595.151689 0.0
595.551926 0.0
595.944003 0.0
596.344251 0.0
596.724818 0.0
597.146876 0.0
597.522276 0.0
597.958363 0.0
598.359205 0.0
598.736191 0.0
599.136449 0.0
599.490338 0.0
599.889868 0.0
600.289535 0.0
600.668158 0.0
601.0918 0.0
601.49401 0.0
601.931031 0.0
602.344938 0.0
602.758614 0.0
603.198546 0.0
603.612076 0.0
604.046725 0.0
604.42302 0.0
604.836036 0.0
605.234004 0.0
605.662421 0.0
606.066153 0.0
606.466273 0.0
606.842987 0.0
607.219897 0.0
607.620031 0.0
608.011998 0.0
608.413324 0.0
608.815369 0.0
609.241967 0.0
609.649698 0.0
610.076456 0.0
610.453712 0.0
610.830494 0.0
611.230744 0.0
611.607153 0.0
612.006996 0.0
612.407395 0.0
612.794496 0.0
613.219726 0.0
613.600945 0.0
614.030107 0.0
614.429585 0.0
614.805817 0.0
615.205634 0.0
615.558719 0.0
615.973373 0.0
616.373765 0.0
616.764138 0.0
617.194072 0.0
617.548924 0.0
617.965735 0.0
618.367295 0.0
618.745685 0.0
619.147541 0.0
619.502559 0.0
619.919267 0.0
620.321811 0.0
620.705209 0.0
621.129275 0.0
621.506487 0.0
621.906952 0.0
622.260394 0.0
622.662309 0.0
623.040152 0.0
623.441275 0.0
623.833665 0.0
624.234121 0.0
624.589739 0.0
625.016225 0.0
625.393338 0.0
625.808323 0.0
626.184625 0.0
626.586956 0.0
626.942221 0.0
627.344519 0.0
627.733555 0.0
628.14079 0.0
628.521686 0.0
628.951894 0.0
629.357362 0.0
629.792115 0.0
630.177397 0.0
630.617388 0.0
630.996476 0.0
631.398921 0.0
631.792729 0.0
632.194984 0.0
632.555167 0.0
632.982577 0.0
633.361335 0.0
633.775609 0.0
634.151628 0.0
634.527369 0.0
634.926757 0.0
635.30277 0.0
635.716416 0.0
636.092354 0.0
636.494063 0.0
636.898468 0.0
637.329489 0.0
637.740016 0.0
638.178745 0.0
638.566836 0.0
639.006117 0.0
639.382577 0.0
639.79743 0.0
640.173754 0.0
640.577509 0.0
640.973934 0.0
641.400385 0.0
641.7901 0.0
642.18966 0.0
642.566197 0.0
642.966093 0.0
643.342251 0.0
643.742445 0.0
644.11895 0.0
644.525447 0.0
644.923974 0.0
645.35117 0.0
645.741465 0.0
646.141918 0.0
646.518833 0.0
646.918575 0.0
647.295441 0.0
647.71027 0.0
648.087164 0.0
648.467549 0.0
648.892607 0.0
649.269353 0.0
649.683951 0.0
650.060854 0.0
650.43801 0.0
650.837637 0.0
651.214583 0.0
651.626747 0.0
652.006551 0.0
652.385349 0.0
652.810145 0.0
653.187304 0.0
653.588709 0.0
653.942911 0.0
654.364188 0.0
654.744245 0.0
655.146823 0.0
655.523296 0.0
655.938616 0.0
656.293306 0.0
656.717387 0.0
657.094692 0.0
657.494752 0.0
657.886 0.0
658.285543 0.0
658.638741 0.0
659.038428 0.0
659.41439 0.0
659.829031 0.0
660.182165 0.0
660.595738 0.0
660.972324 0.0
661.371919 0.0
661.749198 0.0
662.125691 0.0
662.525528 0.0
662.902076 0.0
663.307203 0.0
663.712838 0.0
664.113421 0.0
664.500566 0.0
664.89941 0.0
665.331248 0.0
665.724319 0.0
666.125458 0.0
666.479495 0.0
666.888538 0.0
667.266271 0.0
667.683876 0.0
668.038317 0.0
668.443101 0.0
668.829971 0.0
669.230157 0.0
669.598515 0.0
669.998956 0.0
670.376067 0.0
670.776613 0.0
671.129853 0.0
671.543461 0.0
671.919572 0.0
672.321189 0.0
672.71756 0.0
673.116001 0.0
673.548831 0.0
673.92602 0.0
674.326597 0.0
674.68036 0.0
675.080191 0.0
675.457138 0.0
675.872572 0.0
676.226915 0.0
676.646951 0.0
677.046987 0.0
677.423379 0.0
677.838499 0.0
678.191035 0.0
678.590646 0.0
678.966663 0.0
679.342712 0.0
679.757 0.0
680.134406 0.0
680.549263 0.0
680.952599 0.0
681.385503 0.0
681.768782 0.0
682.208515 0.0
682.585324 0.0
682.984815 0.0
683.361084 0.0
683.776102 0.0
684.131055 0.0
684.551429 0.0
684.928995 0.0
685.33015 0.0
685.722592 0.0
686.099891 0.0
686.50032 0.0
686.877647 0.0
687.254197 0.0
687.668512 0.0
688.045743 0.0
688.4619 0.0
688.83626 0.0
689.273644 0.0
689.68837 0.0
690.130137 0.0
690.543772 0.0
690.983327 0.0
691.396884 0.0
691.793965 0.0
692.196098 0.0
692.593912 0.0
693.020247 0.0
693.403905 0.0
693.840428 0.0
694.253035 0.0
694.666479 0.0
695.106209 0.0
695.482706 0.0
695.88236 0.0
696.238538 0.0
696.662513 0.0
697.038499 0.0
697.438363 0.0
697.791359 0.0
698.191331 0.0
698.567305 0.0
698.967761 0.0
699.344182 0.0
699.75931 0.0
700.113744 0.0
700.515138 0.0
700.914197 0.0
701.290733 0.0
701.705758 0.0
702.08196 0.0
702.482127 0.0
702.835354 0.0
703.235593 0.0
703.62689 0.0
704.00368 0.0
704.420386 0.0
704.797301 0.0
705.197287 0.0
705.550328 0.0
705.949726 0.0
706.325957 0.0
706.725903 0.0
707.102606 0.0
707.517514 0.0
707.870277 0.0
708.280251 0.0
708.657354 0.0
709.034242 0.0
709.449217 0.0
709.826734 0.0
710.203365 0.0
710.603196 0.0
710.980059 0.0
711.39493 0.0
711.771735 0.0
712.150125 0.0
712.570345 0.0
712.947243 0.0
713.324245 0.0
713.723566 0.0
714.101295 0.0
714.501312 0.0
714.87782 0.0
715.254296 0.0
715.669589 0.0
716.047484 0.0
716.443576 0.0
716.867332 0.0
717.244078 0.0
717.63561 0.0
718.035483 0.0
718.41201 0.0
718.788174 0.0
719.188142 0.0
719.579094 0.0
719.956819 0.0
720.358977 0.0
720.751865 0.0
721.150856 0.0
721.583027 0.0
721.959828 0.0
722.360073 0.0
722.713048 0.0
723.11877 0.0
723.510691 0.0
723.911918 0.0
724.271441 0.0
724.692548 0.0
725.069215 0.0
725.484931 0.0
725.838785 0.0
726.239491 0.0
726.633366 0.0
727.011086 0.0
727.426644 0.0
727.80433 0.0
728.209838 0.0
728.584366 0.0
729.012563 0.0
729.400104 0.0
729.802281 0.0
730.180626 0.0
730.559084 0.0
730.959891 0.0
731.337151 0.0
731.738035 0.0
732.093663 0.0
732.519735 0.0
732.896433 0.0
733.337709 0.0
733.715065 0.0
734.115256 0.0
734.491543 0.0
734.867434 0.0
735.281466 0.0
735.6578 0.0
736.035654 0.0
736.463956 0.0
736.84069 0.0
737.256358 0.0
737.609485 0.0
738.010157 0.0
738.38678 0.0
738.786106 0.0
739.139347 0.0
739.553995 0.0
739.931563 0.0
740.309439 0.0
740.72854 0.0
741.082419 0.0
741.482654 0.0
741.858676 0.0
742.258858 0.0
742.611631 0.0
743.01163 0.0
743.379766 0.0
743.781037 0.0
744.173335 0.0
744.552763 0.0
744.95374 0.0
745.322007 0.0
745.721633 0.0
746.098507 0.0
746.498831 0.0
746.852687 0.0
747.267369 0.0
747.64442 0.0
748.026108 0.0
748.451041 0.0
748.804159 0.0
749.204482 0.0
749.581279 0.0
749.958348 0.0
750.358884 0.0
750.73593 0.0
751.136202 0.0
751.50549 0.0
751.907004 0.0
752.307173 0.0
752.68417 0.0
753.084802 0.0
753.453547 0.0
753.853828 0.0
754.231144 0.0
754.607586 0.0
755.007296 0.0
755.398559 0.0
755.799752 0.0
756.155953 0.0
756.556669 0.0
756.952567 0.0
757.351397 0.0
757.789034 0.0
758.142821 0.0
758.542964 0.0
758.920625 0.0
759.312439 0.0
759.713438 0.0
760.092798 0.0
760.505851 0.0
760.881656 0.0
761.313185 0.0
761.666105 0.0
762.067438 0.0
762.445162 0.0
762.822567 0.0
763.223698 0.0
763.601411 0.0
763.986095 0.0
764.408796 0.0
764.784203 0.0
765.225159 0.0
765.578548 0.0
765.978933 0.0
766.356151 0.0
766.772367 0.0
767.160388 0.0
767.5613 0.0
767.942812 0.0
768.321331 0.0
768.722462 0.0
769.114936 0.0
769.492439 0.0
769.894799 0.0
770.272825 0.0
770.651111 0.0
771.052839 0.0
771.423809 0.0
771.827727 0.0
772.199869 0.0
772.599975 0.0
772.978168 0.0
773.355535 0.0
773.756123 0.0
774.111525 0.0
774.512747 0.0
774.889594 0.0
775.281434 0.0
775.682622 0.0
776.048789 0.0
776.477337 0.0
776.831178 0.0
777.246353 0.0
777.62327 0.0
778.000894 0.0
778.401781 0.0
778.779333 0.0
779.170541 0.0
779.571709 0.0
779.941439 0.0
780.369772 0.0
780.747527 0.0
781.124923 0.0
781.525491 0.0
781.903015 0.0
782.280356 0.0
782.680593 0.0
783.069401 0.0
783.46941 0.0
783.824816 0.0
784.252813 0.0
784.63142 0.0
785.046923 0.0
785.401823 0.0
785.809591 0.0
786.163742 0.0
786.566432 0.0
786.965766 0.0
787.358775 0.0
787.761233 0.0
788.136512 0.0
788.566399 0.0
788.955172 0.0
789.380418 0.0
789.75814 0.0
790.134856 0.0
790.534563 0.0
790.887705 0.0
791.287732 0.0
791.641689 0.0
792.057109 0.0
792.433931 0.0
792.810828 0.0
793.226343 0.0
793.586203 0.0
793.986131 0.0
794.362499 0.0
794.762135 0.0
795.130278 0.0
795.531153 0.0
795.887594 0.0
796.309712 0.0
796.662746 0.0
797.077682 0.0
797.453985 0.0
797.830572 0.0
798.230637 0.0
798.583901 0.0
798.998207 0.0
799.351799 0.0
799.754173 0.0
800.13309 0.0
800.53513 0.0
800.890244 0.0
801.291898 0.0
801.670922 0.0
802.049986 0.0
802.452627 0.0
802.807922 0.0
803.224756 0.0
803.580759 0.0
803.993697 0.0
804.34757 0.0
804.748114 0.0
805.139549 0.0
805.539789 0.0
805.869822 0.0
806.269661 0.0
806.646556 0.0
807.061721 0.0
807.43851 0.0
807.824535 0.0
808.249108 0.0
808.626265 0.0
809.003496 0.0
809.404478 0.0
809.758471 0.0
810.159218 0.0
810.512878 0.0
810.928007 0.0
811.281198 0.0
811.683752 0.0
812.060206 0.0
812.460256 0.0
812.814199 0.0
813.229938 0.0
813.606953 0.0
813.984034 0.0
814.38414 0.0
814.737558 0.0
815.152253 0.0
815.506946 0.0
815.919304 0.0
816.296155 0.0
816.673222 0.0
817.074003 0.0
817.427499 0.0
817.827598 0.0
818.180567 0.0
818.580634 0.0
818.925217 0.0
819.32558 0.0
819.704989 0.0
820.111402 0.0
820.510553 0.0
820.92675 0.0
821.327919 0.0
821.681414 0.0
822.081662 0.0
822.4345 0.0
822.83464 0.0
823.187559 0.0
823.58854 0.0
823.960597 0.0
824.385545 0.0
824.739057 0.0
825.154286 0.0
825.531019 0.0
825.907169 0.0
826.283443 0.0
826.682933 0.0
827.07427 0.0
827.450997 0.0
