time train-error
0.014363 0.22733333333333305
0.020123 0.17116666666666702
0.026711 0.123
0.034309 0.10033333333333305
0.04198 0.09083333333333299
0.050742 0.07833333333333303
0.059479 0.0685
0.06896 0.058499999999999996
0.078458 0.04316666666666702
0.090113 0.03500000000000003
0.101913 0.028166666666667006
0.114407 0.025000000000000022
0.126867 0.023166666666667002
0.139138 0.019833333333333036
0.158317 0.017666666666667052
0.173694 0.01849999999999996
0.191079 0.01833333333333298
0.206852 0.014833333333333032
0.223101 0.01466666666666705
0.239081 0.013333333333332975
0.254701 0.009666666666667045
0.271449 0.008833333333333027
0.287282 0.00733333333333297
0.304726 0.004166666666666985
0.322321 0.00366666666666704
0.339273 0.0040000000000000036
0.356491 0.0034999999999999476
0.374288 0.0028333333333330213
0.392345 0.002666666666667039
0.409584 0.0034999999999999476
0.42714 0.0020000000000000018
0.446155 0.0020000000000000018
0.465268 0.0018333333333330204
0.483978 0.0010000000000000009
0.502456 0.0010000000000000009
0.52314 0.0008333333333330195
0.542902 0.0010000000000000009
0.562447 0.0006666666666670373
0.580414 0.0006666666666670373
0.5989 0.0004999999999999449
0.618015 0.0006666666666670373
0.638139 0.00016666666666698138
0.657604 0.0006666666666670373
0.678629 0.00033333333333296356
0.700016 0.00016666666666698138
0.720117 0.00033333333333296356
0.740732 0.00033333333333296356
0.761355 0.00033333333333296356
0.788074 0.00033333333333296356
0.809252 0.0
0.830539 0.00016666666666698138
0.851352 0.00016666666666698138
0.872664 0.00016666666666698138
0.892955 0.00016666666666698138
0.91374 0.00016666666666698138
0.933738 0.00016666666666698138
0.953464 0.00016666666666698138
0.971996 0.00016666666666698138
0.990957 0.00016666666666698138
1.009219 0.00016666666666698138
1.029734 0.00016666666666698138
1.050537 0.00016666666666698138
