time train-error
0.015279 0.35916666666666697
0.021049 0.10599999999999998
0.027604 0.09850000000000003
0.033993 0.06766666666666699
0.041438 0.05366666666666697
0.050526 0.04216666666666702
0.059233 0.042833333333332946
0.069129 0.03200000000000003
0.078861 0.026166666666667004
0.089804 0.02566666666666695
0.101329 0.021333333333332982
0.114032 0.01849999999999996
0.126609 0.018166666666666997
0.138423 0.01833333333333298
0.151504 0.014166666666666994
0.166275 0.01283333333333303
0.180865 0.01283333333333303
0.194782 0.011333333333332973
0.209399 0.010000000000000009
0.224002 0.00833333333333297
0.238508 0.00649999999999995
0.25269 0.005666666666667042
0.268184 0.005333333333332968
0.283468 0.0040000000000000036
0.299141 0.004166666666666985
0.31498 0.0034999999999999476
0.330616 0.0020000000000000018
0.348465 0.002166666666666983
0.366411 0.0028333333333330213
0.384313 0.0014999999999999458
0.402133 0.0014999999999999458
0.419306 0.0011666666666669823
0.437385 0.0018333333333330204
0.453979 0.0018333333333330204
0.470616 0.0006666666666670373
0.486994 0.0008333333333330195
0.503055 0.0006666666666670373
0.519759 0.0006666666666670373
0.535925 0.0004999999999999449
0.550935 0.0008333333333330195
0.566217 0.00033333333333296356
0.58197 0.00033333333333296356
0.599362 0.0004999999999999449
0.616334 0.00033333333333296356
0.632361 0.00033333333333296356
0.648061 0.00033333333333296356
0.662489 0.00033333333333296356
0.678266 0.00016666666666698138
0.734175 0.00016666666666698138
0.75136 0.00033333333333296356
0.766894 0.0004999999999999449
0.781878 0.00033333333333296356
0.796341 0.00016666666666698138
0.811603 0.00033333333333296356
