time trainacc
0.034086 0.805833333333333
0.051824 0.867
0.073136 0.876166666666667
0.092135 0.9
0.113488 0.920833333333333
0.136425 0.937666666666667
0.160513 0.948166666666667
0.188967 0.952333333333333
0.217456 0.957333333333333
0.24951 0.962833333333333
0.279564 0.968833333333333
0.311701 0.968166666666667
0.347427 0.974166666666667
0.379747 0.9765
0.417711 0.977666666666667
0.457765 0.9785
0.499381 0.979666666666667
0.542231 0.980666666666667
0.580848 0.982833333333333
0.622689 0.983333333333333
0.672764 0.985666666666667
0.717901 0.986833333333333
0.761415 0.987
0.806482 0.988666666666667
0.851109 0.991833333333333
0.895648 0.9945
0.945593 0.995333333333333
0.997723 0.995166666666667
1.046196 0.995666666666667
1.097227 0.995666666666667
1.148551 0.9965
1.197011 0.997166666666667
1.248271 0.998
1.297627 0.998166666666667
1.35075 0.999166666666667
1.402182 0.999
1.461492 0.999
1.513967 0.999333333333333
1.571702 0.999333333333333
1.627809 0.999166666666667
1.678617 0.999333333333333
1.731518 0.9995
1.788487 0.999666666666667
1.844916 0.9995
1.899553 0.999333333333333
1.952536 0.9995
2.006097 0.999666666666667
2.064763 0.999833333333333
2.119097 0.999666666666667
2.170088 1
2.226207 1
2.279249 0.999666666666667
2.333584 0.999833333333333
2.384183 0.999833333333333
2.435287 1
2.488035 0.9995
2.541903 0.999833333333333
2.592711 1
2.645644 1
2.699063 0.999833333333333
2.751084 0.999833333333333
2.807922 0.999833333333333
2.857946 1
2.91391 0.999833333333333
2.967917 0.999833333333333
3.02064 1
3.074444 0.999833333333333
3.127536 0.999833333333333
3.182955 1
3.234991 1
3.284808 1
3.338013 1
3.388447 1
3.439994 1
3.490564 1
3.540593 1
