trainacc time
0.035549 0.7475
0.047525 0.869666666666667
0.063136 0.881166666666667
0.080702 0.916666666666667
0.101175 0.935166666666667
0.133747 0.939166666666667
0.162344 0.954
0.194887 0.958666666666667
0.233401 0.962666666666667
0.27225 0.973
0.310775 0.973166666666667
0.349094 0.9785
0.390948 0.984166666666667
0.434181 0.982666666666667
0.477948 0.984666666666667
0.52144 0.984666666666667
0.56595 0.986666666666667
0.611316 0.989666666666667
0.661007 0.989166666666667
0.700764 0.991666666666667
0.74004 0.9925
0.777127 0.993166666666667
0.81885 0.995333333333333
0.859961 0.9955
0.903641 0.996833333333333
0.952724 0.997166666666667
0.998871 0.997333333333333
1.045444 0.997666666666667
1.091461 0.998166666666667
1.138721 0.999
1.185428 0.998666666666667
1.234617 0.999
1.281581 0.999333333333333
1.326225 0.9995
1.367396 0.999333333333333
1.410813 0.999333333333333
1.451874 0.999333333333333
1.493053 0.999333333333333
1.54047 0.9995
1.585673 0.9995
1.629198 0.9995
1.678253 0.9995
1.72606 0.9995
1.771292 0.999666666666667
1.812298 0.999666666666667
1.859643 0.999666666666667
1.906057 0.999666666666667
1.9565 0.9995
2.002488 0.999833333333333
2.044193 0.999833333333333
2.085039 0.999833333333333
2.128862 0.999666666666667
2.177256 0.999833333333333
2.224483 0.999833333333333
2.273494 0.999833333333333
2.31933 1
2.362877 0.999666666666667
2.401299 0.999833333333333
