time trainacc
0.612891 0.7505
0.851315 0.899166666666667
1.078939 0.915833333333333
1.308374 0.930666666666667
1.537578 0.953666666666667
1.766038 0.9615
1.994691 0.97
2.230693 0.981
2.472468 0.982166666666667
2.699032 0.988333333333333
2.924053 0.989
3.146986 0.9945
3.388423 0.9965
3.611936 0.997
3.829571 0.998333333333333
4.033513 0.9985
4.240453 0.999
4.429588 0.999
4.608153 0.9995
4.778131 0.999666666666667
4.943488 0.999833333333333
5.101734 0.999833333333333
5.2488 0.999833333333333
5.389404 1
5.524057 0.999666666666667
5.662144 0.999833333333333
5.787157 0.999833333333333
5.899972 0.999833333333333
6.008771 0.999833333333333
6.110081 1
6.210912 1
6.30434 1
6.394407 1
6.483265 1
6.570285 1
6.655621 1
6.737805 1
6.823285 1
6.901945 1
