iter objective
1 1373.31200467287
2 1354.7297861023
3 1352.15824932041
4 1349.85365615042
5 1347.29654047169
6 1344.98984252309
7 1342.37470651733
8 1340.06956500717
9 1337.44408924118
10 1335.19323868964
11 1332.55971279417
12 1329.65459304443
13 1326.50271803255
14 1323.47339363602
15 1319.88398514689
16 1316.66450715813
17 1312.43381964163
18 1308.92769843008
19 1304.15326066279
20 1300.39125207376
21 1294.81099708775
22 1290.78646691355
23 1284.4547516747
24 1279.92686035753
25 1273.02592328788
26 1267.9302854351
27 1260.39874060263
28 1254.64109541992
29 1246.26916068422
30 1239.71074115173
31 1230.59436681865
32 1222.96259963996
33 1213.17799002206
34 1204.76585288316
35 1194.33050818506
36 1185.2253963111
37 1174.20163186706
38 1164.43151830291
39 1152.93491275271
40 1142.0975644713
41 1129.84329284224
42 1117.97407869259
43 1104.59379244742
44 1091.52083138244
45 1076.78876175083
46 1062.23804233147
47 1060.04102279595
48 1020.93930396859
49 1010.1739258466
50 981.928913714122
51 968.456454666785
52 951.580939524487
53 936.192216850111
54 922.150935579408
55 904.732602523857
56 888.695383263865
57 868.2189853721
58 848.670563389237
59 825.245195832661
60 802.371540643941
61 776.6578117374
62 751.629061848089
63 724.611542204264
64 698.348164864038
65 670.030191225575
66 641.288464144126
67 610.514083046756
68 608.664082602843
69 551.937058972416
70 532.623891272191
71 481.255261557162
72 462.522629570591
73 439.126966456174
74 423.285271045846
75 403.693658334464
76 388.072430997966
77 366.13909150287
78 348.96117319229
79 329.303833846423
80 315.762553959602
81 300.118781613795
82 288.927067970762
83 275.310881532962
84 265.454467000956
85 253.729224575522
86 245.354591475036
87 236.261144325918
88 229.618382223312
89 222.38107865094
90 217.118735333341
91 211.818202534439
92 207.680335901964
93 203.976009351981
94 200.715533832263
95 197.719584903814
96 194.918694312787
97 192.19913352524
98 189.362066208086
99 186.123844456725
100 181.915596040472
101 177.719417535474
102 174.087557819795
103 170.550818135163
104 167.188273597508
105 164.724542268377
106 157.38019435197
107 151.916246890893
108 151.145036192846
109 149.624516743536
110 147.611838214241
111 144.368861616578
112 143.348740770415
113 142.53793503252
114 141.313453956078
115 140.069615252744
116 138.919456264687
117 137.032948800404
118 136.416789084816
119 134.591727001334
120 133.910567149186
121 132.988347448979
122 130.860320421401
123 129.446909341795
124 128.170637292557
125 127.739649066471
126 126.396685050923
127 125.471037024017
128 122.229196539578
129 120.471997422877
130 119.429574980034
131 118.594676318809
132 116.432351138736
133 114.255696206774
134 114.056891307821
135 109.234785703941
136 108.02879851377
137 106.009620437114
138 103.917507337835
139 102.231835513284
140 101.405071823782
141 100.59241519314
142 99.7908741872349
143 98.7882027828397
144 98.2180484957831
145 97.3601039725805
146 96.75976144757
147 96.3053586347875
148 95.8800641943566
149 95.1137327383396
150 94.825368963391
151 94.3579980168426
152 94.0004425261736
153 93.3516853163078
154 93.006838043015
155 92.590995171811
156 92.2348691575265
157 91.363755535961
158 90.7185846663991
159 90.4159722616192
160 89.9639052067949
161 89.7878620193997
162 89.3639346892749
163 88.9775394610975
164 88.4529389738381
165 87.7077568870195
166 87.4014870880206
167 87.1479367587033
168 86.8283562475373
169 86.5720539794344
170 86.2317146669662
171 86.0942693765119
172 85.8194821941487
173 85.6206400923397
174 85.4720866392074
175 85.2336888022523
176 85.0988851928061
177 84.6473839140282
178 84.5374841435853
179 84.3135296230777
180 84.1760879305566
181 84.0166378986232
182 83.938870559961
183 83.6790764242828
184 83.5854804621914
185 83.3850708579903
186 83.3064257676202
187 83.1410448465841
188 83.0940098060468
189 82.8776693021441
190 82.8049046665928
191 82.6354639950536
192 82.5711210032007
193 82.3977754647415
194 82.3886119804314
195 82.1217711111614
196 82.0651541183889
197 81.883368496495
198 81.8611653718018
199 81.6372730413733
200 81.5958240135024
201 81.4156060728402
202 81.4023158065977
203 81.1748708913439
204 81.1429449943135
205 80.9289960501759
206 80.7953384484678
207 80.6674607234393
208 80.4214801850449
209 80.2515177185133
210 80.095844519601
211 79.9144177584316
212 79.698124844693
213 79.56081298892
214 79.3646897738901
215 79.2649818456251
216 79.0691737713309
217 78.9791443622204
218 78.8038206568223
219 78.6926669862111
220 78.5238471654413
221 78.4076087649531
222 78.2472704339734
223 78.1199202388199
224 77.9633292302086
225 77.8441885695022
226 77.6969395814636
227 77.5859126146977
228 77.4460335948993
229 77.3338464746734
230 77.1992721854253
231 77.0858779923195
232 76.9584462760568
233 76.8459082454366
234 76.7134902369212
235 76.615519297398
236 76.4844489897062
237 76.3884609416512
238 76.253026084862
239 76.1468950119856
240 76.0065908523186
241 75.8978826147574
242 75.7682676996386
243 75.6744353482227
244 75.5227543409694
245 75.4274936044188
246 75.2932481610037
247 75.1998620248971
248 75.0786974107906
249 74.9922707083262
250 74.8798494024094
251 74.7882225138472
252 74.6756294831584
253 74.588311297197
254 74.4930884038051
255 74.3871939752967
256 74.2932617049427
257 74.1885696483197
258 74.0937669554634
259 74.0051052185447
260 73.9072448918311
261 73.824067951686
262 73.7198367860629
263 73.6235178597792
264 73.5265757425343
265 73.4344711491651
266 73.3385669649257
267 73.2721888668236
268 73.1531423386268
269 73.0744131067257
270 72.975239663957
271 72.8996975511451
272 72.8107041634591
273 72.7453668478637
274 72.6554494097582
275 72.5837848778784
276 72.4964955281141
277 72.4247797497511
278 72.3427316882385
279 72.2754113007175
280 72.1902535142589
281 72.1179540751261
282 72.0330264094421
283 71.950915963529
284 71.866838698266
285 71.7947337080574
286 71.7069205106154
287 71.6308306401116
288 71.5499422278782
289 71.4806260862131
290 71.4050021888093
291 71.3319942252334
292 71.2601774946933
293 71.1854359444083
294 71.1125472794842
295 71.0309026790596
296 70.9523837669319
297 70.875762012654
298 70.8108213207697
299 70.7244377768263
300 70.6553856415124
301 70.5793271378036
302 70.5097940215535
303 70.4262833885556
304 70.3531981023021
305 70.2672992885663
306 70.203342489567
307 70.0943935239702
308 70.0251180666265
309 69.9232449111537
310 69.869744761135
311 69.7555698646007
312 69.7098682758668
313 69.5990024935202
314 69.5398038475481
315 69.4473608746558
316 69.3949613187475
317 69.2892928465445
318 69.2302384492107
319 69.1311885498402
320 69.0830036662167
321 68.9779985140422
322 68.9344569267038
323 68.8319890842136
324 68.7804974869013
325 68.6835504454129
326 68.6299646130389
327 68.5377343708515
328 68.4861601997335
329 68.3855820877053
330 68.3301983398866
331 68.2367264368298
332 68.1812789919588
333 68.0945658019938
334 68.0411772442681
335 67.9588848884784
336 67.8971995852013
337 67.8119444145874
338 67.7564560166229
339 67.6645597656881
340 67.6162764250331
341 67.5216390452319
342 67.4710265562827
343 67.3822694164556
344 67.3339551037446
345 67.2517115524575
346 67.207806064028
347 67.1259903141644
348 67.0712153013636
349 66.9964898608293
350 66.9409731457534
351 66.8581121971423
352 66.8095749496506
353 66.7274876554929
354 66.6759996341471
355 66.5966154466912
356 66.5470249019849
357 66.4673190402222
358 66.4158814710215
359 66.3401469396704
360 66.2775610482971
