iter objective
1 1373.08192738491
2 1335.02169245
3 1311.79960920502
4 1269.79153244804
5 1182.08798041637
6 1111.67670069484
7 1071.68793014574
8 986.420141502651
9 935.827307076425
10 916.667481710615
11 894.555592422361
12 808.798699553579
13 726.109947077802
14 688.962565870628
15 647.778071181517
16 611.643882508427
17 589.591159447137
18 583.327685224527
19 558.84650408292
20 450.567420006698
21 375.770583281074
22 374.906759262415
23 342.550017912859
24 278.322090635263
25 268.526682219882
26 267.363986866725
27 264.875848340088
28 261.721525966362
29 231.940006095853
30 188.207408742791
31 169.333744609517
32 161.074288118474
33 150.082875328715
34 143.886391096251
35 142.185854643372
36 139.843031128795
37 130.866891637864
38 130.04978110343
39 123.857418010157
40 121.826129405208
41 118.287034297112
42 117.126771404147
43 114.714976062397
44 98.9046987905411
45 96.0472973815855
46 93.4344315794081
47 86.1482429358501
48 77.0291637112622
49 75.8240263075107
50 74.6301371285172
51 73.61147454036
52 73.3856626460193
53 72.9885291059222
54 71.9359628351821
55 69.0554086481958
56 68.8179025411004
57 66.4597476780201
58 61.6106332679328
59 59.6707819431929
60 59.0238176366762
61 58.5724456795687
62 56.5827220539927
63 52.9046999037763
64 51.4753211850677
65 50.5165475680138
66 49.4423617798418
67 48.2416351767084
68 47.7837748138961
69 47.4005525230991
70 47.013523057139
71 46.3453479168555
72 46.0275627660965
73 45.4823899910301
74 45.3989820291648
75 44.6001671406335
76 44.4766102174587
77 44.0833288274952
78 44.0346936160642
79 43.9609902751794
80 43.8618611515244
81 42.1743400841895
82 40.9483807724406
83 40.4036071920469
84 39.2785009702415
85 38.4955514271728
86 38.1524231703788
87 38.0870523782342
88 37.9758881179543
89 37.5105314261765
90 37.3518336502966
91 37.1018517552208
92 35.9425147109243
93 35.1049439629121
94 34.8129360479288
95 34.7445479267579
96 34.6629450687222
97 34.460547159597
98 34.048351857544
99 33.8346150246088
100 33.5888268351299
101 33.5623705066813
102 33.2900365960305
103 33.2360142025314
104 33.1879327119511
105 33.1709124052135
106 33.0489605601054
107 32.4451360740247
108 32.1988589963233
109 31.6352904445322
110 30.9809698325258
111 30.8221590324519
112 30.5546908754239
113 30.5260928818565
114 30.4776335507064
115 30.4421430399194
116 30.3575550746963
117 30.284066326046
118 30.1835910619564
119 30.1181038499282
120 30.045393765536
121 29.9899478247089
122 29.9100520693714
123 29.871040228409
124 29.7541053595777
125 29.7156965689936
126 29.6310700483864
127 29.6269239455219
128 29.6035197799471
129 29.5564438641622
130 29.5409455410997
131 29.4546040755335
132 28.3851382489992
133 27.1327238775934
134 26.7194553605645
135 26.5804813452356
136 26.3511978477731
137 26.1978477806616
138 26.1681357193724
139 26.1675848144041
140 26.1652687421393
