iter objective
1 1373.08192738491
2 1360.04790743825
3 1358.75275056707
4 1358.25907639833
5 1357.95363268311
6 1357.16894557835
7 1356.63117979694
8 1355.67226065982
9 1355.40663752062
10 1354.20946976772
11 1353.73832309228
12 1353.43642696841
13 1352.71439869785
14 1352.17118158839
15 1351.29761931299
16 1350.98896914123
17 1349.91050025095
18 1349.90668458751
19 1348.55340131277
20 1348.14166371839
21 1347.92535771288
22 1347.14864230103
23 1346.77256869442
24 1345.8280740794
25 1345.70016962581
26 1344.53354737207
27 1344.12472359106
28 1343.87659489676
29 1343.20116934229
30 1342.74720307266
31 1341.93987793202
32 1341.68134224589
33 1340.7012547346
34 1340.69013183151
35 1339.48548651796
36 1339.1113871829
37 1338.9020601815
38 1338.22630317504
39 1337.8412153554
40 1337.03792080666
41 1336.83626553856
42 1335.86927377855
43 1335.48706832511
44 1335.22818943769
45 1334.67090995533
46 1334.17575011739
47 1333.52830522975
48 1333.16488416067
49 1332.40290536186
50 1332.20106591637
51 1331.29465806809
52 1331.29089947891
53 1330.20360292685
54 1329.86429042177
55 1329.66490441514
56 1329.072754076
57 1328.68855840437
58 1328.00214341863
59 1327.74939902365
60 1326.94635982175
61 1326.85167708759
62 1325.90534214319
63 1325.57009268556
64 1325.35017968101
65 1324.83205714567
66 1324.39957642916
67 1323.80976375883
68 1323.47736925374
69 1322.80032963895
70 1322.58609940647
71 1321.8036291927
72 1321.72865678645
73 1320.81957092049
74 1320.50220560461
75 1320.29193103206
76 1319.80412127893
77 1319.38356069478
78 1318.83610712267
79 1318.49738513871
80 1317.87912329567
81 1317.63478920851
82 1316.93301711338
83 1316.79729581025
84 1315.99765191362
85 1315.98654082317
86 1315.07290515163
87 1314.77837066504
88 1314.58815498087
89 1314.11556467195
90 1313.72742185796
91 1313.20425767958
92 1312.88380101012
93 1312.30228606254
94 1312.0579207487
95 1311.4094936289
96 1311.25042795427
97 1310.52573164757
98 1310.46196567802
99 1309.65085681113
100 1309.36503841697
101 1309.16642455667
102 1308.74855049403
103 1308.33903860399
104 1307.88571973027
105 1307.52382983439
106 1307.03081574079
107 1306.72088591599
108 1306.18368378073
109 1305.93025932543
110 1305.34417248429
111 1305.15197857201
112 1304.51213172156
113 1304.38600999376
114 1303.68741448872
115 1303.63228388425
116 1302.86987411244
117 1302.60095149346
118 1302.40926811556
119 1302.39496689844
120 1301.72402612318
121 1301.64801245311
122 1300.92168455719
123 1300.91131097933
124 1300.12594784577
125 1299.86730613813
126 1299.68733685222
