iter objective
1 1381.69409156785
2 1379.67726308345
3 1377.31532335243
4 1374.90683944734
5 1368.25269327967
6 1359.63132808955
7 1350.50928168563
8 1339.72260539863
9 1333.63085493361
10 1327.80961423227
11 1321.71643152353
12 1314.63307277617
13 1308.64168287596
14 1300.05448193307
15 1294.28916765377
16 1293.58637884765
17 1282.05163682934
18 1277.87152596396
19 1273.95124387284
20 1263.43066039617
21 1247.78235427135
22 1247.12253387307
23 1231.11626580845
24 1225.39301915324
25 1221.15631796565
26 1219.2002068422
27 1215.50189394814
28 1201.20966967951
29 1191.86676771726
30 1185.35543485999
31 1172.18695673876
32 1167.88137091981
33 1164.02844717813
34 1161.47153665902
35 1158.45094681066
36 1146.31244511775
37 1136.20394820187
38 1128.92008823948
39 1120.72537867116
40 1108.93740761047
41 1106.16538651382
42 1104.00548060221
43 1101.02254164254
44 1094.48281063206
45 1076.7422525686
46 1067.08572849176
47 1059.051372618
48 1045.41352774858
49 1032.59044451911
50 1030.43406584491
51 1028.27377604801
52 1020.81865255989
53 1006.19488601048
54 1000.26085171195
55 996.078078911355
56 988.244938906793
57 979.189515498636
58 977.116710038262
59 973.935326823027
60 963.723681109909
61 962.740141032648
62 957.008158281461
63 920.958833876959
64 910.737122375688
65 906.191042886684
66 903.509688304286
67 900.922963860867
68 895.735582393142
69 888.863698834856
70 880.582488441158
71 868.90733499333
72 861.911670956217
73 858.449831523997
74 855.559246428825
75 851.320717067674
76 842.708900649458
77 840.035727459889
78 819.115516473114
79 814.07764704648
80 809.809219770247
81 807.757396703305
82 804.980510885334
83 801.736744191115
84 798.930137648497
85 794.917276223549
86 786.110178582298
87 768.706867326623
88 758.981676225136
89 757.602032912786
90 747.780731012756
91 745.63636909623
92 743.880656212194
93 737.358936620602
94 718.518935833523
95 702.17280063001
96 693.280939250195
97 683.887933147501
98 678.470449153852
99 675.63856854421
100 672.813422927843
101 667.26772228611
102 665.381033011366
103 647.524191988335
104 646.791251049846
105 642.461841021239
106 640.990691456608
107 637.207297548619
108 619.559612191419
109 604.104962390218
110 589.729020846319
111 572.321005169828
112 569.6635427421
113 563.016398949025
114 561.385443174984
115 559.609712240335
116 556.937052274235
117 551.50047850053
118 540.956056939278
119 535.097027601346
120 523.713823419742
121 521.038464236062
122 514.99506274997
123 511.208983346571
124 509.703606126289
125 507.874513904851
126 482.180772607019
127 459.282260135584
128 440.399324912805
129 433.625698306751
130 417.17244260291
131 408.014497310016
132 406.061937826151
133 404.880526322926
134 402.723003823204
135 396.48382571821
136 383.984331093322
137 378.543932866512
138 373.575136643391
139 369.30096840855
140 366.703839793184
141 363.333910941884
142 362.439044637646
143 357.815977150521
144 331.740138095914
145 318.823017412338
146 311.903619092611
147 297.049654600684
148 294.799032277702
149 287.137572956851
150 285.986360261719
151 284.752613356313
152 278.812825672166
153 265.603187668231
154 265.130396600387
155 260.534957716538
156 251.563964962032
157 247.283190607664
158 241.049453572502
159 239.720107242349
160 239.3471656548
161 236.513528496885
162 228.229509428139
163 226.108790447387
164 214.983539562664
165 204.649212238936
166 201.266200052335
167 200.146813574861
168 198.922011164369
169 198.410670547339
170 194.726271760952
171 185.076131172177
172 180.451038727555
173 176.282590335073
174 167.801383552342
175 166.44376073485
176 165.351623038255
177 164.068544605877
178 161.294678959602
179 156.778322241024
180 154.104094924757
181 151.629375031104
182 149.689133231625
183 148.299395584223
184 147.715231171138
185 146.474386575324
186 146.239416474696
187 144.367059191569
188 143.62844101934
189 140.732639656945
190 135.266187095688
191 132.060102999815
192 130.744381250532
193 123.5561275177
194 122.438782142675
195 121.620489681302
196 120.946453605829
197 119.739961003105
198 118.76067351198
199 115.947048340886
200 115.382384204525
201 113.25770665716
202 112.337843309698
203 111.53348760159
204 110.45797345168
205 109.317565624583
206 108.428306231829
207 107.455858718389
208 107.158656437314
209 105.471547831365
210 105.106088185339
211 104.847582007355
212 98.8119745067372
213 88.9162994373227
214 85.9454681702927
215 85.3819549585321
216 82.1218915429899
217 78.9462856309226
218 77.8343277883993
219 77.5052201684939
220 77.1185192929628
221 75.5010751129827
222 74.4313533352514
223 74.1572157795292
224 71.9529995555058
225 69.8048431034043
226 68.7893124580304
227 68.4757773769247
228 68.1313468123544
229 66.1950763944902
230 63.3028363567574
231 62.6572027288222
232 60.4654504693338
233 58.3421312093391
234 57.7351274931658
235 57.3578234559093
236 57.1938561026045
237 56.9252476658257
238 55.9315963495698
239 53.3548132683774
240 52.7636148899663
241 50.8813145571815
242 49.5837318331766
243 49.3793162456471
244 48.9835115994432
245 48.8950054083472
246 48.6812283654778
247 47.099327389542
248 44.4296650253104
249 43.4180895091408
250 42.4087593117983
251 41.8432861036242
252 41.6134825469406
253 41.4615346052702
254 41.1685499089573
255 40.3565089584091
256 39.7882703622328
257 39.1965525533422
258 38.668509529103
259 38.1491359871447
260 37.9694301734397
261 37.8976321911491
262 37.4842022732834
263 36.185778078432
264 35.3706748170384
265 34.8218988570942
266 34.2653306142383
267 34.1736756216724
268 34.1601535547745
269 33.8831938548188
270 33.8557563520588
271 33.7943369213787
272 33.0715186275232
273 31.9593610091231
274 31.4774797245414
275 31.4569133000175
276 30.9054673219663
277 30.7869180118153
278 30.5888100349785
279 30.5554543137696
280 30.3861027044076
281 30.177917722045
282 29.7905720635031
283 29.5128894404265
284 29.3471044272912
285 29.26007069622
286 29.2063601375648
287 29.1515071755305
288 28.9987844261897
289 28.4761335975077
290 28.3218623253755
291 28.2078943593609
292 27.8614091839209
293 27.8328686998633
294 27.6115143644018
295 27.5410365783023
296 27.528540564656
297 27.5076950108247
298 27.3521448977581
299 27.1507211658214
300 26.8531953613101
301 26.740867125472
302 26.6745131259252
303 26.5412561000486
304 26.5183172466493
305 26.4967092628491
306 26.3484314200077
307 26.2201147455739
308 26.1208707731719
