iter objective
1 1385.66150662529
2 1380.536016076
3 1376.71598760905
4 1363.38317434372
5 1351.76041326953
6 1343.47612567688
7 1326.99953330511
8 1312.78918368191
9 1302.3311983628
10 1293.74533898922
11 1285.95018561507
12 1277.26725927702
13 1274.08763125459
14 1273.51701874844
15 1262.24360804899
16 1259.19851070786
17 1255.35943901837
18 1250.30036780627
19 1234.69996389928
20 1230.54663189281
21 1215.17887680953
22 1208.81367812313
23 1199.74544836067
24 1197.16378279917
25 1193.6800013236
26 1192.33326706845
27 1183.21179703762
28 1177.75379115399
29 1173.72497592824
30 1163.13966931509
31 1144.16596928113
32 1137.03593404341
33 1122.59675385907
34 1111.77396355158
35 1102.02596969124
36 1099.1733005843
37 1091.18089111403
38 1077.74877513327
39 1069.93435628869
40 1052.9853562539
41 1041.0250463892
42 1036.15700257973
43 1034.16635040529
44 1026.11857439331
45 1005.97232906251
46 1003.31033940838
47 982.263752882034
48 963.684004925267
49 955.870143779655
50 952.079433973665
51 948.861841171989
52 943.896254211868
53 938.24480111283
54 934.460839861546
55 929.578971867713
56 920.33020130368
57 908.030386777321
58 897.853626422985
59 888.047060966639
60 882.219255221098
61 875.239232665733
62 872.134093912422
63 869.529737339643
64 864.710305213571
65 862.355871600067
66 856.487551251598
67 816.841425618796
68 794.123365904627
69 782.317168702408
70 761.729287794403
71 750.310340477763
72 746.632177806908
73 743.642216431993
74 742.59378379371
75 739.561079410081
76 735.343816191503
77 726.261755726444
78 719.264807642736
79 704.49101877375
80 691.288386284575
81 686.71920257889
82 681.866644880405
83 675.975586194699
84 665.182577791843
85 654.779124982334
86 651.589867368177
87 641.373810486628
88 635.633990262021
89 633.604471684312
90 625.738123523162
91 603.046529316538
92 601.809686377865
93 601.549522117042
94 600.691231476751
95 558.941834962251
96 531.529312992061
97 527.514928347082
98 525.568945215126
99 524.445146472182
100 520.780941878588
101 507.606396825429
102 495.379935633377
103 478.992416697554
104 478.009374097063
105 461.837302625594
106 458.570874400215
107 456.281439672898
108 451.166482969099
109 447.634515014384
110 442.850327494302
111 434.114332653838
112 428.287767234715
113 424.863736550313
114 423.439561366239
115 413.51755742401
116 395.551504234419
117 388.744069204952
118 381.755184789276
119 371.964528930164
120 366.796242649822
121 364.55530517269
122 362.268447179295
123 360.993257631961
124 355.758742983947
125 340.738341594805
126 333.330795522435
127 324.848046145433
128 321.069255591325
129 311.108908033192
130 307.969887136302
131 305.924264873826
132 303.814483028277
133 299.746587637175
134 296.482883880377
135 290.943266540587
136 288.13956527461
137 283.327031179599
138 281.855763101601
139 280.052158786093
140 268.533621881276
141 263.09633438703
142 253.327178745918
143 239.029080812538
144 230.958300010765
145 229.494182765181
146 227.974441338621
147 227.114327771466
148 225.809312764204
149 220.422567524788
150 208.467241408986
151 202.919224682788
152 202.879486618157
153 196.645020559293
154 195.483422226989
155 194.583231587015
156 192.698235526982
157 192.395380843797
158 190.567937616528
159 187.79670198589
160 186.122569596473
161 184.580948522452
162 182.271948714434
163 176.391912576057
164 169.268440438978
165 166.657753754158
166 160.729206480273
167 158.303554079811
168 151.448726399144
169 150.755569475416
170 150.409103388801
171 149.865146860815
172 145.674583577226
173 142.230461587237
174 137.400135675686
175 135.652513315938
176 134.323172852525
177 133.387871569328
178 131.979106943608
179 128.455746283113
180 122.621163644902
181 121.706595977958
182 120.194000975604
183 114.369724196147
184 113.131242694422
185 112.367336720847
186 111.002354992195
187 107.597366167591
188 105.181337691043
189 102.884141027577
190 100.310761100397
191 99.4278813827962
192 98.0297446540639
193 97.4554987893248
194 96.4588617739745
195 95.7537606090363
196 93.6666816280213
197 92.836700736741
198 91.6425065246927
199 90.7862517266389
200 89.6599264474043
201 88.8370917936547
202 86.8660378877433
203 85.9816821039101
204 84.8395262965895
205 84.0277787380175
206 83.169673348084
207 82.6886927385335
208 82.0221368903068
209 81.4060890435728
210 80.8917610274974
211 77.9931657333118
212 72.8177515714767
213 72.1189772713342
214 70.3009351727304
215 65.3683920969165
216 63.6434168261914
217 62.9440900502981
218 62.7471764530121
219 62.3533940457341
220 61.8247646628705
221 60.9424133884934
222 60.7814508860454
223 58.3057829857889
224 58.0803383627495
225 57.0280491333696
226 56.7334035789162
227 56.2575971985891
228 54.7407630213134
229 53.8804060484681
230 52.4312541175612
231 51.685006215563
232 51.4660970035135
233 50.0654163037927
234 49.9422532637368
235 49.4736882926285
236 47.2075850277999
237 46.7541326482128
238 45.8795638572526
239 42.4475429390802
240 42.0359262603326
241 40.7065018234496
242 40.5649850272092
243 40.4546298499037
244 40.3077337984126
245 39.5502447330163
246 38.638084591166
247 37.6955710903618
248 37.5602673294974
249 37.4187479137893
250 36.672227749842
251 36.5014829801275
252 36.4328356183291
253 35.3196382680744
254 34.6332341653373
255 34.0576012094727
256 32.5151385175656
257 31.7616538587953
258 31.6412684291216
259 31.501743876565
260 31.2276024971294
261 30.7522226517417
262 30.6431596819938
263 30.3676406685248
264 30.0853030327412
265 29.890713513437
266 29.8310182157726
267 29.6761671190628
268 28.7884748801536
269 28.6834573865525
270 28.1633331266991
271 28.0520074752454
272 27.371813407156
273 27.2523415657036
274 27.1874074849272
275 27.1631976872873
276 27.1183238267209
277 27.0004091788493
278 26.7069109258599
279 26.5302777261814
280 26.3686752698306
281 26.244167497406
282 26.1736381654567
283 26.1064591382195
