time train-error
5383.095598 0.963823019086177
7539.759657 0.920213996529786
9639.954123 0.88502024291498
11591.058559 0.860815500289184
13479.008058 0.834384037015616
15270.362675 0.8558415268941579
16827.201528 0.827183342972817
18261.555372 0.771978021978022
19530.938129 0.7286003470214
20724.013461 0.738837478311163
21909.887035 0.7553788316946211
23163.066041 0.705783689994216
24456.451144 0.677732793522267
25724.323382 0.675072296124928
26953.890421 0.663533834586466
28126.823417 0.652776171197224
29240.32516 0.646067090803933
30318.226888 0.5919317524580681
31374.665017 0.567293233082707
32222.130168 0.5981492192018509
33058.426536 0.5612492770387509
33887.664167 0.560208212839792
34725.927008 0.537102371312898
35500.609071 0.5221804511278201
36263.226761 0.500347021399653
37007.425627 0.42842683632157297
37723.814762 0.427183342972817
38427.014693 0.411249277038751
39117.740572 0.41931752458068206
39794.75909 0.40485829959514197
40464.730043 0.40078079814921896
41126.987436 0.40595720069404295
41767.026692 0.358675534991324
42396.956702 0.349855407750145
43021.458071 0.35109890109890096
43641.705598 0.34037015615962996
44261.037545 0.33678426836321596
44871.138396 0.32446500867553496
45473.904247 0.32486986697513
46074.631438 0.31333140543666904
46663.278482 0.30456911509543105
47246.3965 0.30263157894736803
47828.320519 0.303267784846732
48402.288738 0.28160786581839203
48972.597132 0.282793522267206
49539.604438 0.280855986119144
50101.092751 0.28152111046847905
50654.985491 0.269924812030075
51202.058998 0.28021978021978
51746.192984 0.255205320994795
52286.107602 0.260266049739734
52823.475768 0.25532099479467896
53357.978559 0.25338345864661604
53886.517988 0.251503759398496
54410.141141 0.24473684210526303
54929.085442 0.21275303643724697
55414.273588 0.21714864083285101
55897.77042 0.202313475997687
56376.269229 0.196153846153846
56850.142237 0.19702139965297905
57322.565217 0.19864083285135903
57791.957136 0.19557547715442403
58258.85861 0.19094852515905103
58719.012551 0.19048582995951402
59173.191925 0.18716020821283996
59624.937713 0.18395026026605
60072.948565 0.18467322151532695
60518.988599 0.18178137651821902
60961.947915 0.18097165991902797
61405.155713 0.17943898207056097
61842.742009 0.17674956622325
62272.387487 0.169086176980914
62703.838042 0.17246963562753004
63131.418951 0.16737998843262003
63554.832227 0.16743782533256202
63975.900962 0.167495662232504
64394.34455 0.165962984384037
64806.249134 0.15925390399074602
65204.659387 0.16379410063620603
65592.316571 0.15566801619433202
65971.616513 0.14713707345286298
66348.211419 0.14358010410641997
66723.623876 0.14337767495662201
67098.150344 0.14331983805668003
67470.36382 0.14271255060728705
67836.278061 0.14334875650665102
68199.798664 0.14071717755928304
68563.074053 0.13941584731058398
68926.141605 0.13869288606130703
69288.191657 0.13875072296124902
69649.14969 0.13721804511278202
70007.558629 0.14227877385772103
70354.310863 0.13820127241179903
70695.919084 0.13128976286870997
71032.163351 0.13146327356853704
71368.052383 0.12822440717177597
71703.19755 0.12952573742047402
72036.339666 0.129034123770966
72368.268637 0.127559282822441
72700.597782 0.126518218623482
73025.98899 0.13452862926547104
73348.273315 0.12721226142278796
73665.808613 0.120416425679584
73978.576424 0.11859456333140495
74290.092595 0.11879699248120301
74602.543438 0.11856564488143395
74913.857544 0.11761133603238905
75222.320541 0.11480624638519399
75528.432138 0.11483516483516498
75827.749014 0.11489300173510697
76125.808502 0.11711972238288004
76423.276087 0.11307113938692903
76720.162817 0.11376518218623499
77016.410179 0.11356275303643704
77312.529047 0.11304222093695804
77605.468532 0.11069982648929999
77886.962534 0.10835743204164305
78171.412363 0.10748987854251002
78453.03434 0.10618854829381097
78731.688906 0.105552342394448
79007.048851 0.10419317524580696
79280.855925 0.10436668594563303
79555.609944 0.10404858299595099
79828.721845 0.10468478889531496
80094.618915 0.10286292654713702
80357.649392 0.10468478889531496
80616.837633 0.10213996529785996
80877.286178 0.101937536148062
81136.450197 0.10202429149797598
81394.469347 0.10190861769809101
81653.336893 0.10075187969924804
81908.405427 0.10011567379988395
82161.9219 0.102429149797571
82411.058861 0.10002891844997097
82660.303792 0.09965297860034705
82909.835733 0.09852515905147496
83159.143989 0.09910352805089695
83407.06337 0.09901677270098297
83655.15674 0.10083863504916102
83900.951117 0.09968189705031805
84146.36043 0.09809138230190895
84389.199809 0.09644303065355697
84630.575436 0.09641411220358598
84871.270868 0.09650086755349896
85112.926612 0.09626951995373001
85353.551678 0.09612492770387504
85590.958397 0.09519953730480002
85828.631427 0.09733950260266
86063.039963 0.09421631000578401
86296.129807 0.09465008675535003
86528.934052 0.09398496240601495
86761.34465 0.09398496240601495
86993.180863 0.09389820705610197
87222.664002 0.09349334875650706
87450.787007 0.09158473105841503
87678.463364 0.09196067090803905
87900.158173 0.09115095430884901
88121.267669 0.090196645459803
88340.810099 0.09008097165991902
88561.120979 0.08979178716020797
88780.110215 0.08938692886061295
88998.044048 0.09008097165991902
89216.744944 0.08984962406014996
89432.856622 0.08932909196067096
89648.953639 0.08903990746096002
89864.741049 0.08932909196067096
90078.708257 0.089126662810873
90292.606802 0.08918449971081599
90507.256669 0.08903990746096002
90721.524279 0.08906882591093102
90937.826192 0.08895315211104704
91150.230564 0.08901098901098903
91362.4681 0.08823019086176997
91574.987635 0.08886639676113395
91789.623499 0.088606130711394
92001.465861 0.08857721226142301
92211.851512 0.08857721226142301
92422.483691 0.08854829381145202
92633.908144 0.08840370156159605
92845.292501 0.08799884326200103
93057.794308 0.08834586466165395
93272.053753 0.08802776171197202
93480.406319 0.08704453441295501
93690.149732 0.086610757663389
93897.93187 0.08635049161364905
94105.620823 0.08681318681318695
94313.066229 0.08663967611335999
94519.615514 0.08652400231347601
94725.493196 0.08577212261422795
94931.024011 0.08490456911509503
95136.830917 0.085540775014459
95342.48465 0.08507807981492199
95545.857282 0.085049161364951
95747.392181 0.08499132446500901
95948.828679 0.08475997686523995
96150.818522 0.08444187391555802
96351.833143 0.08447079236552901
96558.416745 0.08461538461538498
96759.58996 0.08406593406593399
96957.403716 0.08392134181607902
97154.949698 0.08395026026605001
97353.312503 0.08395026026605001
97551.524711 0.08383458646616504
97754.528112 0.08383458646616504
97952.420853 0.08345864661654101
98153.485166 0.08374783111625195
98348.665472 0.08328513591671505
98544.196601 0.08345864661654101
98742.211754 0.08340080971659902
98939.069445 0.08342972816657002
99133.663878 0.082475419317525
99326.792439 0.08374783111625195
99526.335107 0.08334297281665703
99718.048908 0.08233082706766903
99909.712416 0.08230190861769804
100101.1328 0.08233082706766903
100292.219588 0.08218623481781395
100482.663737 0.08209947946790097
100679.289811 0.08212839791787196
100870.022213 0.08183921341816103
101062.785441 0.08201272411798699
101253.067785 0.08183921341816103
101445.914043 0.08192596876807401
101635.775176 0.08186813186813202
101824.771548 0.08183921341816103
102013.411809 0.08192596876807401
102202.13467 0.08128976286871004
102395.496906 0.08111625216888396
102586.248464 0.08100057836899899
102774.40033 0.08102949681897098
102961.82863 0.08120300751879705
103148.892196 0.080971659919028
103335.105675 0.080971659919028
103521.41594 0.080913823019086
103708.396438 0.08085598611914402
103900.791018 0.08068247541931794
104087.240169 0.08033545401966502
104277.402946 0.08033545401966502
104465.006397 0.079901677270098
104649.86266 0.08027761711972203
104833.976209 0.07969924812030105
105017.544652 0.07972816657027204
105201.537768 0.07958357432041596
107397.457342 0.07747252747252698
107625.729729 0.07886061307113901
107857.37542 0.07886061307113901
108083.49155 0.07744360902255598
108309.015426 0.07715442452284604
108535.091751 0.07718334297281704
108760.846472 0.07700983227298996
108984.332902 0.07628687102371301
109209.414804 0.07573742047426302
109431.907869 0.07576633892423401
109652.332534 0.07556390977443606
109879.214187 0.07541931752458098
110100.672868 0.07544823597455197
110323.225229 0.07521688837478302
110553.082996 0.07458068247541905
110774.725938 0.07513013302487004
110997.889841 0.07489878542510098
111218.471314 0.07504337767495695
111438.351682 0.07458068247541905
111658.709574 0.07449392712550595
111879.094261 0.07446500867553496
112098.942617 0.07446500867553496
112317.709374 0.07466743782533303
112534.568491 0.07411798727588204
112755.416264 0.07434933487565099
112971.332688 0.07408906882591104
113186.713733 0.07408906882591104
113402.840852 0.07348178137651795
113617.913198 0.07388663967611298
113834.608617 0.07403123192596905
114048.99829 0.07365529207634502
114262.338468 0.07359745517640304
114476.117108 0.07365529207634502
114689.824287 0.07356853672643104
114904.087906 0.07333718912666298
115117.499558 0.07278773857721199
115330.242343 0.07215153267784802
115545.078083 0.072758820127241
115754.713195 0.07192018507807996
115963.846751 0.07241179872758796
116172.657189 0.07192018507807996
116381.463444 0.07215153267784802
116591.62408 0.07215153267784802
116800.495847 0.07215153267784802
117009.702527 0.071197223828803
117218.832417 0.071226142278774
117427.786587 0.07108155002891803
117634.198392 0.07200694042799305
117840.679845 0.07125506072874499
118046.743256 0.07134181607865797
118252.4275 0.07128397917871598
118457.56529 0.07102371312897604
118663.889999 0.07073452862926499
118873.299964 0.07105263157894703
119079.825423 0.07053209947946804
119284.183628 0.07139965297859996
119489.084514 0.07085020242914997
119693.000568 0.07085020242914997
119897.168106 0.07085020242914997
120100.360413 0.07073452862926499
120305.142904 0.07137073452862897
120509.750354 0.07105263157894703
120717.129032 0.07009832272990202
120918.670106 0.07009832272990202
121119.945656 0.07041642567958395
121321.185057 0.070185078079815
121522.2695 0.070156159629844
121723.49993 0.070185078079815
121925.853078 0.07044534412955505
122157.664354 0.06983805668016196
122380.538027 0.07009832272990202
122582.465689 0.06980913823019097
122797.966421 0.06995373048004605
123032.48657 0.06980913823019097
123281.943269 0.06980913823019097
125530.868723 0.07047426257952605
125786.113047 0.06978021978021998
126043.681893 0.069693464430307
126295.919505 0.06978021978021998
126552.491174 0.06972238288027799
126778.543699 0.069664545980335
127035.027618 0.069664545980335
127251.714853 0.06972238288027799
127500.68697 0.069693464430307
127755.264065 0.06891266628108705
127987.21466 0.06911509543088501
128249.748612 0.06876807403123197
128515.733 0.06798727588201303
128780.357492 0.06891266628108705
129046.415785 0.06839213418160806
129290.226586 0.06850780798149203
129489.593647 0.06847888953152104
131731.0745 0.06830537883169496
131932.736215 0.06842105263157905
