time train-error
32.298249 0.9643724696356275
84.80548 0.9601503759398496
144.442314 0.9401677270098323
213.528419 0.9322151532677848
293.830303 0.9054945054945055
387.444433 0.873105841526894
492.011143 0.848264893001735
595.58314 0.833892423366108
699.766801 0.795517640254482
803.384024 0.776894158473106
908.94901 0.80294968189705
1011.858196 0.780566801619433
1113.09063 0.7308559861191439
1215.737644 0.7194331983805671
1319.087828 0.701098901098901
1420.262772 0.6786003470213999
1518.938766 0.618160786581839
1620.54627 0.5892712550607291
1724.46081 0.550607287449393
1830.342395 0.5370734528629271
1937.489146 0.511191440138809
2046.447078 0.5006940427993061
2158.863684 0.49652978600347
2276.3568 0.465760555234239
2396.250588 0.450347021399653
2519.448266 0.447281665702718
2644.058489 0.41390977443609
2774.31701 0.414025448235975
2904.995116 0.39736842105263204
3038.66932 0.39019664545980304
3174.632999 0.382706766917293
3313.384768 0.37281665702718303
3456.811259 0.35520532099479496
3600.623172 0.31327356853672605
3746.757107 0.30300751879699295
3895.700075 0.30563909774436104
4047.084829 0.29543088490456904
4200.320093 0.284297281665703
4355.820373 0.276576055523424
4513.028301 0.28866396761133595
4674.373534 0.27793522267206505
4834.731688 0.24415847310584105
4996.342971 0.23345864661654103
5160.238619 0.24097744360902296
5325.062856 0.23377674956622296
5491.341963 0.23140543666859503
5659.452873 0.22417582417582405
5827.540426 0.194187391555813
5998.261226 0.18510699826489296
6168.993281 0.17255639097744402
6337.14687 0.17449392712550604
6504.928354 0.163418160786582
6673.181931 0.16153846153846196
6843.466264 0.16197223828802798
7015.468323 0.15974551764025402
7189.948782 0.15801041064198995
7362.336674 0.14777327935222695
7534.651341 0.14467900520532095
7703.188554 0.1475997686524
7875.714516 0.14161364950838595
8045.835328 0.141411220358589
8216.625926 0.13999421631000597
8388.300417 0.13609022556391004
8560.60506 0.13406593406593403
8734.30655 0.11899942163100097
8909.529023 0.11295546558704495
9079.473528 0.11205899363794103
9246.384623 0.113244650086755
9413.270896 0.11153846153846203
9580.295613 0.11104684788895303
9746.979188 0.11041064198958905
9912.577446 0.110641989589358
10079.829691 0.10722961249276997
10247.653962 0.10480046269519905
10412.799258 0.10205320994794698
10575.311004 0.10347021399653
10737.707956 0.10159051474840997
10900.218676 0.10161943319838096
11062.547488 0.10069404279930605
11227.217725 0.10049161364950798
11389.980939 0.09956622325043396
11552.908324 0.09745517640254497
11713.992315 0.09609600925390405
11874.29656 0.09560439560439604
12034.917396 0.09566223250433803
12195.43265 0.094765760555234
12356.203905 0.09196067090803905
12517.717279 0.09444765760555196
12686.496653 0.09216310005783701
12847.486435 0.092741469057259
13008.23614 0.09129554655870398
13167.884405 0.08993637941006405
13327.526609 0.08970503181029499
13487.198012 0.08958935801041101
13646.763356 0.08906882591093102
13805.365284 0.09135338345864696
13966.450007 0.08840370156159605
14124.777262 0.08314054366685897
14280.503804 0.084557547715442
14436.218902 0.08360323886639698
14591.87151 0.08380566801619405
14745.732956 0.08285135916714903
14898.892659 0.08357432041642598
15054.196147 0.08397917871602101
15209.378153 0.08464430306535597
15363.306916 0.08016194331983795
15515.399461 0.08117408906882595
15667.470246 0.08056680161943297
15819.225782 0.08053788316946198
15971.344675 0.07923655292076304
16126.384095 0.07886061307113901
16279.440711 0.07972816657027204
16432.751998 0.079381145170619
16583.920475 0.07920763447079204
16734.248332 0.07868710237131304
16884.270479 0.07877385772122603
17035.25656 0.07834008097166001
17187.320421 0.07648930017351097
17346.578442 0.07941006362059
17501.115252 0.07750144592249897
17654.519208 0.07657605552342395
17807.439628 0.07646038172353997
17960.728823 0.076315789473684
18113.779945 0.07591093117408898
18267.550567 0.077385772122614
18422.999424 0.07640254482359699
18575.581793 0.07637362637362599
18726.900841 0.07591093117408898
18877.704011 0.07588201272411799
19028.624539 0.075824175824176
19179.633149 0.075303643724696
19333.11394 0.077327935222672
19485.924906 0.07550607287449396
19641.730409 0.07510121457489904
19792.696978 0.07504337767495695
19943.498783 0.07484094852515899
20094.057206 0.07515905147484103
20244.65042 0.07489878542510098
20394.040717 0.075303643724696
20542.987532 0.07515905147484103
20694.271757 0.07449392712550595
20843.07975 0.07443609022556397
20991.31697 0.07455176402544805
21138.350882 0.074291497975709
21286.696075 0.07432041642567999
21437.087949 0.07455176402544805
21588.792415 0.07440717177559297
21745.138471 0.07463851937536103
21897.518833 0.07333718912666298
22045.630873 0.07322151532677801
22208.573596 0.07316367842683602
22372.301298 0.07316367842683602
22526.808737 0.073279352226721
22680.478212 0.07342394447657596
22836.544726 0.07197802197802206
22992.49418 0.07226720647773299
23145.273077 0.07287449392712597
23296.051063 0.07218045112782001
23446.283575 0.07229612492770399
23596.76735 0.07241179872758796
23746.512004 0.07287449392712597
23895.398216 0.07203585887796404
24050.117787 0.07128397917871598
24200.837836 0.07145748987854295
24348.94941 0.07154424522845604
24503.453508 0.07134181607865797
24650.74392 0.07139965297859996
24797.726927 0.07142857142857095
24943.183126 0.07137073452862897
25103.943224 0.07180451127819598
25252.433424 0.07116830537883201
25400.777347 0.07142857142857095
25549.070135 0.07134181607865797
25695.785179 0.07134181607865797
25842.312216 0.071226142278774
25989.146423 0.07111046847889002
26139.761443 0.07148640832851405
26289.84801 0.07085020242914997
26443.971391 0.07044534412955505
26592.366 0.07032967032966997
26741.735535 0.07044534412955505
26890.381304 0.07047426257952605
27038.005645 0.07064777327935201
27185.574108 0.07038750722961296
27331.778278 0.070213996529786
27480.518994 0.070156159629844
27629.34113 0.07032967032966997
27778.195817 0.07041642567958395
27923.949947 0.07032967032966997
28069.146923 0.07024291497975699
28213.903092 0.070185078079815
28358.859039 0.06989589358010395
28509.15703 0.069693464430307
28656.276308 0.06963562753036401
28800.781954 0.06978021978021998
28944.614275 0.07006940427993102
29088.921003 0.069693464430307
29232.928232 0.06983805668016196
29376.617176 0.06983805668016196
29544.479245 0.06986697513013296
29688.698303 0.069664545980335
29833.791532 0.06949103528050904
29979.991587 0.06876807403123197
30125.997126 0.069144013880856
30271.68433 0.06928860613071097
30415.169822 0.06908617698091402
30558.896315 0.06911509543088501
30702.173842 0.06923076923076898
30844.969869 0.06931752458068297
30987.275078 0.06902834008097203
31132.343312 0.06937536148062495
31276.985588 0.06891266628108705
31417.977087 0.069144013880856
31558.954891 0.06899942163100103
31699.133401 0.06897050318102904
31839.997532 0.06908617698091402
31986.662164 0.06899942163100103
32127.696176 0.06905725853094302
32268.095878 0.069144013880856
32407.102474 0.06899942163100103
32545.121928 0.06871023713128999
32684.897371 0.06908617698091402
32826.828362 0.06882591093117396
32967.902846 0.06879699248120297
33116.888036 0.06876807403123197
33260.412749 0.068160786581839
33404.589835 0.068652400231348
33552.309719 0.06853672643146302
33695.256589 0.06859456333140501
33837.129549 0.06839213418160806
33978.611589 0.06844997108155004
34120.113424 0.06847888953152104
34263.735708 0.06847888953152104
34404.61979 0.06859456333140501
34547.574502 0.068160786581839
34690.081393 0.06894158473105805
34830.424195 0.06795835743204204
34970.402395 0.06821862348178098
35110.076902 0.06821862348178098
35249.707178 0.068160786581839
35398.031097 0.068131868131868
35538.607459 0.068131868131868
35681.226939 0.06810294968189701
35820.820987 0.06818970503180999
35960.673345 0.068131868131868
36099.608423 0.06804511278195502
36238.862045 0.06807403123192601
36378.159279 0.06810294968189701
36516.993977 0.06836321573163695
36663.09611 0.06807403123192601
36807.047607 0.067611336032389
36983.10103 0.06749566223250403
37146.811462 0.06764025448236
37298.193967 0.06775592828224397
37448.47586 0.06764025448236
37598.437693 0.06764025448236
37751.916937 0.06764025448236
37988.101517 0.06784268363215695
38229.267897 0.06746674378253303
38441.602547 0.06778484673221497
38636.88761 0.06729323308270696
38852.806223 0.06740890688259105
39059.880706 0.06729323308270696
39262.426022 0.06740890688259105
39690.116443 0.06743782533256204
39881.64734 0.06758241758241801
