time train-error
53.205399 0.9676691729323308
113.846387 0.9570561017929439
168.138701 0.9487275882012725
223.766804 0.9334297281665703
280.586646 0.9201850780798149
340.881772 0.9015326778484674
400.365715 0.884297281665703
460.572673 0.867755928282244
522.273189 0.860005783689994
584.6398 0.852111046847889
649.057132 0.8465587044534411
713.384204 0.833400809716599
779.619278 0.8203875072296121
845.774481 0.822643146327357
910.314277 0.818825910931174
975.255078 0.816541353383459
1040.272025 0.809803354540197
1110.139073 0.810468478889532
1176.110041 0.805060728744939
1241.141269 0.800462695199537
1306.055978 0.800549450549451
1370.908659 0.8
1436.291587 0.797368421052632
1500.979885 0.80106998264893
1567.061152 0.79412955465587
1631.782059 0.79491035280509
1696.531597 0.79251012145749
1761.369468 0.793001735106998
1825.885709 0.793117408906883
1891.791225 0.791844997108155
1956.364884 0.790427993059572
2023.898413 0.790080971659919
2088.525588 0.788721804511278
2152.340076 0.788316946211683
2217.844487 0.788259109311741
2282.414425 0.788750722961249
2349.542675 0.785887796414112
2416.905383 0.7860613071139391
2481.145542 0.785164835164835
2546.5031 0.786697513013302
2611.079937 0.7851359167148639
2675.799855 0.78502024291498
2743.074691 0.784355118565645
2810.09292 0.784817813765182
2874.037737 0.785396182764604
2938.300092 0.783285135916715
3002.457716 0.783574320416426
3067.679798 0.783314054366686
3132.168018 0.783227299016773
3196.076857 0.783169462116831
3262.705025 0.783140543666859
3329.293806 0.782648930017351
3395.378162 0.7830248698669751
3459.373929 0.78155002891845
3523.795025 0.781839213418161
3587.59572 0.7820416425679579
3650.968051 0.782186234817814
3717.804833 0.782388663967611
3783.452179 0.781376518218623
3846.542627 0.7819548872180451
3911.019433 0.781665702718334
3974.47914 0.78128976286871
4039.952039 0.782446500867553
4104.555116 0.781463273568537
4170.725822 0.781636784268363
4233.440948 0.781260844418739
4296.130383 0.782186234817814
4360.110806 0.781376518218623
4423.246268 0.781203007518797
4485.808269 0.781376518218623
4549.849467 0.781665702718334
4614.134305 0.780566801619433
4681.225351 0.7810294968189699
4744.012714 0.781203007518797
4808.099624 0.781203007518797
4871.231215 0.781000578368999
4934.479453 0.780971659919028
4999.120431 0.781145170618855
5062.787063 0.780711393869289
5133.521066 0.780595720069404
5196.181209 0.780451127819549
5260.120596 0.7804800462695201
5323.329632 0.7805089647194909
5385.954637 0.780537883169462
5450.703441 0.780566801619433
5514.675619 0.780913823019086
5577.987369 0.780248698669751
5640.821578 0.7805089647194909
5703.394037 0.780537883169462
5767.587154 0.780595720069404
