iter objective
1 15447.8011522015
2 14324.7466812185
3 13567.0853115409
4 13015.3380456165
5 12580.9633698378
6 12255.1231393765
7 12003.6339286151
8 11793.0999925023
9 11628.9744566197
10 11483.6450994815
11 11366.4780641018
12 11259.0901679267
13 11157.4297478072
14 11073.267243621
15 10987.1438001876
16 10919.2734443762
17 10860.4562898145
18 10803.7420921312
19 10752.1521332366
20 10704.077809404
21 10660.2267621028
22 10621.6009663625
23 10580.3523570796
24 10549.1266076182
25 10510.6431062887
26 10482.8181797555
27 10457.0979570143
28 10431.9958552403
29 10408.5266349871
30 10384.8532781694
31 10362.5335621657
32 10341.3895804073
33 10320.7964129806
34 10303.0614611235
35 10284.7965452798
36 10269.8352026438
37 10254.863057995
38 10241.5519309292
39 10230.6378666435
40 10216.4201986013
41 10205.3309590074
42 10192.9170691292
43 10180.4525780366
44 10169.3291424233
45 10159.4184912922
46 10149.7166698588
47 10140.4741692913
48 10131.5628333585
49 10123.4405114339
50 10114.9519471193
51 10106.7071522709
52 10098.8036034625
53 10091.346341903
54 10083.2179205066
55 10076.1839165238
56 10068.7415652286
57 10062.8420335306
58 10056.9932768165
59 10051.9936109268
60 10046.1735047921
61 10040.8571402693
62 10035.7744899601
63 10030.4235593859
64 10025.5197109027
65 10021.5312115913
66 10017.3312302711
67 10013.4301862265
68 10008.3852996241
69 10003.9973106372
70 9999.86906970672
71 9995.85747917618
72 9992.01338652258
73 9988.62456680381
74 9985.2152695803
75 9981.80964162123
76 9978.62296471593
77 9975.07067235637
78 9971.36405863019
79 9967.68752289696
80 9964.17625955852
81 9960.86352321794
82 9957.95584912092
83 9954.60423484534
84 9951.41062895005
