iter objective
1 38673.3462287187
2 21929.9637852448
3 19586.5271092513
4 17900.0904276048
5 17180.1158431424
6 16926.3003632786
7 16679.4809544683
8 16614.0705889052
9 16427.8174569396
10 16329.6035176116
11 16185.0226591708
12 16110.9359690616
13 16065.6999333332
14 15925.0267259275
15 15876.2224812254
16 15799.0950784229
17 15751.5142098267
18 15703.5061664493
19 15644.5930522305
20 15585.5711465326
21 15519.2112048417
22 15447.7276717459
23 15370.5466389417
24 15298.8887216287
25 15219.6697058977
26 15134.5080972064
27 15047.5202669925
28 14968.4427450077
29 14870.3267841745
30 14784.3007750098
31 14684.056015897
32 14590.6637004105
33 14488.2316618431
34 14374.7686824705
35 14279.6694584693
36 14152.3473440008
37 14065.4751546782
38 13918.4989757586
39 13839.4083180316
40 13678.6680789696
41 13602.369656443
42 13502.8952215692
43 13439.9458791084
44 13307.3515143955
45 13256.9415920551
46 13141.6159618202
47 13093.4565087255
48 12992.4997527624
49 12949.77045581
50 12858.3721316044
51 12819.9479620401
52 12733.3221970539
53 12700.1268568104
54 12613.6780111774
55 12574.6163648565
56 12485.8519460417
57 12446.9313608161
58 12349.1001538259
59 12309.1238580809
60 12213.6606540607
61 12162.0588819717
62 12114.8852519364
63 12067.0175483626
64 12013.9435119594
65 11963.4979729437
66 11923.0520350397
67 11870.8198621004
68 11841.9573878257
69 11800.6459475063
70 11766.3231070818
71 11732.4802532024
72 11694.5734482711
73 11665.3590927905
74 11628.9123537116
75 11594.5810132609
76 11556.4090456115
77 11517.4299780502
78 11476.4907457277
79 11440.5002642998
80 11406.1850003085
81 11368.5668406581
82 11342.8880578447
83 11307.13691043
84 11285.0150250509
85 11251.6121740518
86 11234.5922804752
87 11204.6604221621
88 11190.2738679454
89 11161.3457590963
90 11149.9166178564
91 11123.0259246115
92 11111.9617418303
93 11087.3242227025
94 11076.7350696772
95 11054.7928083398
96 11043.3512201932
97 11021.2960971179
98 11009.5408185605
99 10988.409752432
100 10976.8955221544
101 10953.8610506778
102 10941.9111446495
103 10921.3404702918
104 10906.9091203599
105 10888.8395834201
106 10878.7436562627
107 10861.6000076917
108 10851.0951841159
109 10833.9980037276
110 10825.3371230197
111 10810.007021414
112 10802.8726361264
