iter objective
1 26174.4560172351
2 21880.0068313855
3 19072.8656645656
4 18038.9621527762
5 17466.1092814105
6 17225.5402011637
7 16991.7497407107
8 16783.7717071522
9 16673.7299240903
10 16488.1071499804
11 16407.8161052277
12 16378.9163903718
13 16294.6639658963
14 16151.3753979617
15 16084.3854329285
16 16019.2894447113
17 16009.5252608963
18 15946.1668420318
19 15936.2990083517
20 15887.1052607417
21 15640.6094078174
22 15557.3945511059
23 15451.8508522117
24 15343.4796198715
25 15292.295280123
26 15279.4557276557
27 15257.3878805643
28 15177.3281524949
29 15143.9407468884
30 15002.7097526914
31 14940.7924704972
32 14862.014297821
33 14834.373796411
34 14823.8598066718
35 14803.5461969191
36 14724.3457566038
37 14485.0728541635
38 14397.5340943932
39 14329.9789225689
40 14094.5054041273
41 14025.8819910228
42 14009.5808784747
43 13996.8649649827
44 13957.5593778885
45 13825.959346548
46 13747.233999467
47 13652.4932272746
48 13489.4428292357
49 13418.3995403428
50 13350.1937735157
51 13336.1877995862
52 13329.3800530952
53 13304.5855827117
54 13238.9584612256
55 13166.8036813567
56 13111.6615329615
57 13028.3646721958
58 13007.9061481193
59 12994.4470203507
60 12983.3650324374
61 12976.8085093495
62 12971.6819052888
63 12828.7178908653
64 12759.422236942
65 12724.7396146828
66 12719.1335895314
67 12670.3547935259
68 12564.8997268893
69 12554.9870301245
70 12547.4518896843
71 12494.9296472713
72 12432.4013251703
73 12359.0421054245
74 12292.0633376235
75 12230.3242274896
76 12172.582055902
77 12163.4189400652
78 12159.160408934
79 12153.9291648428
80 12122.5916875314
81 12063.0674537049
82 12034.0835694996
83 12009.8924687626
84 12003.779966479
85 11998.2570275191
86 11980.5036163207
87 11978.4860468346
88 11966.7797910287
89 11906.5335185835
90 11817.9052807298
91 11790.2953088346
92 11761.2159180576
93 11718.137441655
94 11712.3981976724
95 11703.4572193549
96 11676.6269254538
97 11655.1404408296
98 11616.9185554379
99 11609.2926066305
100 11562.3568511946
101 11557.839442116
102 11552.9001202268
103 11547.8769259524
104 11535.3213606248
105 11459.5655489079
106 11428.3461707474
107 11388.0674805892
108 11301.3476397998
109 11235.6343752653
110 11196.0922397869
111 11175.7241456696
112 11173.0295602649
113 11160.9204670616
114 11140.5090018823
115 11129.3238471245
116 11122.6943936664
117 11094.4936617737
118 11084.8934351634
119 11076.9645495982
120 11074.970765402
121 11068.0456462748
122 11064.9712935543
123 11064.1851586375
124 11049.9540709989
125 11044.2841658017
126 11040.4633166423
127 11039.5649682417
128 11035.3705322103
129 11013.1417116979
130 10991.6441767975
131 10975.7407614522
132 10941.0453523439
133 10927.9991562683
134 10920.2515920157
135 10917.484373595
136 10915.8176110633
137 10914.6370336338
138 10911.647553318
139 10909.0074138414
140 10904.1255447718
141 10900.6765347874
142 10896.3535567089
143 10892.4582685199
144 10888.52383126
