iter objective
1 26174.4560172351
2 25839.9275823471
3 22818.3229080067
4 18480.4358039523
5 17466.3862255139
6 17363.1600854789
7 17130.7188883084
8 17085.408885593
9 16940.9894555127
10 16908.1035196364
11 16803.1027272262
12 16776.5801295269
13 16697.8369709973
14 16674.1383498444
15 16614.5134804722
16 16591.7237502433
17 16546.8125150566
18 16524.2795352525
19 16490.6225247294
20 16468.1752178289
21 16443.0867475645
22 16429.2793683321
23 16385.8930706729
24 16380.8718517088
25 16349.926091796
26 16340.3760788701
27 16317.9396253664
28 16305.4526123383
29 16289.0315817903
30 16278.5537427023
31 16251.6128676565
32 16246.303223688
33 16226.9556926875
34 16218.9566181291
35 16204.2865621802
36 16194.7271109377
37 16183.153537358
38 16179.2334623039
39 16155.8461471398
40 16145.3676278467
41 16136.5265926329
42 16135.2588243081
43 16118.4577775982
44 16115.406804842
45 16101.1710845273
46 16096.6540578351
47 16084.5208504603
48 16078.703367199
49 16068.4333059407
50 16061.5013647168
51 16052.8719140017
52 16049.4084927278
53 16031.5697460432
54 16030.1637366342
55 16016.5651770256
56 16013.1620310935
57 16002.1318750284
58 15997.1521402607
59 15988.1588316054
60 15981.9663893612
61 15974.6176529112
62 15969.4403572961
63 15955.4785225201
64 15952.4120890677
65 15942.2690532994
66 15937.5470130156
67 15929.5261458709
68 15923.5902744563
69 15923.0370525064
70 15910.7221959284
71 15907.3221087546
72 15898.445841735
73 15893.2862046847
74 15886.5895522602
75 15881.6393877297
76 15869.6561409516
77 15866.1410530633
78 15857.9817268127
79 15852.9092942291
80 15846.7702948504
81 15841.2292988898
82 15830.5658703778
83 15826.8104174486
84 15819.5187275935
85 15819.4795272151
86 15804.7875757577
87 15803.6441621381
88 15793.7599896732
89 15790.6264852191
90 15783.2193256003
91 15778.6750498469
92 15772.9737313176
93 15767.9414266152
94 15758.1451104841
95 15754.536378955
96 15747.9715699304
97 15746.5668561149
98 15734.100090526
99 15732.0434725429
100 15723.9308659508
101 15720.1966812427
102 15714.187532949
103 15711.4801160643
104 15700.5205039404
105 15697.8649790035
106 15690.7371086235
107 15686.6283051486
108 15681.3493476127
109 15676.3286007066
110 15667.6685673017
111 15663.9600089808
112 15658.3242807223
113 15654.6443346762
114 15645.0703645071
115 15641.8644910342
116 15635.7903239366
117 15634.0012952656
118 15623.0635092968
119 15620.6786287457
120 15613.836023287
121 15609.9880753206
122 15605.0072888969
123 15600.0158751971
124 15592.1184004327
125 15588.3926257006
126 15583.3537986941
127 15578.5160745866
128 15570.6608226507
129 15566.9651369815
130 15562.020419035
131 15557.067656445
132 15549.4698407446
133 15545.7441071936
134 15540.9726007479
135 15535.667072001
136 15528.5436386613
137 15524.6753480513
138 15524.2906589699
139 15515.7799221602
140 15512.7578815181
141 15507.4398622871
142 15504.2873159322
143 15495.5921802605
144 15492.3233094253
145 15487.3012388004
146 15482.9757850493
147 15475.4069915952
148 15471.7718201635
149 15471.0990817376
150 15463.0624057616
151 15459.8175603161
152 15459.3990323468
153 15451.024878231
154 15447.9850670133
155 15442.9772945621
156 15439.3456211553
157 15431.5111452737
158 15428.1729907447
159 15428.0244842014
160 15419.5789690367
161 15416.6719929837
162 15411.6958996234
163 15407.9641918182
164 15400.4685174939
165 15397.0242009903
166 15396.398603718
167 15388.7458799152
168 15385.6407692773
169 15384.8642227772
170 15377.2196441082
171 15374.0435266941
172 15373.8155218533
173 15365.7512366401
174 15362.9581030599
175 15358.1270417988
176 15354.6262060137
177 15347.2538456609
178 15343.9001457778
179 15342.9504466602
180 15335.8123251663
181 15332.52373275
182 15331.200660881
183 15324.5271455161
184 15321.1196267553
185 15319.5605859763
186 15313.2444682455
187 15309.7828759354
188 15307.9027539688
189 15302.0805220144
190 15301.1804808513
191 15291.9026951608
192 15289.4512705625
193 15284.4737096534
194 15281.4778276402
195 15274.091776507
196 15270.9370314311
197 15270.3233153769
198 15263.1412227943
199 15260.0900917076
200 15258.8617359709
201 15252.3692994419
202 15249.0688166988
203 15247.4832649157
204 15241.5534342847
205 15241.1714057704
206 15231.798238752
207 15229.4704728999
208 15224.6218157693
209 15221.5349750988
210 15214.6140666925
211 15211.480187145
212 15210.7541630831
213 15204.0624848223
214 15201.0686333731
215 15199.470560696
216 15193.6308761715
217 15192.5879043115
218 15184.0320479848
219 15181.5548061231
220 15177.0770887158
221 15173.3953617976
222 15167.232688681
223 15166.0801891595
224 15157.7135960444
225 15155.3038826415
226 15150.8276267893
227 15147.3324042608
228 15141.1274896774
229 15140.203054975
230 15131.7789112338
231 15129.4820487425
232 15124.9687046802
233 15121.7726440719
234 15115.4427256373
235 15114.9271503569
236 15106.2558074784
237 15104.1113908943
238 15099.4931590276
239 15096.7126400979
240 15090.1471058531
241 15087.2885728487
242 15087.094026279
243 15080.2421062013
244 15077.6163304416
245 15076.243664708
246 15070.4773830613
