iter objective
1 37478.9498769926
2 28703.5007166063
3 24337.2745660496
4 20439.9526692159
5 19218.0119009611
6 18313.8732121434
7 17745.3736169706
8 17430.3721878901
9 17134.1088340225
10 17015.5211056191
11 16828.4052481876
12 16726.6158044566
13 16524.0938953606
14 16405.2914987388
15 16308.2871714485
16 16264.4987485852
17 16203.4883677878
18 16105.8568956703
19 15985.6858547353
20 15853.331251712
21 15802.7762952526
22 15705.4498989934
23 15674.2236806141
24 15643.7657647253
25 15592.091129878
26 15458.6921177966
27 15145.9928341819
28 15087.714939953
29 14958.538917616
30 14821.5667645462
31 14768.3439907284
32 14753.1602230701
33 14676.0906177359
34 14649.0299704152
35 14444.7519268047
36 14395.2181307507
37 14379.8719632474
38 14309.6976435754
39 14281.9576571269
40 14226.440139983
41 13997.0852450172
42 13899.0571108279
43 13811.024901211
44 13805.4633890729
45 13632.5379104167
46 13606.0169555101
47 13557.1303071686
48 13542.2629339366
49 13380.5245565568
50 13357.0665936006
51 13284.4396955305
52 13264.0212360332
53 13227.8913545155
54 13127.4546151902
55 13049.9617123837
56 13012.7750109132
57 12915.0635138685
58 12902.2883793894
59 12872.7080599169
60 12859.275603254
61 12842.7017337892
62 12819.9783897497
63 12796.6414336109
64 12790.093196621
65 12625.1682571032
66 12417.2880792923
67 12378.891424511
68 12359.6100369078
69 12327.4259658248
70 12309.7936256734
71 12286.8857291132
72 12246.8097404485
73 12220.7181567021
74 12206.7750917326
75 12199.5487979506
76 12194.6274141612
77 12181.5645322469
78 12110.2142379786
79 12085.2465824336
80 12045.4292601384
81 12009.5326553209
82 11989.4724117705
83 11973.8886412817
84 11966.5019930842
85 11927.1333755802
86 11881.0460796045
87 11855.1163242504
88 11838.736674696
89 11803.9251870822
90 11797.5837300668
91 11789.9401789895
92 11784.2929811421
93 11747.7623547614
94 11683.1830791094
95 11655.168559988
96 11608.8992098136
97 11603.4145447639
98 11592.6915754212
99 11585.1831166969
100 11580.8795444485
101 11577.0927655096
102 11537.3798398981
103 11524.4564408521
104 11489.6780939192
105 11469.7536512892
106 11448.2876192627
107 11441.0842377853
108 11438.1325771596
109 11408.5304474857
110 11399.725873516
111 11370.2532302305
112 11352.721777921
113 11331.2430704753
114 11325.8356536161
115 11313.1990091824
116 11305.2283201764
117 11275.6064484052
118 11246.2678710354
119 11229.832628219
120 11222.1541149811
121 11213.9871916991
122 11210.8881081035
123 11189.5533304759
124 11182.8169561174
125 11176.80913684
126 11174.1278448068
127 11167.5103400166
128 11163.250269078
129 11120.5683083879
130 11091.225443354
131 11070.5912437283
132 11050.8342385485
133 11043.1109380422
134 11038.0248114325
135 11034.3020036913
136 11027.9527344896
137 11012.0353994557
138 10989.325177963
139 10976.0365803728
140 10968.5903133498
141 10953.9921999784
142 10948.9116911102
143 10946.0120774027
144 10936.3805773121
145 10928.3552786338
146 10914.4998077264
147 10895.1680219892
148 10878.326149115
149 10876.9503399331
150 10870.5410594471
151 10868.8846413805
152 10862.8870560401
153 10854.4506112603
154 10846.3282708547
155 10838.7052688437
156 10835.7237751857
157 10829.7592397924
158 10810.1665655101
159 10797.1021973642
160 10779.7239727263
161 10777.0209691003
162 10773.7853041626
163 10770.9497417059
164 10762.7531959348
165 10757.664982266
166 10740.8384903976
167 10738.1185912273
168 10732.863667669
169 10730.9743029933
170 10727.7929120512
171 10726.0668053641
172 10716.6880646754
173 10702.6917204079
174 10690.8646406789
175 10667.9688900592
176 10660.2314096777
177 10655.2639770885
178 10651.8150390578
179 10647.0473034372
180 10640.5701732624
181 10632.2602695385
182 10625.2950124919
183 10615.5809255982
184 10609.1910375303
185 10605.6006235021
186 10601.9201227098
187 10601.5563756769
188 10599.1813316558
189 10598.5333812866
190 10589.8300868466
191 10586.9293360883
192 10571.6611979867
193 10569.0389569227
194 10562.4279680521
195 10551.5463274116
196 10550.1554362938
197 10544.7822657244
198 10538.5883503127
199 10529.1252195904
200 10524.1612590087
201 10519.8733963547
202 10514.2326638624
203 10512.9861146866
204 10511.8047184523
205 10509.0919236251
206 10501.4643903829
207 10496.6669785729
208 10486.3116180296
209 10477.7972854541
210 10468.3250292816
211 10463.5294916733
212 10461.7781364489
213 10454.4139599198
214 10448.2391989741
215 10447.274385375
216 10440.7015367037
217 10436.4817483198
218 10434.6020843051
219 10432.9788145281
220 10432.1546938166
221 10422.1166894826
222 10417.7597357259
223 10413.875151761
224 10399.7913208117
225 10395.1857547325
226 10393.2899705604
227 10390.2872740551
228 10386.9475191776
229 10379.2593804678
230 10376.2910220398
231 10373.5357989637
232 10371.9239892808
233 10370.2663224797
234 10369.1156276384
235 10364.8883760287
236 10351.8981286544
237 10349.7588224147
238 10347.8014683395
239 10329.3679397824
