iter objective
1 36682.5012939288
2 27993.5227610469
3 26997.3186501721
4 20456.170195582
5 19391.9539067316
6 18284.5979379926
7 17732.8848765979
8 17473.9563049718
9 16999.7298007114
10 16863.8378308132
11 16748.6550787022
12 16657.8099449209
13 16449.5632240109
14 16215.0370368865
15 16032.7127753991
16 15886.9517034788
17 15775.6050594055
18 15676.0345624181
19 15627.9711574849
20 15533.3142385111
21 15457.8425406807
22 15413.475457145
23 15405.4417443754
24 15262.68835552
25 15191.2079705589
26 15181.6903350514
27 15058.0419558908
28 14911.2798997299
29 14816.8810989255
30 14681.4663481122
31 14634.0362966617
32 14586.658192304
33 14568.0818916964
34 14516.2608156489
35 14482.5088011437
36 14429.3228118732
37 14405.4594423158
38 14390.8806597123
39 14338.4078835407
40 14319.6273479271
41 14237.0086985179
42 14080.7538179468
43 13978.5265839735
44 13825.3130489568
45 13789.4707001696
46 13752.861220703
47 13710.2049654978
48 13702.8318233783
49 13685.2619930323
50 13648.1064669423
51 13489.888985185
52 13466.4096231803
53 13441.0655270927
54 13346.3993688362
55 13310.0051304769
56 13302.6618493333
57 13266.3895607171
58 13162.2722163567
59 13084.0850177257
60 13077.5341067266
61 12985.6910893197
62 12924.4558156713
63 12907.3645961717
64 12897.4386589046
65 12831.0258030619
66 12764.4533992481
67 12681.1926914866
68 12506.4221089899
69 12410.7045502844
70 12368.3894374489
71 12355.6322697497
72 12344.9387039329
73 12325.3810497567
74 12325.0399813316
75 12286.1119502191
76 12279.1284892986
77 12271.410062519
78 12262.39225894
79 12188.057522288
80 12078.4369089137
81 11955.7129436467
82 11940.8535753886
83 11842.3947319817
84 11835.4455588471
85 11826.0242498793
86 11822.5678330332
87 11818.1808866665
88 11788.9415348119
89 11771.6230368494
90 11747.7991100607
91 11726.8015175421
92 11714.4615975081
93 11700.5717863206
94 11695.4730032788
95 11682.7883619398
96 11659.2228276814
97 11651.5078044303
98 11645.2064446127
99 11638.922340206
100 11602.7121960172
101 11522.049826331
102 11485.4485815945
103 11479.0592868801
104 11465.9045144183
105 11436.0417946532
106 11427.8465922224
107 11420.7691338143
108 11419.1361523749
109 11397.01088702
110 11379.1229080643
111 11360.5306647386
112 11358.9491760059
113 11337.3779461637
114 11323.694830586
115 11319.283932367
116 11311.4332685274
117 11288.955421783
118 11283.3233628092
119 11268.6585763284
120 11248.5708662317
121 11229.0385820311
122 11226.2433974574
123 11217.5453216774
124 11215.7249701155
125 11213.2048588758
126 11183.176980288
127 11166.821397161
128 11138.0235122114
129 11115.3882851079
130 11093.7885539357
131 11086.7227850996
132 11082.4429602225
133 11080.4548093983
134 11071.4368832869
135 11060.0828855999
136 11044.6962857519
137 11031.808945287
138 11027.7266158377
139 11014.759780703
140 11009.335526834
141 11006.2874292969
142 10993.2722681029
143 10975.4287299618
144 10963.0042255764
145 10954.4850823468
146 10948.2713660575
147 10940.4249342692
148 10937.8461315741
149 10936.5298327801
150 10931.4982588655
151 10926.0035637863
152 10922.2854045897
153 10911.2005960402
154 10880.698053569
155 10877.7401463786
156 10872.0718739855
157 10870.8346263313
158 10864.7360959356
159 10851.614141614
160 10846.6158103298
161 10843.8522960165
162 10838.3599573744
163 10836.5248757303
164 10834.9763797161
165 10833.3399075303
166 10812.8495433641
167 10799.4291855051
168 10799.0870094161
169 10789.2510175788
170 10788.0967329782
171 10781.3500148109
172 10777.2999676379
173 10770.1634983973
174 10766.9865576452
175 10754.5604686087
176 10751.0012683221
177 10748.7153236423
178 10746.312397013
179 10743.6555352781
180 10728.3536176416
181 10722.6116623516
182 10706.3230205558
183 10687.9828004416
184 10681.3265182281
185 10679.503112895
186 10677.5472658098
187 10669.7359086585
188 10660.2627162785
189 10653.5618849367
190 10642.3537078183
191 10638.4097948004
192 10631.4524264156
193 10631.0662755084
194 10626.9002807023
195 10625.8936402468
196 10619.7735827494
197 10611.6133261288
198 10610.6233831579
199 10605.2811895965
200 10598.5067824608
201 10596.7777407332
202 10595.4605654527
203 10591.0971054353
204 10582.4759167652
205 10574.7845459571
206 10567.2045359232
207 10565.4506806338
208 10562.6485107781
209 10560.529802039
210 10559.4648078645
211 10558.7072750626
212 10551.2836921
213 10545.0922811103
214 10544.2472831203
215 10538.9960806348
216 10533.1388257989
217 10524.7071671183
218 10522.4817943974
219 10520.7430604676
220 10514.4504439051
221 10508.4039786113
222 10501.9979564795
223 10497.9912668847
224 10496.7620469001
225 10493.4085884859
226 10491.2854582495
227 10489.1598421676
228 10485.9046929295
229 10476.6799148749
230 10476.1110146341
231 10465.1803169522
232 10463.4901430648
233 10463.4234893281
234 10451.0166871034
235 10447.7379287006
236 10446.4108850498
237 10443.5903647002
238 10439.0573242891
239 10437.6463782908
240 10434.6944746357
241 10432.1038663026
242 10430.1445462673
243 10426.2651807692
244 10423.7388784763
245 10419.8878017993
246 10417.9037304317
247 10414.0325612584
248 10413.3678599463
249 10412.3043093589
250 10407.3866119359
251 10406.555693605
252 10405.6130644322
253 10403.776370656
254 10401.8409196828
255 10397.840665608
256 10394.2172050823
257 10391.095665754
258 10389.662510287
259 10382.4717170615
260 10379.6520302179
261 10377.6721435258
262 10376.2058019409
263 10370.1186002106
264 10369.2960470242
265 10367.9067516328
266 10366.9984039678
267 10360.7544133466
268 10353.8938407349
269 10351.3302311824
270 10348.02850389
271 10339.5645293625
272 10336.379738867
273 10334.8361006136
274 10332.2831272523
275 10331.5514354715
276 10328.9545277461
277 10322.6944487419
278 10320.6863774891
279 10317.080236754
280 10316.2383615619
281 10314.1190436231
282 10306.5711129824
283 10303.3246394152
284 10296.7471869998
285 10294.329326111
286 10292.6315758249
287 10291.5519734186
288 10290.5227922084
289 10287.9828053472
290 10281.8074424138
291 10278.6590160739
292 10278.0480052994
293 10274.8775976259
294 10270.8428910122
295 10269.7087675932
296 10267.2497131367
297 10262.9367164696
298 10259.010196627
299 10256.2590875592
300 10255.7956924325
301 10250.9999838091
302 10248.1808590785
303 10247.6006681467
304 10245.9644508839
305 10243.1614242326
306 10239.917981624
307 10237.3994525158
308 10235.4706169334
309 10233.8898458752
310 10233.0189378201
311 10231.2457907882
312 10228.9781099892
313 10225.1228551334
314 10221.8028232894
315 10219.2930157127
316 10218.1185020995
317 10217.5534882663
318 10216.2202688055
319 10215.6792311421
320 10213.9994654722
321 10210.2787972971
322 10207.8702823318
323 10204.4478865642
324 10202.7564173952
325 10200.7540226802
326 10199.4478912377
327 10198.2519837925
328 10195.5137019954
329 10195.1553129363
330 10193.5581115029
331 10192.3301875269
332 10189.2116796048
333 10185.3052104277
334 10184.8246259485
335 10183.0468828404
336 10181.3304226658
337 10178.4514183706
338 10177.0551857938
339 10175.9397244063
340 10174.126937406
341 10173.3816885236
342 10172.5757666479
343 10169.576153168
344 10167.7027885366
345 10167.1874193818
346 10163.7772092506
347 10160.7731399356
348 10159.489962588
349 10158.3713379689
350 10156.6095447108
351 10154.7291743871
352 10152.0734861484
353 10151.0976036663
354 10149.952745953
355 10148.2478336527
356 10147.3519753199
357 10146.2665433785
358 10144.3146687714
359 10143.4177692253
360 10141.7082262123
361 10138.4806228515
362 10136.3743402288
363 10135.1901875996
364 10133.9004156235
365 10131.9845435677
366 10129.4535201329
367 10128.2510414954
368 10126.2753629906
369 10123.4849095354
370 10123.297779382
371 10122.4377777289
372 10122.0811650758
373 10119.518668227
374 10117.288980038
375 10115.549685572
376 10111.7907015418
377 10110.855740433
378 10109.5302650912
379 10107.7712126124
380 10107.2394415703
381 10106.9664221486
382 10103.7843951118
383 10101.2021241817
384 10100.052907103
385 10099.6642408496
386 10098.650358109
387 10095.8595898744
388 10093.2758620889
389 10092.4774346301
390 10089.2631980181
391 10086.9231422696
392 10085.6453134585
393 10085.0101513205
394 10084.490468276
395 10082.4151468904
396 10081.1635228617
397 10078.9375634014
398 10077.6184432312
399 10076.8263384574
400 10075.6276743806
401 10073.4127313554
402 10072.0388020277
403 10071.0639749719
404 10069.2451173804
405 10067.2111364641
406 10066.6186191492
407 10065.7403690312
408 10065.7166068098
409 10064.9286795917
410 10064.7718946702
411 10063.5575016033
412 10062.731429697
413 10061.2696852309
414 10059.4253805033
415 10058.1374931567
416 10057.5226163937
417 10056.1464931996
418 10054.0925687296
419 10052.8068887752
420 10051.882958768
421 10050.8181056998
422 10050.1768170588
423 10049.1609583029
424 10048.7512300404
425 10048.5870091037
426 10047.5308239253
427 10046.3718647425
428 10043.9721327419
429 10042.8869254664
430 10041.224764924
431 10040.3165358844
432 10039.4954232498
433 10038.3053506664
434 10036.5651965248
435 10035.8781120533
436 10034.8133539982
437 10033.9742131091
438 10032.8856888647
439 10032.6114879341
440 10032.2075388539
441 10031.7193935175
442 10030.3824303731
443 10028.1952913277
444 10025.4376852534
445 10024.0962213525
446 10022.8059762237
447 10022.2914940516
448 10021.5661147118
449 10020.9402397498
450 10019.2337206253
