iter objective
1 19141.9838209624
2 14429.8164389751
3 12368.3057507128
4 10990.1889230694
5 10255.4456817425
6 9787.86191389037
7 9431.82749257881
8 9206.41558246862
9 9049.7498343589
10 8939.58774570305
11 8855.67915811381
12 8792.83145570765
13 8743.14679195802
14 8705.65459153913
15 8674.65969036236
16 8648.45561839024
17 8627.68245603276
18 8611.00728780345
19 8597.20801795294
20 8585.71251954487
21 8575.87779371214
22 8567.40131353802
23 8560.17800083663
24 8553.84503438227
25 8548.37071702901
26 8543.64280080477
27 8539.46370805619
28 8535.71156247716
29 8532.27527389583
30 8529.38069400395
31 8526.84306036781
32 8524.57990273641
33 8522.54384085858
34 8520.69361597843
35 8519.06899932483
36 8517.6243532903
37 8516.2892954346
38 8515.07867237395
39 8513.95073890855
40 8512.95541225109
41 8512.03155705121
42 8511.23143769128
43 8510.48298283642
44 8509.79845024149
45 8509.16472146
46 8508.60113481003
47 8507.89677369271
48 8507.27273633095
49 8506.7202689393
