iter objective
1 133179.404616127
2 66038.2892750398
3 50454.8011468731
4 39434.3051880043
5 36392.5181510503
6 33916.9396469965
7 31670.1533490997
8 29741.5014325239
9 27953.2925311908
10 26733.4258297625
11 25548.8327888279
12 24782.2957945914
13 24054.3396719212
14 23196.2335374652
15 22261.9061573009
16 21582.2797697194
17 20890.893363758
18 20437.7510202694
19 20082.8133126594
20 19757.2248552488
21 19458.9988752504
22 19209.56406207
23 18982.4502779059
24 18749.598658015
25 18541.0726105692
26 18312.8103104212
27 18122.6621868338
28 17924.7966605756
29 17724.547617825
30 17512.4198495493
31 17322.3501759529
32 17118.0575897418
33 16935.8884094956
34 16747.9303293752
35 16595.6291856566
36 16447.810342124
37 16289.2067426437
38 16123.6591025684
39 15988.0500225349
40 15872.3586572664
41 15755.9885431694
42 15658.0871188151
43 15554.8449079662
44 15463.230258319
45 15380.3506528134
46 15305.0813967526
47 15232.7079015023
48 15161.9933268982
49 15100.1537388828
50 15037.7595301171
51 14988.5924865694
52 14931.2126808062
53 14892.6247803286
54 14841.8617828909
55 14808.5989274066
56 14763.7158314757
57 14733.9686864117
58 14691.9971253838
59 14665.0691437383
60 14628.8596494089
61 14604.4795412823
62 14563.9473256586
63 14540.8331886955
64 14505.8025568407
65 14486.3303158929
66 14451.4281394087
67 14430.7646080873
68 14400.2265692812
69 14380.1768955746
70 14351.2345461382
71 14329.6462240122
72 14304.3723885931
73 14281.8042228748
74 14256.5754519561
75 14234.9110104638
76 14211.4748930232
77 14192.3801231235
78 14169.2880516676
79 14148.5566596328
80 14125.5766722366
81 14104.7521471028
82 14083.0227658344
83 14063.4452937853
84 14044.4993410769
