iter objective
1 133179.404616127
2 66038.2892750398
3 50454.8011468731
4 39434.3051880043
5 36392.5181510503
6 33916.9396469965
7 31670.1533490997
8 29741.5014325239
9 27953.2925311908
10 26733.4258297625
11 25548.8327888279
12 24782.2957945914
13 24054.3396719212
14 23196.2335374652
15 22261.9061573009
16 21582.2797697194
17 20890.893363758
18 20437.7510202694
19 20082.8133126594
20 19757.2248552488
21 19458.9988752504
22 19209.56406207
23 18982.4502779059
24 18749.598658015
25 18541.0726105692
26 18312.8103104212
27 18122.6621868338
28 17924.7966605756
29 17724.547617825
30 17512.4198495493
31 17322.3501759529
32 17118.0575897418
33 16935.8884094956
34 16747.9303293752
35 16595.6291856566
36 16447.810342124
37 16289.2067426437
38 16123.6591025684
39 15988.0500225349
40 15872.3586572664
41 15755.9885431694
42 15658.0871188151
43 15554.8449079662
44 15463.230258319
45 15380.3506528134
46 15305.0813967526
47 15232.7079015023
48 15161.9933268982
49 15100.1537388828
