iter objective
1 116358.730393531
2 58624.5333715223
3 46575.3040549462
4 42709.7752477089
5 41316.914217906
6 39859.5776086785
7 37942.9513548909
8 36062.9648188376
9 34387.638931444
10 31045.5428277
11 30417.7643014868
12 28714.3258256975
13 27919.8657067132
14 26860.1479829994
15 25897.8578899406
16 25255.6347172511
17 25070.6483229813
18 23723.3430391154
19 23188.2570727539
20 22466.0474819782
21 22099.3278223296
22 21618.1452405311
23 21481.3990651106
24 21375.8779060433
25 21319.2657454302
26 20382.1695721484
27 19415.9658331598
28 19253.6322975781
29 18805.5106346602
30 18435.9229510294
31 18344.7702168215
32 18322.6494948507
33 18198.3677783609
34 17791.6156713997
35 17749.4929765635
36 17632.133807502
37 17588.0958606142
38 17549.3741557238
39 17516.718306208
40 17027.3477246767
41 16545.6315504914
42 16011.1715831612
43 15901.5148914394
44 15468.9853085867
45 15399.3271753637
46 15385.5592360098
47 15374.9916127738
48 15356.2969101204
49 15193.0051818626
50 14993.4809622352
51 14937.793880154
52 14717.0542959936
53 14502.9316011083
54 14482.0246283541
55 14471.496299252
56 14433.921255874
57 14381.9002100667
58 14332.1491003616
59 14178.3016632635
60 14172.6176154386
61 14088.7195454404
62 14081.2336025592
63 14070.50901382
64 13993.9966563211
65 13964.7406673049
66 13866.0637659383
67 13853.3220275162
68 13714.9015178724
69 13687.4489409591
70 13681.8993918183
71 13674.9994190979
72 13552.1380137365
73 13515.3982120975
74 13423.4303610357
75 13192.023090707
76 13129.3900512942
77 13117.0412691545
78 13110.6976539048
79 13079.3902951413
80 12892.3175445512
81 12873.6779565774
82 12584.5449692537
83 12547.0927830793
84 12481.901058473
85 12455.3629816603
