iter objective
1 116358.730393531
2 93800.3684469815
3 68945.7799257442
4 63233.5914419115
5 59952.4768623257
6 57172.0028010132
7 56556.7000039531
8 53630.7006931849
9 53486.6578122542
10 50314.9019818986
11 46992.5537540646
12 45878.8280251418
13 44912.166545253
14 44481.1097419198
15 43405.4705085928
16 42447.0653692558
17 41904.9111116534
18 40974.35965314
19 40586.1196585206
20 39673.1538032803
21 39333.361759095
22 38511.4295435547
23 38160.5756797714
24 37472.3059307443
25 37089.1392294408
26 36543.2124655748
27 36133.064051711
28 36069.7086387356
29 35333.5206102467
30 35188.6128790058
31 34592.6593082963
32 34375.941764611
33 33916.9272802651
34 33639.1993871032
35 33621.9110175113
36 32957.600940339
37 32686.8212067447
38 32543.450005396
39 32131.4358757016
40 31887.5344914078
41 31756.7054205644
42 31378.40979707
43 31082.9289573627
44 30719.0329311059
45 30436.6150445664
46 30434.274581455
47 29928.9675413701
48 29752.3680256701
49 29625.8822966032
50 29559.1267325455
51 29206.2513821642
52 29052.7765063404
53 28746.9276322389
54 28556.2947789649
55 28530.9392584306
