iter objective
1 69196.4212143444
2 51411.3832577988
3 49213.8990630015
4 44782.8032224687
5 43575.952145578
6 41478.239763032
7 40901.9557669989
8 39755.7141331367
9 39158.3887951418
10 38499.5666344657
11 38239.4682963701
12 37244.5752565969
13 37050.246994126
14 36293.0817584451
15 35958.7376267715
16 35655.1151332346
17 35559.1213435354
18 35478.7877744674
19 34872.3247943278
20 34454.4035935608
21 34422.2006606395
22 33814.1585688464
23 33212.429055868
24 32976.9499084111
25 32921.2045603245
26 32784.9428252161
27 32415.8152925819
28 32247.6776844423
29 31829.0296401586
30 31723.4576268291
31 31428.8172273673
32 31376.6903957662
33 31332.5802105741
34 31254.8371144117
35 30797.337672676
36 30598.570112185
37 30418.740272297
38 30335.0772611679
39 30169.2934286841
40 30141.0009129214
41 30029.5294513223
42 29856.2312569671
43 29730.3845136444
44 29526.5999769292
45 29386.1484141771
46 29326.6001854434
47 29306.0539611131
48 29283.397025215
49 29256.1194747278
50 29179.1390733533
51 28984.9424596831
52 28910.5324309208
53 28885.3812989726
54 28773.8661555378
55 28707.7056289842
56 28682.8711504629
57 28591.6900723956
58 28558.1950603235
59 28457.9972039623
60 28430.6959266301
61 28372.1618543431
62 28299.4892571529
63 28298.5272261782
64 28251.7176069632
65 28244.9044711578
66 28212.9753978651
67 28153.7164309204
68 28148.8326503388
69 28091.5343749645
70 28090.9599368449
71 28061.9469102319
72 28056.5579292584
73 28048.8938263858
74 28001.2540885145
75 27969.1094412091
76 27944.8514772711
77 27941.828861444
78 27917.6378845513
79 27889.1231193053
80 27880.9066770836
81 27869.8156018056
82 27832.5380702792
83 27812.388875828
84 27791.681247993
85 27777.0081680921
86 27763.8322125655
87 27743.5264853693
88 27738.1618093794
89 27725.3640467581
90 27708.2962529829
91 27704.0912851038
92 27696.1685210426
93 27677.6457569959
94 27669.5698630553
95 27660.0158393602
96 27636.5851318364
97 27636.5851318364
98 27629.4950811265
99 27620.1409982948
100 27615.8465639515
101 27611.3500357722
102 27609.1801436663
103 27597.8465998326
104 27595.7388530546
105 27585.7273825048
106 27579.1703221129
107 27573.4460855762
108 27570.4676881885
109 27565.7575797575
110 27562.9740091709
111 27555.4874028752
112 27554.372867147
113 27549.1978149408
114 27544.8959639038
115 27538.9951491045
116 27536.881930752
117 27532.6756424099
118 27532.6300200032
119 27528.7820208915
120 27527.330624094
121 27523.5981095987
122 27522.6499695023
123 27521.0737202042
124 27520.3771352512
125 27516.7858198805
126 27511.7333735819
127 27511.7333735817
128 27511.7333735816
129 27510.2285696714
130 27507.1609317479
131 27504.3829575238
132 27503.2614811234
133 27501.4922255035
134 27498.6137729091
135 27494.6809186074
136 27492.2977403444
137 27491.0944115738
138 27489.0476306447
139 27488.1743505018
140 27485.9907633817
141 27485.195403285
142 27484.7703337635
143 27484.1447231678
144 27481.9461656441
145 27481.4010617937
146 27480.9551224277
147 27480.6985530628
148 27480.6985530622
149 27480.698553062
150 27477.8933170077
151 27476.2348738727
152 27476.1702525679
153 27474.8445680464
154 27473.2247254546
155 27472.7693477589
156 27472.2603049361
157 27471.6886949876
158 27471.1685037957
159 27469.4024417611
160 27469.2457845868
161 27468.5405799822
162 27468.2981375386
163 27467.7090982945
164 27467.2820006343
165 27466.5021705226
166 27466.0910947076
167 27465.1184582613
168 27464.903338997
169 27464.469308044
170 27464.2698007193
171 27463.8635061183
172 27463.6932659925
173 27462.9446893797
174 27462.5738894509
175 27461.9460317746
176 27461.6796181588
177 27461.3430813773
178 27461.0340245563
179 27460.8256255201
180 27460.4789768259
181 27460.4098207317
182 27460.1344354591
183 27459.9179044722
184 27459.7761029691
185 27459.4527298534
186 27459.4527298525
187 27459.2895493837
188 27459.2275750731
189 27458.756261322
190 27458.5336856158
191 27458.2711936999
192 27457.973011704
193 27457.8495160983
194 27457.6618525315
195 27457.2108495096
196 27456.8311325689
197 27456.6400961009
198 27456.5733208117
199 27456.5014262879
200 27456.3037655437
201 27455.9879662675
202 27455.9879662673
203 27455.8664734033
204 27455.783913035
205 27455.665165936
206 27455.5956403937
207 27455.4805731015
208 27455.2584639855
209 27455.0583403377
210 27455.0115271509
211 27454.8374334047
212 27454.8026468656
213 27454.6620254219
214 27454.6147479083
215 27454.5848718673
216 27454.544523911
217 27454.3165997536
218 27454.1382285393
219 27454.087073718
220 27453.8944488751
221 27453.8320710208
222 27453.7428508306
223 27453.7052373093
224 27453.6717826066
225 27453.6245790168
226 27453.5921156171
227 27453.5496347284
228 27453.4117858003
229 27453.3692033088
230 27453.3010185399
231 27453.2802362864
232 27453.1992072473
233 27453.1748482249
234 27453.0303151809
235 27453.0085549536
236 27452.9497364844
237 27452.9302665446
238 27452.8948234544
239 27452.8616030103
240 27452.8249841592
241 27452.7748243088
242 27452.7174289326
243 27452.6682322684
244 27452.6422558229
245 27452.6283858032
246 27452.6078521385
247 27452.5788346794
248 27452.5788346794
249 27452.5534286377
250 27452.5278495408
251 27452.4914846024
252 27452.4800458989
253 27452.4578714576
254 27452.4387096468
255 27452.4387096455
256 27452.4117811588
257 27452.4005287334
258 27452.3936205273
259 27452.3600482475
260 27452.3580919507
261 27452.3285816869
262 27452.3202283464
263 27452.3099610349
264 27452.2994191676
265 27452.258004396
266 27452.2258996552
267 27452.1868578454
268 27452.1428448053
269 27452.1312290357
270 27452.1208071096
271 27452.1106990351
272 27452.0979627586
273 27452.0861309907
274 27452.0841105299
275 27452.0627016782
276 27452.0527794997
277 27452.031209669
278 27452.0256554443
279 27452.0213266522
280 27452.0110171452
281 27452.000837028
282 27451.9793309065
283 27451.9764871047
284 27451.9679752572
285 27451.9589064986
286 27451.9530935832
287 27451.9461624926
288 27451.9399021141
289 27451.9249802918
290 27451.9187436351
291 27451.912398432
292 27451.9024872304
293 27451.898996786
294 27451.8915678077
295 27451.8883879299
296 27451.8752443052
297 27451.8719469153
298 27451.8625696885
299 27451.8595684825
300 27451.8538749647
301 27451.8482994203
302 27451.8448729422
303 27451.8396542889
304 27451.83218044
305 27451.8291244463
306 27451.8250702271
307 27451.8203876794
308 27451.8171707271
309 27451.8125082255
310 27451.8060473106
311 27451.8058605853
312 27451.8021802998
313 27451.7921138231
314 27451.7884917934
315 27451.7859220161
316 27451.783326284
317 27451.7782558087
318 27451.7769604161
319 27451.7755357102
320 27451.7677083029
321 27451.7645870045
322 27451.7617362039
323 27451.7576285927
324 27451.756633198
325 27451.7533840663
326 27451.7527233962
327 27451.7491048083
328 27451.7456525076
329 27451.7429675362
330 27451.7407161644
331 27451.7381243508
332 27451.7380390959
333 27451.7285358773
334 27451.7268906674
335 27451.724721814
336 27451.7224938928
337 27451.7202278734
338 27451.719028304
339 27451.7165660969
340 27451.7141074431
341 27451.7087662712
342 27451.7072451629
343 27451.7054359573
344 27451.7020139271
345 27451.701435571
346 27451.6992748989
347 27451.6962568427
348 27451.6940710953
349 27451.6884616162
350 27451.683918017
351 27451.6825131491
352 27451.6805030018
353 27451.6786236832
354 27451.675428854
355 27451.6740351467
356 27451.671399963
357 27451.6685276597
358 27451.6665743208
359 27451.6651713044
360 27451.6648726673
361 27451.6631523953
362 27451.6617362271
363 27451.6593704154
364 27451.6583321653
365 27451.6570840676
366 27451.6553369998
367 27451.6536281692
368 27451.6522180686
369 27451.6505698518
370 27451.6504025584
371 27451.6479409461
372 27451.6468267309
373 27451.6459568021
374 27451.6449463287
375 27451.6439058579
376 27451.6426723898
377 27451.6418544654
378 27451.6413301747
379 27451.639413948
380 27451.6385186757
381 27451.6376633184
382 27451.637257797
383 27451.6354042813
384 27451.6353207255
385 27451.6336306055
386 27451.6328895607
387 27451.6327046538
388 27451.6320972036
389 27451.6308760134
390 27451.6297879464
391 27451.62938276
392 27451.6276234753
393 27451.6273703812
394 27451.6260862427
395 27451.6255213156
396 27451.6247375306
397 27451.6241236375
398 27451.6229541661
399 27451.6228398069
400 27451.6217781394
401 27451.6212344791
402 27451.6203770298
403 27451.6199889437
404 27451.6196163022
405 27451.6185425412
406 27451.6177384949
407 27451.6171071587
408 27451.6164640084
409 27451.6161766169
410 27451.6151809705
411 27451.6149732303
412 27451.6143036449
413 27451.6141200792
414 27451.6132845653
415 27451.6127492177
416 27451.6107348072
417 27451.6101792036
418 27451.6093842734
419 27451.6091311062
420 27451.6083094527
421 27451.6077893414
422 27451.607116155
423 27451.6070166465
424 27451.6063264753
425 27451.6060435226
426 27451.6058717883
427 27451.6052886886
428 27451.6047793651
429 27451.6038178613
430 27451.602717821
431 27451.6024132321
432 27451.601634957
433 27451.6013693276
434 27451.6005226516
435 27451.5996476119
436 27451.5990322576
437 27451.5989362638
438 27451.5982235041
439 27451.5980350491
440 27451.597658904
441 27451.5973516584
442 27451.5972917298
443 27451.597007419
444 27451.596170088
445 27451.595676235
446 27451.595316412
447 27451.5945051942
448 27451.5942322841
449 27451.5939104992
450 27451.5927196657
451 27451.5922492745
452 27451.5921114244
453 27451.5915813452
454 27451.5912316045
455 27451.5903219648
456 27451.5895673635
457 27451.5889876805
458 27451.588657737
459 27451.5883061043
460 27451.5879769115
461 27451.5879223992
462 27451.5875529081
463 27451.5871975505
464 27451.5871201546
465 27451.5866586403
466 27451.5864414012
467 27451.5860255064
468 27451.5858674612
469 27451.5856353027
470 27451.5852223674
471 27451.5850254069
472 27451.584954252
473 27451.5843915745
474 27451.5842203563
475 27451.5841365508
476 27451.5837665491
477 27451.5836070615
478 27451.5831978045
479 27451.5829457132
480 27451.5824289126
481 27451.5820733889
482 27451.5817655646
483 27451.5814833746
484 27451.5811942632
485 27451.5811041511
486 27451.5808370793
487 27451.5806933375
488 27451.5804949221
489 27451.5804614426
490 27451.5803081361
491 27451.5801775323
492 27451.580160122
493 27451.5798188364
494 27451.5796619208
495 27451.5796015758
496 27451.5794369777
497 27451.5793114398
498 27451.5791730593
499 27451.5790972616
500 27451.5789560193
501 27451.5788420721
502 27451.5787571534
503 27451.5786146281
504 27451.5784558724
505 27451.5784030089
506 27451.5782405518
507 27451.5781758923
508 27451.5779942542
509 27451.5778273182
510 27451.5777208838
511 27451.5776252582
512 27451.5775118812
513 27451.5773830012
514 27451.5773503987
515 27451.5772608083
516 27451.5770115262
517 27451.5769860805
518 27451.5767784757
519 27451.5766075006
520 27451.5764720692
521 27451.5764152344
522 27451.5760883577
523 27451.5760125296
524 27451.575983625
525 27451.5758828076
526 27451.5758689439
527 27451.5757278169
528 27451.5756549682
529 27451.575538979
530 27451.5754692798
531 27451.5753341481
532 27451.57522107
533 27451.5751575236
534 27451.5749996606
535 27451.5749643666
536 27451.5748893091
537 27451.5748492795
538 27451.5747874181
539 27451.57472158
540 27451.574714725
541 27451.5745551319
542 27451.5744114628
543 27451.5742978187
544 27451.5742726793
545 27451.5739372631
546 27451.5738309526
547 27451.573610475
548 27451.5735379837
549 27451.5734463754
550 27451.573409843
551 27451.5733217368
552 27451.5732556774
553 27451.5732363488
554 27451.5731458005
555 27451.5731135363
556 27451.5730193541
557 27451.572995777
558 27451.5728934002
559 27451.5728579639
560 27451.5726743525
561 27451.5726202401
562 27451.5725513028
563 27451.5725004924
564 27451.5724532891
565 27451.5724115095
566 27451.5723804387
567 27451.5723645496
568 27451.5722571954
569 27451.5722054271
570 27451.5721881964
571 27451.5721219065
572 27451.5720969736
573 27451.5720300562
574 27451.5719991545
575 27451.5719454611
576 27451.5719373722
577 27451.571892712
578 27451.5718828484
579 27451.571776799
580 27451.5717157109
581 27451.571680168
582 27451.5716097038
583 27451.5715883106
584 27451.5715692096
585 27451.571457615
586 27451.5713719831
587 27451.5713248405
588 27451.571275201
589 27451.5712561104
590 27451.5711773783
591 27451.5711710222
592 27451.5710508996
593 27451.571008818
594 27451.5709615085
595 27451.5709178933
596 27451.5708941613
597 27451.5708504078
598 27451.5708163162
599 27451.5708007612
600 27451.570755149
601 27451.5707391643
602 27451.5706901561
603 27451.5706648394
604 27451.5706532289
605 27451.5706250558
606 27451.5705915938
607 27451.5705253382
608 27451.5705090507
609 27451.570470412
610 27451.5704349402
611 27451.5704180249
612 27451.5704011987
613 27451.5702999779
614 27451.5702700531
615 27451.5702304296
616 27451.5702134885
617 27451.5701741829
618 27451.5701575089
619 27451.5701158079
620 27451.5700896409
621 27451.5700531453
622 27451.570041339
623 27451.5700095586
624 27451.5699979605
625 27451.569978838
626 27451.5699386985
627 27451.5699205416
628 27451.5699134204
629 27451.5698841179
630 27451.5698581277
631 27451.569826657
632 27451.5697876603
633 27451.5697656719
634 27451.5697227144
635 27451.569697414
636 27451.5696795131
637 27451.5696636582
638 27451.5696198319
639 27451.5695527679
640 27451.5694896432
641 27451.5694670826
642 27451.5694393999
643 27451.5694269038
644 27451.5693915411
645 27451.5693762882
646 27451.5693557802
647 27451.5693552453
648 27451.5693212653
649 27451.5693010277
650 27451.5692765118
651 27451.5692641593
652 27451.5692382027
653 27451.5692280887
654 27451.5691962617
655 27451.5691734238
656 27451.5691397483
657 27451.5691230169
658 27451.569102218
659 27451.569082613
660 27451.5690754027
661 27451.5690541887
662 27451.5690481027
663 27451.5690174587
664 27451.5689976643
665 27451.5689831838
666 27451.5689795547
667 27451.5689550035
668 27451.5689033653
669 27451.5688898113
670 27451.5688833281
671 27451.5688591368
672 27451.5688344264
673 27451.5688253214
674 27451.5688004004
675 27451.5687665638
676 27451.5687614027
677 27451.5687390502
678 27451.5687210075
679 27451.5687063931
680 27451.5686913996
681 27451.5686751062
682 27451.5686541895
683 27451.5686421984
684 27451.5686407189
685 27451.5686094327
686 27451.5685997919
687 27451.5685956122
688 27451.5685886001
689 27451.5685699794
690 27451.5685484224
691 27451.5685248756
692 27451.5685070879
693 27451.5684988377
694 27451.5684891911
695 27451.5684751028
696 27451.5684536249
697 27451.5684405502
698 27451.568435961
699 27451.5684239868
700 27451.5684110493
701 27451.5684044531
702 27451.5683989549
703 27451.5683758629
704 27451.5683630757
705 27451.5683395149
706 27451.5683326824
707 27451.5683282289
708 27451.5683164258
709 27451.5683094245
710 27451.5682967259
711 27451.5682914827
712 27451.5682786733
713 27451.5682706752
714 27451.5682623563
715 27451.5682604574
716 27451.5682324787
717 27451.5682234814
718 27451.5682048595
719 27451.568194384
720 27451.5681806884
721 27451.5681781923
722 27451.5681689874
723 27451.5681662334
724 27451.5681575254
725 27451.5681558288
726 27451.568147892
727 27451.5681411963
728 27451.568137662
729 27451.5681327313
730 27451.568109526
731 27451.5680941745
732 27451.5680022631
733 27451.5679958639
734 27451.5679814038
735 27451.5679695422
736 27451.5679623183
737 27451.567956032
738 27451.5679541657
739 27451.5679433913
740 27451.5679295226
741 27451.5679231981
742 27451.567916298
743 27451.5679033074
744 27451.567887905
745 27451.567870494
746 27451.5678644065
747 27451.5678473368
748 27451.5678414011
749 27451.5678317079
750 27451.5678271842
751 27451.5678199458
752 27451.5678172575
753 27451.5678104861
754 27451.5678084963
755 27451.5677976817
756 27451.567787764
757 27451.5677687104
758 27451.5677593238
759 27451.5677492826
760 27451.5677382854
761 27451.5677311386
762 27451.5677191037
763 27451.5677174204
764 27451.5677077833
765 27451.5677030765
766 27451.5676970178
767 27451.5676905389
768 27451.567687575
769 27451.5676858149
770 27451.5676740464
771 27451.5676642874
772 27451.5676601207
773 27451.5676539227
774 27451.5676504287
775 27451.567643281
776 27451.5676418439
777 27451.5676364787
778 27451.5676327514
779 27451.5676264314
780 27451.5676255245
781 27451.5676217135
782 27451.5676145188
783 27451.5676093883
784 27451.5676054592
785 27451.5676005887
786 27451.5675972782
787 27451.5675961514
788 27451.5675884768
789 27451.5675862974
790 27451.5675817925
791 27451.5675792771
792 27451.5675721155
793 27451.5675684511
794 27451.5675614108
795 27451.5675600954
796 27451.5675557897
797 27451.5675524396
798 27451.5675487865
799 27451.5675414048
800 27451.5675385773
801 27451.567535324
802 27451.5675323801
803 27451.5675298143
804 27451.5675268946
805 27451.5675219451
806 27451.5675135051
807 27451.5675032078
808 27451.5674976252
809 27451.5674938146
810 27451.5674909562
811 27451.567487228
812 27451.5674849411
813 27451.5674816945
814 27451.5674791149
815 27451.5674778489
816 27451.5674768089
817 27451.5674703929
818 27451.5674693358
819 27451.5674615573
820 27451.5674591098
821 27451.5674559808
822 27451.5674525152
823 27451.5674518645
824 27451.5674484218
825 27451.5674457286
826 27451.5674415095
827 27451.5674399466
828 27451.5674365582
829 27451.5674326602
830 27451.5674264454
831 27451.5674231202
832 27451.567422541
833 27451.5674218671
834 27451.5674139919
835 27451.5674097547
836 27451.567407818
837 27451.5674061872
838 27451.5674037511
839 27451.5674025762
840 27451.5673984226
841 27451.5673953647
842 27451.5673916061
843 27451.5673874441
844 27451.567386746
845 27451.5673824874
846 27451.5673786561
847 27451.5673759484
848 27451.5673705027
849 27451.5673648279
850 27451.567362514
851 27451.5673607826
852 27451.5673605545
853 27451.5673562198
854 27451.5673551399
855 27451.5673530033
856 27451.5673499425
857 27451.5673444449
858 27451.5673398814
859 27451.5673330567
860 27451.5673315033
861 27451.5673279658
862 27451.5673272165
863 27451.5673253959
864 27451.5673224984
865 27451.5673211353
866 27451.5673196449
867 27451.5673186933
868 27451.5673148935
869 27451.5673132827
870 27451.5673126297
871 27451.5673114214
872 27451.5673080384
873 27451.5673046167
874 27451.5673011932
875 27451.5672996189
876 27451.5672985464
877 27451.5672954414
878 27451.5672948804
879 27451.5672939423
880 27451.5672905034
881 27451.5672880463
882 27451.5672868453
883 27451.5672850967
884 27451.5672850495
885 27451.5672832951
886 27451.5672773099
887 27451.5672751989
888 27451.5672746787
889 27451.5672728179
890 27451.5672718979
891 27451.5672696091
892 27451.5672690002
893 27451.567267265
894 27451.5672661221
895 27451.5672654948
896 27451.5672628646
897 27451.5672618709
898 27451.5672593097
899 27451.5672576699
900 27451.5672571698
901 27451.5672555099
902 27451.5672539465
903 27451.567253605
904 27451.5672527381
905 27451.5672502272
906 27451.5672488395
907 27451.567248728
908 27451.5672472284
909 27451.5672453309
910 27451.5672441463
911 27451.5672425539
912 27451.5672405209
913 27451.5672399719
914 27451.567238391
915 27451.5672368918
916 27451.5672365031
917 27451.5672332783
918 27451.5672319003
919 27451.567231888
920 27451.5672294771
921 27451.5672277006
922 27451.5672266915
923 27451.5672264295
924 27451.5672205821
925 27451.5672183387
926 27451.5672157576
927 27451.5672144834
928 27451.5672139576
929 27451.5672124701
930 27451.5672110171
931 27451.5672099749
932 27451.5672079663
933 27451.5672078899
934 27451.5672055382
935 27451.567204706
936 27451.5672035099
937 27451.5672024088
938 27451.5672013642
939 27451.567199515
940 27451.5671991427
941 27451.567197904
942 27451.5671968223
943 27451.5671965479
944 27451.5671952836
945 27451.567194926
946 27451.5671935726
947 27451.5671924715
948 27451.5671911723
949 27451.5671902971
950 27451.5671899477
951 27451.5671878865
952 27451.5671860324
953 27451.567185157
954 27451.5671837941
955 27451.5671834431
956 27451.5671822019
957 27451.5671810516
958 27451.5671806462
959 27451.5671796731
960 27451.5671783424
961 27451.5671749422
962 27451.5671740873
963 27451.567171594
964 27451.5671707202
965 27451.5671705269
966 27451.5671698331
967 27451.5671691413
968 27451.5671688683
969 27451.5671683197
970 27451.5671680809
971 27451.5671672627
972 27451.5671669886
973 27451.5671661179
974 27451.5671655657
975 27451.56716477
976 27451.5671625727
977 27451.567161787
978 27451.5671611771
979 27451.5671605841
980 27451.5671604091
981 27451.5671599335
982 27451.5671595121
983 27451.5671587083
984 27451.5671581976
985 27451.5671579242
986 27451.5671573362
987 27451.5671571966
988 27451.5671558466
989 27451.5671548387
990 27451.5671534318
991 27451.5671518189
992 27451.5671510232
993 27451.5671509153
994 27451.5671503242
995 27451.5671499329
996 27451.5671496469
997 27451.5671495074
998 27451.5671483291
999 27451.5671479202
1000 27451.5671478291
