iter objective
1 57222.4457294913
2 46280.962260796
3 39773.0658290195
4 36015.6105348205
5 33631.0062556526
6 30335.4435980735
7 28726.0118024284
8 26245.4820776303
9 24195.5572700747
10 23464.6007444047
11 23040.166268243
12 21313.3844677427
13 20267.2196755195
14 19949.887943276
15 19012.644636429
16 18261.3048888545
17 18103.1257256883
18 18036.5038559419
19 17900.7875721765
20 17500.2615869371
21 17014.7270793883
22 16597.9799142902
23 16144.5601853439
24 15893.5329169023
25 15840.7733980844
26 15649.1658837629
27 15234.652827637
28 14769.673460621
29 14566.6789332402
30 14418.6321340739
31 14007.2540390728
32 13981.2417193297
33 13952.187669614
34 13841.1568303748
35 13617.3316271299
36 13424.229476716
37 13288.3775319113
38 13047.4102720789
39 12958.5631303846
40 12936.5791964262
41 12893.7729029893
42 12632.8902191149
43 12526.4513873573
44 12464.3415981295
45 12328.4845288629
46 12259.7342349175
47 12232.5520849411
48 12223.2758790948
49 12180.4159420707
50 12046.3345117529
51 12020.2987552242
52 11965.2372911412
53 11953.119461796
54 11912.0743555369
55 11908.4394176786
56 11888.9463000135
57 11880.0284972048
58 11825.8908815448
59 11747.4525731282
60 11586.5602288043
61 11572.2349212024
62 11453.3968486297
63 11450.1963118218
64 11426.8878868328
65 11423.3927571327
66 11404.3129129824
67 11335.5138311161
68 11285.9458479979
69 11274.0324341936
70 11200.6194997341
71 11149.9639115858
72 11124.8866075121
73 11121.871004004
74 11116.4482495175
75 11074.1436396816
76 10980.694923922
77 10819.5107224827
78 10802.0280732747
79 10713.4840638189
80 10667.8684720485
81 10660.292489717
82 10655.7628794441
83 10643.7137245456
84 10636.5891091619
85 10625.4010333988
86 10611.9222064498
87 10600.4086492606
88 10597.5051716358
89 10594.9501894428
90 10574.9251235263
91 10574.2096207614
92 10574.0912400701
93 10556.8351521988
94 10538.776012902
95 10528.672414897
96 10525.3108697184
97 10520.3169034245
98 10512.9451126416
99 10503.4409807479
100 10479.7334842313
101 10433.6916880652
102 10417.0853606809
103 10412.7942430014
104 10389.5884164935
105 10374.858485317
106 10373.7296185729
107 10367.2212513301
108 10363.4039895175
109 10297.2649778277
110 10229.0959271239
111 10204.6273617357
112 10178.1013775676
113 10174.9993395005
114 10173.6515663595
115 10160.5255375935
116 10118.1283751842
117 10114.0870058325
118 10099.6004616437
119 10078.9473425526
120 10073.1725859985
121 10067.9176294931
122 10067.0314988109
123 10061.0865216327
124 10039.4646760058
125 10029.5971734588
126 10024.1759300614
127 10007.2577631841
128 9999.28394915616
129 9997.86695586181
130 9995.90755133853
131 9991.24922073095
132 9970.94034896126
133 9962.97177630377
134 9956.26318048938
135 9954.58208838497
136 9952.3759931667
137 9950.87645483731
138 9949.33418285395
139 9929.67051845165
140 9920.02860129625
141 9904.12416630627
142 9894.16461416064
143 9890.64513214676
144 9876.46079611317
145 9874.96715319739
146 9872.59154260426
147 9863.96253818397
148 9856.27264068392
149 9849.48515207861
150 9833.85212807428
151 9832.72925926093
152 9828.5485282201
153 9826.54807240477
154 9825.73245624852
155 9821.81875995648
156 9688.10704518269
157 9681.59452487743
158 9630.13173235428
159 9601.2990084313
160 9581.52724552555
161 9580.13879511789
162 9578.63586566743
163 9574.99055356517
164 9567.25474898083
165 9565.15592911232
166 9561.30184437222
167 9556.09515515911
168 9554.75676167729
169 9551.92396505929
170 9550.54163640628
171 9548.01191977687
172 9547.72910717501
173 9540.54325132233
174 9540.52607903756
175 9537.01069021929
176 9536.00798867457
177 9531.21092534306
178 9518.57762195155
179 9507.71542226208
180 9504.62119320548
181 9477.90224820039
182 9475.7637828056
183 9474.20514835693
184 9473.32947697469
185 9472.15030225848
186 9467.33172774697
187 9457.54506485729
188 9444.84131268756
189 9425.65029885214
190 9411.66015490795
191 9401.44487707709
192 9397.28918524979
193 9395.93543678844
194 9395.47076757388
195 9391.84779398461
196 9375.55341077517
197 9372.29359356889
198 9362.07617093344
199 9355.75634249134
200 9348.30373810629
201 9345.16161962408
202 9344.31287816014
203 9342.64710373796
204 9321.64893943609
205 9321.64715142019
206 9314.93345780841
207 9312.96635461356
208 9308.02164999289
209 9306.99709023422
210 9301.63114625375
211 9297.18683433993
212 9284.01048090674
213 9283.71357066383
214 9247.44922859357
215 9241.46386460072
216 9236.48909189022
217 9231.32405566016
218 9227.24718100459
219 9225.65161554982
220 9225.03910993889
221 9209.68874553072
222 9182.60770661166
223 9173.02734022402
224 9157.41310265126
225 9152.12358544653
226 9141.94060505319
227 9141.17131510683
228 9140.27218560676
229 9138.68294441913
230 9133.79799278115
231 9132.77229029261
232 9128.79307473434
233 9124.77346941637
234 9123.21899663305
235 9122.50845319461
236 9121.90260256704
237 9119.83403969519
238 9116.36498190356
239 9091.26393202578
240 9091.13497029627
241 9082.72109597431
242 9075.71187447146
243 9073.8176399017
244 9073.28365399469
245 9072.48753756612
246 9064.99343243145
247 9060.08568994286
248 9057.2300148584
249 9050.41802743124
250 9046.01252159461
251 9045.52843396636
252 9044.19782975996
253 9043.67795625162
254 9042.61428083987
255 9039.59651078384
256 9036.51016669332
257 9033.20798744352
258 9032.35375190938
259 9028.85352550212
260 9028.28039721145
261 9027.79278771878
262 9027.39147948587
263 9017.13451988572
264 9010.88622000811
265 9009.6414315221
266 9000.06699870812
267 8985.37275706968
268 8977.70957023709
269 8976.52885298252
270 8975.88049023175
271 8974.96151858821
272 8970.18164022196
273 8967.89219477668
274 8963.21965611614
275 8959.31842363374
276 8958.68427594269
277 8958.07194220375
278 8957.33532889761
279 8954.89827176217
280 8954.34744206305
281 8951.06168034736
282 8949.61804500412
283 8948.8086936644
284 8948.64022823732
285 8944.76246044228
286 8942.72309226617
287 8942.29928864678
288 8941.5753617156
289 8940.68955986177
290 8937.88310253509
291 8937.87303560444
292 8935.75683827185
293 8935.09027417966
294 8933.90922088461
295 8933.460619881
