time objective
447.681333 15447.8011522015
777.721131 14324.7466812185
1136.632971 13567.0853115409
1400.162564 13015.3380456165
1610.873433 12580.9633698378
1790.842607 12255.1231393765
1949.356615 12003.6339286151
2091.792688 11793.0999925023
2221.775837 11628.9744566197
2342.887675 11483.6450994815
2532.863761 11366.4780641018
2675.678258 11259.0901679267
2801.388444 11157.4297478072
2918.098853 11073.267243621
3027.536815 10987.1438001876
3130.178513 10919.2734443762
3227.145136 10860.4562898145
3318.959712 10803.7420921312
3408.793103 10752.1521332366
3495.021808 10704.077809404
3578.570615 10660.2267621028
3659.564856 10621.6009663625
3738.482209 10580.3523570796
3814.943104 10549.1266076182
3889.38154 10510.6431062887
3962.275193 10482.8181797555
4033.109786 10457.0979570143
4102.472737 10431.9958552403
4170.709102 10408.5266349871
4237.513889 10384.8532781694
4304.261406 10362.5335621657
4369.245824 10341.3895804073
4432.926705 10320.7964129806
4495.922642 10303.0614611235
4557.810042 10284.7965452798
4618.642075 10269.8352026438
4678.982177 10254.863057995
4738.603832 10241.5519309292
4798.118284 10230.6378666435
4856.650163 10216.4201986013
4914.368425 10205.3309590074
4971.442107 10192.9170691292
5027.548073 10180.4525780366
5083.519354 10169.3291424233
5138.714279 10159.4184912922
5193.148857 10149.7166698588
5247.19548 10140.4741692913
5301.346449 10131.5628333585
5355.134895 10123.4405114339
5407.659606 10114.9519471193
5460.544506 10106.7071522709
5513.194237 10098.8036034625
5620.904015 10091.346341903
5693.488821 10083.2179205066
5760.544648 10076.1839165238
5826.31663 10068.7415652286
5890.091668 10062.8420335306
5952.236423 10056.9932768165
6013.437573 10051.9936109268
6073.363138 10046.1735047921
6132.806035 10040.8571402693
6191.353459 10035.7744899601
6249.173991 10030.4235593859
6306.356941 10025.5197109027
6363.187475 10021.5312115913
6419.827558 10017.3312302711
6475.792507 10013.4301862265
6531.310791 10008.3852996241
6586.514981 10003.9973106372
6640.941789 9999.86906970672
6695.594016 9995.85747917618
6750.389335 9992.01338652258
6805.965468 9988.62456680381
6859.669415 9985.2152695803
6913.679627 9981.80964162123
6967.118614 9978.62296471593
7019.907111 9975.07067235637
7072.942999 9971.36405863019
7125.916567 9967.68752289696
7178.32886 9964.17625955852
7229.856918 9960.86352321794
7281.509875 9957.95584912092
7332.887712 9954.60423484534
7385.077033 9951.41062895005
