time objective
67.326688 38673.3462287187
101.426422 21929.9637852448
133.846182 19586.5271092513
166.911081 17900.0904276048
200.200019 17180.1158431424
234.182345 16926.3003632786
267.685555 16679.4809544683
300.090365 16614.0705889052
333.050111 16427.8174569396
366.398024 16329.6035176116
400.405096 16185.0226591708
434.039087 16110.9359690616
466.360425 16065.6999333332
499.286432 15925.0267259275
568.077875 15876.2224812254
636.495186 15799.0950784229
703.626022 15751.5142098267
772.604205 15703.5061664493
841.662945 15644.5930522305
908.842082 15585.5711465326
977.315435 15519.2112048417
1046.238106 15447.7276717459
1116.107301 15370.5466389417
1183.327581 15298.8887216287
1251.401961 15219.6697058977
1320.818458 15134.5080972064
1388.81347 15047.5202669925
1456.343788 14968.4427450077
1525.232304 14870.3267841745
1594.21085 14784.3007750098
1662.184007 14684.056015897
1729.594737 14590.6637004105
1798.807161 14488.2316618431
1867.569379 14374.7686824705
1934.342154 14279.6694584693
2002.963594 14152.3473440008
2071.831222 14065.4751546782
2139.460228 13918.4989757586
2206.923863 13839.4083180316
2275.581581 13678.6680789696
2344.385935 13602.369656443
2411.388656 13502.8952215692
2480.171708 13439.9458791084
2549.426515 13307.3515143955
2616.45754 13256.9415920551
2684.77159 13141.6159618202
2753.602511 13093.4565087255
2821.076022 12992.4997527624
2888.461103 12949.77045581
2957.151956 12858.3721316044
3025.507622 12819.9479620401
3092.606494 12733.3221970539
3161.533105 12700.1268568104
3230.633195 12613.6780111774
3297.852732 12574.6163648565
3366.867434 12485.8519460417
3435.741654 12446.9313608161
3502.694325 12349.1001538259
3571.365281 12309.1238580809
3639.906425 12213.6606540607
3707.457704 12162.0588819717
3776.152803 12114.8852519364
3844.672183 12067.0175483626
3912.029618 12013.9435119594
3980.464102 11963.4979729437
4049.266793 11923.0520350397
4116.316451 11870.8198621004
4184.791294 11841.9573878257
4253.252806 11800.6459475063
4320.085306 11766.3231070818
4388.866912 11732.4802532024
4456.845115 11694.5734482711
4523.722318 11665.3590927905
4592.648178 11628.9123537116
4660.365037 11594.5810132609
4727.479514 11556.4090456115
4796.101294 11517.4299780502
4863.404116 11476.4907457277
4933.327561 11440.5002642998
5052.976045 11406.1850003085
5128.901626 11368.5668406581
5204.24508 11342.8880578447
5280.075222 11307.13691043
5351.601115 11285.0150250509
5423.089877 11251.6121740518
5494.668836 11234.5922804752
5564.728453 11204.6604221621
5636.818447 11190.2738679454
5708.450942 11161.3457590963
5779.992048 11149.9166178564
5851.542168 11123.0259246115
5925.07176 11111.9617418303
5999.29615 11087.3242227025
6071.97017 11076.7350696772
6145.158617 11054.7928083398
6340.102126 11043.3512201932
6487.955466 11021.2960971179
6577.182332 11009.5408185605
6679.980571 10988.409752432
6775.70753 10976.8955221544
6876.157867 10953.8610506778
6970.745263 10941.9111446495
7060.137304 10921.3404702918
7157.043818 10906.9091203599
7254.505496 10888.8395834201
7356.434552 10878.7436562627
7453.068984 10861.6000076917
7553.173078 10851.0951841159
7645.445449 10833.9980037276
7733.262427 10825.3371230197
7830.242422 10810.007021414
7931.375187 10802.8726361264
