time objective
51.075795 26174.4560172351
79.198559 21880.0068313855
106.419393 19072.8656645656
133.308913 18038.9621527762
159.897411 17466.1092814105
186.193945 17225.5402011637
212.085035 16991.7497407107
237.472901 16783.7717071522
262.365918 16673.7299240903
286.750545 16488.1071499804
310.844266 16407.8161052277
333.461894 16378.9163903718
354.877289 16294.6639658963
375.724067 16151.3753979617
396.101124 16084.3854329285
414.375959 16019.2894447113
432.670382 16009.5252608963
451.558941 15946.1668420318
468.137784 15936.2990083517
485.444493 15887.1052607417
501.389469 15640.6094078174
515.789588 15557.3945511059
530.489329 15451.8508522117
544.24572 15343.4796198715
558.648926 15292.295280123
572.015083 15279.4557276557
586.501822 15257.3878805643
599.69866 15177.3281524949
612.689367 15143.9407468884
623.998775 15002.7097526914
635.741567 14940.7924704972
646.38958 14862.014297821
657.44562 14834.373796411
668.382756 14823.8598066718
677.99814 14803.5461969191
687.994082 14724.3457566038
697.24771 14485.0728541635
705.386612 14397.5340943932
714.096561 14329.9789225689
723.026227 14094.5054041273
730.87656 14025.8819910228
739.208263 14009.5808784747
747.350256 13996.8649649827
755.457263 13957.5593778885
762.429402 13825.959346548
769.678149 13747.233999467
776.353569 13652.4932272746
783.065719 13489.4428292357
789.261606 13418.3995403428
795.852444 13350.1937735157
802.486515 13336.1877995862
808.874298 13329.3800530952
814.881901 13304.5855827117
820.647102 13238.9584612256
826.675081 13166.8036813567
832.436276 13111.6615329615
838.143527 13028.3646721958
843.487537 13007.9061481193
848.809204 12994.4470203507
854.395346 12983.3650324374
859.886632 12976.8085093495
865.160288 12971.6819052888
870.256685 12828.7178908653
874.907564 12759.422236942
879.542643 12724.7396146828
884.486922 12719.1335895314
889.232685 12670.3547935259
893.855218 12564.8997268893
898.445342 12554.9870301245
902.81436 12547.4518896843
907.157969 12494.9296472713
911.663242 12432.4013251703
915.842677 12359.0421054245
919.891364 12292.0633376235
924.025752 12230.3242274896
928.005336 12172.582055902
931.883027 12163.4189400652
935.816332 12159.160408934
939.978657 12153.9291648428
943.925882 12122.5916875314
947.662133 12063.0674537049
951.342822 12034.0835694996
954.99654 12009.8924687626
958.480487 12003.779966479
961.908155 11998.2570275191
965.398445 11980.5036163207
969.105942 11978.4860468346
972.601065 11966.7797910287
975.97746 11906.5335185835
979.205096 11817.9052807298
982.422512 11790.2953088346
985.511006 11761.2159180576
988.541013 11718.137441655
991.543694 11712.3981976724
994.611991 11703.4572193549
997.819522 11676.6269254538
1000.72527 11655.1404408296
1003.696455 11616.9185554379
1006.606558 11609.2926066305
1009.481996 11562.3568511946
1012.301673 11557.839442116
1014.993247 11552.9001202268
1017.664985 11547.8769259524
1020.297031 11535.3213606248
1022.96887 11459.5655489079
1025.510285 11428.3461707474
1027.96407 11388.0674805892
1030.418853 11301.3476397998
1032.84689 11235.6343752653
1035.239003 11196.0922397869
1037.63817 11175.7241456696
1040.027498 11173.0295602649
1042.377825 11160.9204670616
1044.641069 11140.5090018823
1046.843805 11129.3238471245
1049.040027 11122.6943936664
1051.301159 11094.4936617737
1053.527081 11084.8934351634
1055.936817 11076.9645495982
1058.099872 11074.970765402
1083.364533 11068.0456462748
1086.901916 11064.9712935543
1090.211424 11064.1851586375
1093.366345 11049.9540709989
1096.434575 11044.2841658017
1099.511181 11040.4633166423
1102.546367 11039.5649682417
1105.439051 11035.3705322103
1108.187693 11013.1417116979
1110.811589 10991.6441767975
1113.356358 10975.7407614522
1116.05336 10941.0453523439
1118.523851 10927.9991562683
1120.959551 10920.2515920157
1123.382185 10917.484373595
1125.754441 10915.8176110633
1151.029606 10914.6370336338
1154.138268 10911.647553318
1157.065926 10909.0074138414
1159.768691 10904.1255447718
1162.385649 10900.6765347874
1164.956172 10896.3535567089
1167.442504 10892.4582685199
1169.821622 10888.52383126
