time objective
125.329516 26174.4560172351
237.88915 25839.9275823471
355.305631 22818.3229080067
468.448157 18480.4358039523
591.428718 17466.3862255139
701.482472 17363.1600854789
825.744334 17130.7188883084
938.772343 17085.408885593
1060.511244 16940.9894555127
1174.614962 16908.1035196364
1304.448927 16803.1027272262
1416.891105 16776.5801295269
1538.426644 16697.8369709973
1655.914403 16674.1383498444
1774.406521 16614.5134804722
1891.810596 16591.7237502433
2014.202522 16546.8125150566
2122.422077 16524.2795352525
2243.94627 16490.6225247294
2363.884447 16468.1752178289
2488.331875 16443.0867475645
2589.68782 16429.2793683321
2715.245535 16385.8930706729
2833.651008 16380.8718517088
2961.821448 16349.926091796
3072.182585 16340.3760788701
3204.012324 16317.9396253664
3313.071018 16305.4526123383
3436.935989 16289.0315817903
3534.441718 16278.5537427023
3653.172131 16251.6128676565
3765.79874 16246.303223688
3892.335047 16226.9556926875
4001.988085 16218.9566181291
4120.938349 16204.2865621802
4235.789333 16194.7271109377
4365.246319 16183.153537358
4461.178146 16179.2334623039
4591.018757 16155.8461471398
4703.825959 16145.3676278467
4804.228712 16136.5265926329
4906.667448 16135.2588243081
5018.744601 16118.4577775982
5119.494806 16115.406804842
5247.75311 16101.1710845273
5366.125288 16096.6540578351
5491.56021 16084.5208504603
5594.707213 16078.703367199
5722.461572 16068.4333059407
5832.253738 16061.5013647168
5943.694548 16052.8719140017
6044.645583 16049.4084927278
6171.070246 16031.5697460432
6276.559566 16030.1637366342
6390.32682 16016.5651770256
6496.319825 16013.1620310935
6613.169589 16002.1318750284
6715.201344 15997.1521402607
6827.206882 15988.1588316054
6929.189354 15981.9663893612
7042.398784 15974.6176529112
7131.606319 15969.4403572961
7243.078703 15955.4785225201
7374.705801 15952.4120890677
7490.526559 15942.2690532994
7593.658876 15937.5470130156
7709.280077 15929.5261458709
7811.821205 15923.5902744563
7914.694335 15923.0370525064
8030.186343 15910.7221959284
8132.708596 15907.3221087546
8247.934673 15898.445841735
8350.103808 15893.2862046847
8463.719597 15886.5895522602
8553.615157 15881.6393877297
8669.076356 15869.6561409516
8770.776384 15866.1410530633
8884.022284 15857.9817268127
8985.161019 15852.9092942291
9114.086909 15846.7702948504
9210.303033 15841.2292988898
9323.140944 15830.5658703778
9423.830485 15826.8104174486
9536.294447 15819.5187275935
9626.719823 15819.4795272151
9743.849197 15804.7875757577
9852.588349 15803.6441621381
9970.908187 15793.7599896732
10082.578472 15790.6264852191
10198.808958 15783.2193256003
10297.956348 15778.6750498469
10408.538204 15772.9737313176
10496.221488 15767.9414266152
10606.375312 15758.1451104841
10705.347602 15754.536378955
10815.436764 15747.9715699304
10902.794024 15746.5668561149
11012.123138 15734.100090526
11110.274826 15732.0434725429
11220.26836 15723.9308659508
11318.995013 15720.1966812427
11439.075779 15714.187532949
11527.418315 15711.4801160643
11637.328896 15700.5205039404
11736.403806 15697.8649790035
11847.30724 15690.7371086235
11945.935564 15686.6283051486
12054.879702 15681.3493476127
12141.921317 15676.3286007066
12251.907676 15667.6685673017
12350.388012 15663.9600089808
12459.78812 15658.3242807223
12546.675941 15654.6443346762
12655.182125 15645.0703645071
12753.098738 15641.8644910342
12861.512731 15635.7903239366
12948.429638 15634.0012952656
13057.154444 15623.0635092968
13154.076029 15620.6786287457
13261.708049 15613.836023287
13359.032937 15609.9880753206
13467.57414 15605.0072888969
13552.905373 15600.0158751971
13660.134809 15592.1184004327
13757.304445 15588.3926257006
13865.756887 15583.3537986941
13950.670394 15578.5160745866
14057.691583 15570.6608226507
14154.342882 15566.9651369815
14261.821337 15562.020419035
14346.348784 15557.067656445
14453.224604 15549.4698407446
14549.140174 15545.7441071936
14655.500428 15540.9726007479
14740.983308 15535.667072001
14847.143057 15528.5436386613
14943.131781 15524.6753480513
15039.030133 15524.2906589699
15144.654046 15515.7799221602
15240.494495 15512.7578815181
15346.325022 15507.4398622871
15430.158386 15504.2873159322
15536.891088 15495.5921802605
15630.423489 15492.3233094253
15736.87841 15487.3012388004
15820.082045 15482.9757850493
15925.603474 15475.4069915952
16020.195134 15471.7718201635
16114.89204 15471.0990817376
16219.63195 15463.0624057616
16314.137947 15459.8175603161
16407.27405 15459.3990323468
16512.833908 15451.024878231
16605.794125 15447.9850670133
16711.170284 15442.9772945621
16793.919983 15439.3456211553
16898.475839 15431.5111452737
16992.166392 15428.1729907447
17086.126948 15428.0244842014
17189.723478 15419.5789690367
17282.255434 15416.6719929837
17386.858212 15411.6958996234
17468.998282 15407.9641918182
17572.765074 15400.4685174939
17668.662087 15397.0242009903
17761.940718 15396.398603718
17865.322741 15388.7458799152
17958.048907 15385.6407692773
18051.201505 15384.8642227772
18154.010211 15377.2196441082
18246.018518 15374.0435266941
18342.601328 15373.8155218533
18444.987739 15365.7512366401
18537.04505 15362.9581030599
18639.789121 15358.1270417988
18721.772719 15354.6262060137
18823.884201 15347.2538456609
18915.388164 15343.9001457778
19007.906701 15342.9504466602
19109.511867 15335.8123251663
19199.910424 15332.52373275
19292.698383 15331.200660881
19396.005449 15324.5271455161
19488.71154 15321.1196267553
19580.065639 15319.5605859763
19682.181447 15313.2444682455
19773.52629 15309.7828759354
19864.413364 15307.9027539688
19966.527999 15302.0805220144
20047.071174 15301.1804808513
20148.381176 15291.9026951608
20239.089575 15289.4512705625
20340.078615 15284.4737096534
20420.718055 15281.4778276402
20521.463442 15274.091776507
20611.880144 15270.9370314311
20702.72563 15270.3233153769
20803.303036 15263.1412227943
20893.414257 15260.0900917076
20983.91163 15258.8617359709
21084.308555 15252.3692994419
21174.308146 15249.0688166988
21264.333684 15247.4832649157
21364.788722 15241.5534342847
21444.437294 15241.1714057704
21544.395455 15231.798238752
21634.43733 15229.4704728999
21734.51984 15224.6218157693
21813.919079 15221.5349750988
21913.385759 15214.6140666925
22002.462775 15211.480187145
22091.585506 15210.7541630831
22190.651307 15204.0624848223
22279.791742 15201.0686333731
22368.349954 15199.470560696
22467.229671 15193.6308761715
22546.01524 15192.5879043115
22644.689338 15184.0320479848
22733.051401 15181.5548061231
22831.562634 15177.0770887158
22909.912648 15173.3953617976
23008.233818 15167.232688681
23086.595354 15166.0801891595
23184.888255 15157.7135960444
23273.545195 15155.3038826415
23371.9343 15150.8276267893
23450.126605 15147.3324042608
23548.779767 15141.1274896774
23627.204183 15140.203054975
23725.830298 15131.7789112338
23814.664722 15129.4820487425
23913.240879 15124.9687046802
23991.946135 15121.7726440719
24090.635992 15115.4427256373
24169.189275 15114.9271503569
24267.818797 15106.2558074784
24356.158159 15104.1113908943
24454.987326 15099.4931590276
24533.760118 15096.7126400979
24632.476596 15090.1471058531
24720.892205 15087.2885728487
24809.511993 15087.094026279
24910.078227 15080.2421062013
25002.097433 15077.6163304416
25096.532274 15076.243664708
25200.773567 15070.4773830613
