time objective
0.270134 36682.5012939288
0.534826 27993.5227610469
0.879162 26997.3186501721
1.241262 20456.170195582
1.562686 19391.9539067316
1.990412 18284.5979379926
2.434057 17732.8848765979
2.883794 17473.9563049718
3.369815 16999.7298007114
3.864158 16863.8378308132
4.353843 16748.6550787022
4.926961 16657.8099449209
5.476759 16449.5632240109
6.034747 16215.0370368865
6.593476 16032.7127753991
7.219049 15886.9517034788
7.833031 15775.6050594055
8.480545 15676.0345624181
9.104974 15627.9711574849
9.750666 15533.3142385111
10.408767 15457.8425406807
11.073452 15413.475457145
11.748219 15405.4417443754
12.422745 15262.68835552
13.105697 15191.2079705589
13.814992 15181.6903350514
14.529276 15058.0419558908
15.226233 14911.2798997299
15.927415 14816.8810989255
16.639974 14681.4663481122
17.38038 14634.0362966617
18.125813 14586.658192304
18.870262 14568.0818916964
19.620807 14516.2608156489
20.389893 14482.5088011437
21.16509 14429.3228118732
21.936069 14405.4594423158
22.730919 14390.8806597123
23.517381 14338.4078835407
24.330706 14319.6273479271
25.150373 14237.0086985179
25.996796 14080.7538179468
26.856422 13978.5265839735
27.729665 13825.3130489568
28.630794 13789.4707001696
29.523239 13752.861220703
30.437684 13710.2049654978
31.368298 13702.8318233783
32.286155 13685.2619930323
33.228135 13648.1064669423
34.156092 13489.888985185
35.037832 13466.4096231803
35.955886 13441.0655270927
36.876859 13346.3993688362
37.839898 13310.0051304769
38.785541 13302.6618493333
39.753737 13266.3895607171
40.724931 13162.2722163567
41.65696 13084.0850177257
42.57848 13077.5341067266
43.578728 12985.6910893197
44.558348 12924.4558156713
45.574775 12907.3645961717
46.691763 12897.4386589046
47.739111 12831.0258030619
48.745787 12764.4533992481
49.684147 12681.1926914866
50.622433 12506.4221089899
51.574629 12410.7045502844
52.551346 12368.3894374489
53.538457 12355.6322697497
54.533387 12344.9387039329
55.563092 12325.3810497567
56.554963 12325.0399813316
57.558763 12286.1119502191
58.559338 12279.1284892986
59.582219 12271.410062519
60.60437 12262.39225894
61.642158 12188.057522288
62.598147 12078.4369089137
63.535478 11955.7129436467
64.458708 11940.8535753886
65.379537 11842.3947319817
66.325349 11835.4455588471
67.284492 11826.0242498793
68.252385 11822.5678330332
69.236326 11818.1808866665
70.224986 11788.9415348119
71.223708 11771.6230368494
72.231687 11747.7991100607
73.244999 11726.8015175421
74.247157 11714.4615975081
75.241279 11700.5717863206
76.224301 11695.4730032788
77.211888 11682.7883619398
78.233563 11659.2228276814
79.226598 11651.5078044303
80.25441 11645.2064446127
81.285567 11638.922340206
82.279455 11602.7121960172
83.25101 11522.049826331
84.196678 11485.4485815945
85.183981 11479.0592868801
86.155053 11465.9045144183
87.16017 11436.0417946532
88.163005 11427.8465922224
89.152728 11420.7691338143
90.159284 11419.1361523749
91.157579 11397.01088702
92.160997 11379.1229080643
93.183289 11360.5306647386
94.211572 11358.9491760059
95.195211 11337.3779461637
96.177912 11323.694830586
97.28278 11319.283932367
98.30255 11311.4332685274
99.305831 11288.955421783
100.358878 11283.3233628092
101.345736 11268.6585763284
102.358479 11248.5708662317
103.364197 11229.0385820311
104.386031 11226.2433974574
105.389505 11217.5453216774
106.414837 11215.7249701155
107.436986 11213.2048588758
108.460444 11183.176980288
109.437949 11166.821397161
110.398264 11138.0235122114
111.351449 11115.3882851079
112.307446 11093.7885539357
113.267586 11086.7227850996
114.229582 11082.4429602225
115.195498 11080.4548093983
116.161294 11071.4368832869
117.129364 11060.0828855999
118.091092 11044.6962857519
119.039082 11031.808945287
119.977617 11027.7266158377
120.90644 11014.759780703
121.840891 11009.335526834
122.780037 11006.2874292969
123.726916 10993.2722681029
124.66707 10975.4287299618
125.598001 10963.0042255764
126.555797 10954.4850823468
127.5092 10948.2713660575
128.471359 10940.4249342692
129.428085 10937.8461315741
130.412377 10936.5298327801
131.389857 10931.4982588655
132.344965 10926.0035637863
133.283043 10922.2854045897
134.228041 10911.2005960402
135.190896 10880.698053569
136.133494 10877.7401463786
137.084237 10872.0718739855
138.060136 10870.8346263313
139.051617 10864.7360959356
140.004575 10851.614141614
140.987714 10846.6158103298
141.960632 10843.8522960165
142.930503 10838.3599573744
143.889357 10836.5248757303
144.850587 10834.9763797161
145.867347 10833.3399075303
146.833068 10812.8495433641
147.906971 10799.4291855051
148.88219 10799.0870094161
149.878518 10789.2510175788
150.858565 10788.0967329782
151.830812 10781.3500148109
152.813098 10777.2999676379
153.793563 10770.1634983973
154.787742 10766.9865576452
155.761474 10754.5604686087
156.731502 10751.0012683221
157.735769 10748.7153236423
158.697943 10746.312397013
159.665493 10743.6555352781
160.622018 10728.3536176416
161.557924 10722.6116623516
162.506785 10706.3230205558
163.435141 10687.9828004416
164.387383 10681.3265182281
165.325315 10679.503112895
166.254178 10677.5472658098
167.17985 10669.7359086585
168.107803 10660.2627162785
169.029963 10653.5618849367
169.936283 10642.3537078183
170.850065 10638.4097948004
171.752955 10631.4524264156
172.651427 10631.0662755084
173.550495 10626.9002807023
174.451992 10625.8936402468
175.354227 10619.7735827494
176.269506 10611.6133261288
177.194727 10610.6233831579
178.097199 10605.2811895965
178.998524 10598.5067824608
179.937157 10596.7777407332
180.854816 10595.4605654527
181.753038 10591.0971054353
182.673285 10582.4759167652
183.622487 10574.7845459571
184.563614 10567.2045359232
185.575999 10565.4506806338
186.514254 10562.6485107781
187.452403 10560.529802039
188.368588 10559.4648078645
189.320737 10558.7072750626
190.238719 10551.2836921
191.178986 10545.0922811103
192.122304 10544.2472831203
193.088949 10538.9960806348
194.017693 10533.1388257989
194.945557 10524.7071671183
195.90186 10522.4817943974
196.844367 10520.7430604676
197.808031 10514.4504439051
198.807118 10508.4039786113
199.74456 10501.9979564795
200.69178 10497.9912668847
201.607584 10496.7620469001
202.5299 10493.4085884859
203.449449 10491.2854582495
204.363996 10489.1598421676
205.272326 10485.9046929295
206.176704 10476.6799148749
207.074509 10476.1110146341
207.980952 10465.1803169522
208.877833 10463.4901430648
209.775205 10463.4234893281
210.688345 10451.0166871034
211.590828 10447.7379287006
212.505172 10446.4108850498
213.430169 10443.5903647002
214.328473 10439.0573242891
215.271243 10437.6463782908
216.182616 10434.6944746357
217.080758 10432.1038663026
217.978869 10430.1445462673
218.863052 10426.2651807692
219.757072 10423.7388784763
220.650832 10419.8878017993
221.534196 10417.9037304317
222.407411 10414.0325612584
223.28821 10413.3678599463
224.170521 10412.3043093589
225.052701 10407.3866119359
225.946073 10406.555693605
226.831909 10405.6130644322
227.752126 10403.776370656
228.647786 10401.8409196828
229.545047 10397.840665608
230.467976 10394.2172050823
231.356412 10391.095665754
232.240467 10389.662510287
233.15187 10382.4717170615
234.036556 10379.6520302179
234.930745 10377.6721435258
235.826488 10376.2058019409
236.702754 10370.1186002106
237.723484 10369.2960470242
238.658994 10367.9067516328
239.571492 10366.9984039678
240.517513 10360.7544133466
241.434496 10353.8938407349
242.36537 10351.3302311824
243.292863 10348.02850389
244.223144 10339.5645293625
245.140328 10336.379738867
246.051484 10334.8361006136
246.990746 10332.2831272523
247.89902 10331.5514354715
248.884493 10328.9545277461
249.827906 10322.6944487419
250.738114 10320.6863774891
251.655538 10317.080236754
252.5677 10316.2383615619
253.510642 10314.1190436231
254.419926 10306.5711129824
255.320338 10303.3246394152
256.24755 10296.7471869998
257.166635 10294.329326111
258.067089 10292.6315758249
258.962494 10291.5519734186
259.854507 10290.5227922084
260.737167 10287.9828053472
261.614111 10281.8074424138
262.512079 10278.6590160739
263.403286 10278.0480052994
264.263327 10274.8775976259
265.149766 10270.8428910122
266.014787 10269.7087675932
266.886382 10267.2497131367
267.742112 10262.9367164696
268.59792 10259.010196627
269.466268 10256.2590875592
270.319841 10255.7956924325
271.173068 10250.9999838091
272.024506 10248.1808590785
272.874558 10247.6006681467
273.72151 10245.9644508839
274.568626 10243.1614242326
275.42263 10239.917981624
276.287212 10237.3994525158
277.139152 10235.4706169334
277.994321 10233.8898458752
278.837051 10233.0189378201
279.735092 10231.2457907882
280.571936 10228.9781099892
281.423995 10225.1228551334
282.367314 10221.8028232894
283.251267 10219.2930157127
284.099371 10218.1185020995
284.989742 10217.5534882663
285.880041 10216.2202688055
286.755209 10215.6792311421
287.636142 10213.9994654722
288.493812 10210.2787972971
289.368845 10207.8702823318
290.251239 10204.4478865642
291.105591 10202.7564173952
292.046724 10200.7540226802
292.953401 10199.4478912377
293.827274 10198.2519837925
294.691054 10195.5137019954
295.562147 10195.1553129363
296.421297 10193.5581115029
297.322793 10192.3301875269
298.270335 10189.2116796048
299.173044 10185.3052104277
300.071717 10184.8246259485
300.972455 10183.0468828404
301.853857 10181.3304226658
302.721236 10178.4514183706
303.587783 10177.0551857938
304.447335 10175.9397244063
305.293056 10174.126937406
306.134365 10173.3816885236
306.977157 10172.5757666479
307.818793 10169.576153168
308.676867 10167.7027885366
309.559793 10167.1874193818
310.418585 10163.7772092506
311.276431 10160.7731399356
312.128947 10159.489962588
312.977223 10158.3713379689
313.862604 10156.6095447108
314.707596 10154.7291743871
315.612932 10152.0734861484
316.515899 10151.0976036663
317.40796 10149.952745953
318.245705 10148.2478336527
319.157636 10147.3519753199
320.033279 10146.2665433785
320.987382 10144.3146687714
321.860969 10143.4177692253
322.736819 10141.7082262123
323.669605 10138.4806228515
324.563204 10136.3743402288
325.450602 10135.1901875996
326.330756 10133.9004156235
327.168937 10131.9845435677
328.009572 10129.4535201329
328.857593 10128.2510414954
329.687615 10126.2753629906
330.52635 10123.4849095354
331.374106 10123.297779382
332.203574 10122.4377777289
333.034145 10122.0811650758
333.871178 10119.518668227
334.696102 10117.288980038
335.531684 10115.549685572
336.348149 10111.7907015418
337.168713 10110.855740433
337.994147 10109.5302650912
338.819428 10107.7712126124
339.642474 10107.2394415703
340.46007 10106.9664221486
341.279644 10103.7843951118
342.12342 10101.2021241817
342.953428 10100.052907103
343.773847 10099.6642408496
344.598969 10098.650358109
345.427518 10095.8595898744
346.253657 10093.2758620889
347.081452 10092.4774346301
347.907767 10089.2631980181
348.718945 10086.9231422696
349.553284 10085.6453134585
350.405279 10085.0101513205
351.215071 10084.490468276
352.055683 10082.4151468904
352.89541 10081.1635228617
353.732315 10078.9375634014
354.611211 10077.6184432312
355.429714 10076.8263384574
356.284261 10075.6276743806
357.103881 10073.4127313554
357.935027 10072.0388020277
358.816434 10071.0639749719
359.634067 10069.2451173804
360.468468 10067.2111364641
361.286404 10066.6186191492
362.10594 10065.7403690312
362.946885 10065.7166068098
363.782838 10064.9286795917
364.60022 10064.7718946702
365.402898 10063.5575016033
366.237985 10062.731429697
367.055484 10061.2696852309
367.975008 10059.4253805033
368.802278 10058.1374931567
369.624256 10057.5226163937
370.435626 10056.1464931996
371.258526 10054.0925687296
372.092012 10052.8068887752
372.903133 10051.882958768
373.732205 10050.8181056998
374.58484 10050.1768170588
375.398167 10049.1609583029
376.210812 10048.7512300404
377.0396 10048.5870091037
377.8474 10047.5308239253
378.673504 10046.3718647425
379.50503 10043.9721327419
380.331377 10042.8869254664
381.142013 10041.224764924
381.95696 10040.3165358844
382.783462 10039.4954232498
383.589297 10038.3053506664
384.394851 10036.5651965248
385.226811 10035.8781120533
386.047313 10034.8133539982
386.864726 10033.9742131091
387.683086 10032.8856888647
388.498594 10032.6114879341
389.304776 10032.2075388539
390.107814 10031.7193935175
390.908427 10030.3824303731
391.713491 10028.1952913277
392.524648 10025.4376852534
393.323618 10024.0962213525
394.120088 10022.8059762237
394.924403 10022.2914940516
395.726595 10021.5661147118
396.536857 10020.9402397498
397.342451 10019.2337206253
