time objective
1.437286 37478.9498769926
2.838128 28703.5007166063
4.248182 24337.2745660496
5.638675 20439.9526692159
7.03838 19218.0119009611
8.437092 18313.8732121434
9.858459 17745.3736169706
11.284641 17430.3721878901
12.73294 17134.1088340225
14.217124 17015.5211056191
15.713135 16828.4052481876
17.200986 16726.6158044566
18.676718 16524.0938953606
20.145552 16405.2914987388
21.639529 16308.2871714485
23.194894 16264.4987485852
24.916639 16203.4883677878
26.479004 16105.8568956703
28.046941 15985.6858547353
29.637296 15853.331251712
31.253559 15802.7762952526
32.885995 15705.4498989934
34.525639 15674.2236806141
36.180353 15643.7657647253
37.858966 15592.091129878
39.562167 15458.6921177966
41.268885 15145.9928341819
42.976313 15087.714939953
44.659472 14958.538917616
46.341432 14821.5667645462
48.012783 14768.3439907284
49.690009 14753.1602230701
51.375291 14676.0906177359
53.146754 14649.0299704152
54.900484 14444.7519268047
56.835229 14395.2181307507
58.623891 14379.8719632474
60.432035 14309.6976435754
62.274308 14281.9576571269
64.144971 14226.440139983
66.037224 13997.0852450172
67.948179 13899.0571108279
69.875317 13811.024901211
71.82832 13805.4633890729
73.785598 13632.5379104167
75.726451 13606.0169555101
77.656634 13557.1303071686
79.548961 13542.2629339366
81.433246 13380.5245565568
83.317315 13357.0665936006
85.270064 13284.4396955305
87.208952 13264.0212360332
89.321422 13227.8913545155
91.316727 13127.4546151902
93.313593 13049.9617123837
95.340636 13012.7750109132
97.37569 12915.0635138685
99.431197 12902.2883793894
101.514128 12872.7080599169
103.613632 12859.275603254
105.728075 12842.7017337892
107.820268 12819.9783897497
109.912165 12796.6414336109
111.907749 12790.093196621
113.902483 12625.1682571032
115.938698 12417.2880792923
117.972631 12378.891424511
120.196724 12359.6100369078
122.296639 12327.4259658248
124.408216 12309.7936256734
126.531877 12286.8857291132
128.662419 12246.8097404485
130.80477 12220.7181567021
132.977131 12206.7750917326
135.170182 12199.5487979506
137.391303 12194.6274141612
139.57832 12181.5645322469
141.746685 12110.2142379786
143.891048 12085.2465824336
145.99815 12045.4292601384
148.216019 12009.5326553209
150.578087 11989.4724117705
152.789914 11973.8886412817
155.007963 11966.5019930842
157.269848 11927.1333755802
159.536244 11881.0460796045
161.840383 11855.1163242504
164.148392 11838.736674696
166.46149 11803.9251870822
168.733163 11797.5837300668
170.986317 11789.9401789895
173.229184 11784.2929811421
175.487228 11747.7623547614
177.830667 11683.1830791094
180.197162 11655.168559988
182.416056 11608.8992098136
184.640285 11603.4145447639
186.886297 11592.6915754212
189.169567 11585.1831166969
191.466497 11580.8795444485
193.781967 11577.0927655096
196.135284 11537.3798398981
198.406497 11524.4564408521
200.646512 11489.6780939192
202.852669 11469.7536512892
205.046083 11448.2876192627
207.282169 11441.0842377853
209.539787 11438.1325771596
211.983999 11408.5304474857
214.245519 11399.725873516
216.507641 11370.2532302305
218.798295 11352.721777921
221.104118 11331.2430704753
223.418058 11325.8356536161
225.755373 11313.1990091824
228.131109 11305.2283201764
230.450956 11275.6064484052
232.715028 11246.2678710354
234.962031 11229.832628219
237.194104 11222.1541149811
239.469641 11213.9871916991
241.754673 11210.8881081035
244.194442 11189.5533304759
246.508348 11182.8169561174
248.833505 11176.80913684
251.17745 11174.1278448068
253.535506 11167.5103400166
255.929011 11163.250269078
258.332659 11120.5683083879
260.666577 11091.225443354
262.978894 11070.5912437283
265.287456 11050.8342385485
267.581428 11043.1109380422
269.916632 11038.0248114325
272.259841 11034.3020036913
274.774322 11027.9527344896
277.136232 11012.0353994557
279.463055 10989.325177963
281.780706 10976.0365803728
284.105666 10968.5903133498
286.452035 10953.9921999784
288.819161 10948.9116911102
291.215478 10946.0120774027
293.580626 10936.3805773121
295.903928 10928.3552786338
298.13537 10914.4998077264
300.379999 10895.1680219892
302.683729 10878.326149115
304.986695 10876.9503399331
307.307975 10870.5410594471
309.661232 10868.8846413805
312.045181 10862.8870560401
314.396971 10854.4506112603
316.753785 10846.3282708547
319.132756 10838.7052688437
321.533622 10835.7237751857
323.919308 10829.7592397924
326.25649 10810.1665655101
328.527013 10797.1021973642
330.809537 10779.7239727263
333.196334 10777.0209691003
335.543356 10773.7853041626
338.065656 10770.9497417059
340.461453 10762.7531959348
342.85692 10757.664982266
345.240327 10740.8384903976
347.661073 10738.1185912273
350.085371 10732.863667669
352.525266 10730.9743029933
354.927352 10727.7929120512
357.328466 10726.0668053641
359.710781 10716.6880646754
362.005121 10702.6917204079
364.354112 10690.8646406789
366.694601 10667.9688900592
369.212988 10660.2314096777
371.596403 10655.2639770885
373.995127 10651.8150390578
376.405964 10647.0473034372
378.823195 10640.5701732624
381.222227 10632.2602695385
383.635889 10625.2950124919
386.013309 10615.5809255982
388.34571 10609.1910375303
390.679936 10605.6006235021
392.989335 10601.9201227098
395.352871 10601.5563756769
397.730323 10599.1813316558
400.285234 10598.5333812866
402.719652 10589.8300868466
405.130225 10586.9293360883
407.535389 10571.6611979867
409.937068 10569.0389569227
412.346505 10562.4279680521
414.784044 10551.5463274116
417.212977 10550.1554362938
419.623146 10544.7822657244
421.990381 10538.5883503127
424.314038 10529.1252195904
426.6707 10524.1612590087
429.048563 10519.8733963547
431.591983 10514.2326638624
433.992954 10512.9861146866
436.429262 10511.8047184523
438.906843 10509.0919236251
441.385581 10501.4643903829
443.82541 10496.6669785729
446.254627 10486.3116180296
448.650584 10477.7972854541
451.019344 10468.3250292816
453.381486 10463.5294916733
455.72423 10461.7781364489
458.136782 10454.4139599198
460.532673 10448.2391989741
463.088619 10447.274385375
465.512393 10440.7015367037
467.938265 10436.4817483198
470.383039 10434.6020843051
472.847446 10432.9788145281
475.338309 10432.1546938166
477.855554 10422.1166894826
480.249372 10417.7597357259
482.598189 10413.875151761
484.91416 10399.7913208117
487.221176 10395.1857547325
489.608361 10393.2899705604
491.995756 10390.2872740551
494.531543 10386.9475191776
496.890875 10379.2593804678
499.284521 10376.2910220398
501.692144 10373.5357989637
504.127558 10371.9239892808
506.577028 10370.2663224797
509.03633 10369.1156276384
511.452682 10364.8883760287
513.796748 10351.8981286544
516.094142 10349.7588224147
518.361518 10347.8014683395
520.709226 10329.3679397824
