time nnz
0.129402 107780
0.179599 101404
0.231069 86224
0.283139 67816
0.335668 50912
0.38919 33118
0.443623 17916
0.539684 8988
0.634506 8986
0.691984 7598
0.750137 3430
0.845155 3152
0.940246 3210
0.997675 2626
1.093655 2606
1.227403 2532
1.284678 2010
1.417104 1962
1.475472 1554
1.578641 1418
1.644526 1016
1.703256 1126
1.761872 1100
1.820614 990
1.879359 894
1.938169 898
1.996942 870
2.055664 826
2.114371 850
2.173079 814
2.231773 776
2.290396 758
2.348911 730
2.407635 766
2.466392 720
2.525485 710
2.584199 716
2.643094 692
2.701967 696
2.760934 676
