time nnz
0.218603 107780
0.401227 55032
0.600543 99214
0.782846 48162
0.979274 69008
1.14547 28334
1.325067 39562
1.504652 27500
1.675913 19342
1.84032 17478
2.004079 15684
2.168613 13762
2.332371 11772
2.481584 9438
2.646937 10420
2.798119 7650
2.947683 7482
3.096503 7216
3.259333 8100
3.380133 4346
3.54266 9552
3.643265 2306
3.806361 10830
3.901275 1540
4.052215 3018
4.174812 1776
4.311169 2084
4.446851 1766
4.581957 1580
4.704648 1412
4.841502 1464
4.949713 1256
5.084005 1536
5.204596 1236
5.325324 1268
5.461183 1406
5.568226 1082
5.706711 1452
5.817016 1014
5.955472 1334
6.051392 928
6.186092 1356
6.279077 858
6.414077 1274
6.494754 764
6.630027 1266
6.696204 628
6.83007 1412
6.936869 692
7.057324 976
7.177634 768
7.300181 858
7.423275 722
7.552724 760
7.676172 670
7.796921 670
7.903996 626
8.025326 668
8.132796 610
8.253378 660
8.360758 606
8.48216 640
8.589707 596
8.715003 630
8.808434 578
8.929796 690
9.051312 596
9.159075 586
9.279682 586
9.372519 568
9.492811 618
9.600962 578
9.72192 576
9.82898 554
9.93819 546
10.061466 612
10.170783 538
10.294749 578
10.389064 524
10.51303 612
10.622821 530
10.746652 570
10.842442 510
10.964123 594
11.073853 518
11.183426 552
11.30707 530
11.402468 512
11.52392 548
11.631715 518
11.738579 510
11.85965 556
11.953337 498
12.074487 574
12.181454 506
12.289018 532
12.409094 510
12.510842 500
12.644407 504
12.747311 496
12.880889 494
12.968505 492
13.101971 520
13.220334 500
13.338617 484
13.472401 536
13.575524 472
13.709119 546
13.812222 472
13.945752 552
14.048488 472
14.169201 540
14.262988 472
14.385478 534
14.478978 470
14.599366 522
14.692411 466
14.799528 500
14.920599 490
15.014206 470
15.135432 476
15.215426 466
15.336762 476
15.430555 460
15.544519 460
15.665925 506
15.759286 448
15.880233 490
15.960124 446
16.080975 514
16.176491 446
16.297376 492
16.392484 448
16.501446 470
16.609931 450
16.731776 494
16.826807 444
16.950092 476
17.031176 440
17.153335 488
17.233218 436
17.354441 504
17.448728 438
17.569854 484
17.649488 434
17.770431 504
17.863919 438
17.9859 476
18.066143 436
18.187873 490
18.280818 438
18.387628 462
18.508903 450
18.588775 436
18.70933 448
18.78894 436
18.914102 446
18.996773 436
19.121918 440
19.204387 434
19.329944 438
19.41251 432
19.537909 432
19.604916 430
19.728031 446
19.823209 428
19.93055 430
20.037456 442
20.158 432
20.223608 426
20.344281 438
20.424235 424
20.544596 430
20.611235 424
20.732943 430
20.813666 422
20.921829 428
21.044336 444
21.111244 422
21.232654 454
21.312746 420
21.435278 448
21.503605 418
21.629153 448
21.711714 416
21.822837 430
21.933908 416
22.059552 432
22.127517 416
22.235784 432
22.343521 416
22.464172 440
22.530637 416
22.657094 440
22.738349 416
22.89009 436
22.98924 416
23.123405 424
23.257657 416
23.391704 424
23.526237 414
23.678661 428
23.742213 414
23.894517 450
24.011082 416
24.14508 422
24.278933 414
24.413177 424
24.547471 414
24.699853 426
24.763514 414
24.915577 444
25.032176 416
25.166489 422
25.300693 416
25.434722 422
25.56888 416
25.703084 422
25.837217 416
25.971349 424
26.10556 416
26.257163 426
26.320841 416
26.472721 438
26.58926 416
26.723159 420
26.857357 416
26.991498 420
27.125442 416
27.259407 422
27.394107 416
27.528642 424
27.663232 416
27.797768 424
27.932204 416
28.084128 428
28.165371 416
28.317156 424
28.380786 412
28.532831 430
28.631762 412
28.765983 418
28.900124 412
29.026375 420
29.078806 410
29.200852 424
29.281404 410
29.389486 420
29.498726 410
29.620589 420
29.672299 410
29.793148 424
29.873126 410
29.980405 420
30.088568 410
30.210284 420
30.262673 408
30.383526 418
30.463171 410
30.57026 418
30.678576 410
30.799634 418
30.851851 410
30.973777 418
31.053551 406
31.160608 414
31.268041 408
31.395465 416
31.462338 406
31.585142 414
31.63793 408
31.760636 416
31.841545 412
31.95242 414
32.062961 412
32.187758 414
32.255507 410
32.366069 414
32.489658 412
32.555269 412
32.662047 410
32.782759 414
32.849278 410
32.959515 414
33.083464 412
33.149294 412
33.256162 410
33.377175 414
33.443973 410
33.56653 414
33.632455 412
33.741224 414
33.863139 410
33.929652 410
34.037775 410
34.15868 414
34.224856 412
34.333693 414
34.45842 410
34.538974 410
34.646846 410
34.754629 414
34.86364 410
34.973127 414
35.082517 410
35.205857 414
35.273283 410
35.381547 414
35.503415 412
35.569739 412
35.69194 412
35.759216 412
35.867726 412
35.990205 414
36.057711 412
36.178341 414
36.245792 412
36.368832 414
36.435353 412
36.544198 414
36.666247 412
36.73232 412
36.839082 410
36.961002 414
37.027461 410
37.13673 414
37.259021 414
37.3258 410
37.43323 410
37.555991 414
37.63717 410
37.746322 412
37.855277 410
37.965103 412
38.072296 410
38.18075 414
38.302596 410
38.369565 410
38.477775 410
38.600017 414
38.668626 410
38.793888 414
38.847684 410
38.973059 414
39.055491 410
39.166527 410
39.277479 410
39.397954 410
39.465246 410
39.587979 410
39.640849 410
39.763596 414
39.844662 410
39.953362 410
40.06015 410
40.181904 410
40.248446 410
40.356793 410
40.480063 410
40.546401 410
40.653847 410
40.775413 410
40.841171 410
40.963862 410
41.030313 410
41.138633 410
41.260584 410
41.327163 408
41.43682 410
41.565795 410
41.635614 410
41.749764 408
41.878722 410
41.948483 408
42.062482 410
42.176636 408
42.305562 410
42.375364 408
42.489667 410
42.610486 408
42.677488 408
42.787558 408
42.911795 410
42.979398 408
43.089462 410
43.199582 408
43.320962 410
43.387824 408
43.49566 410
43.616623 408
43.683215 408
43.790933 408
43.913307 410
43.981091 408
44.09149 408
44.201709 408
44.326376 408
44.394157 408
44.503542 408
44.611075 408
44.73235 408
44.798367 408
44.905883 408
45.012979 408
45.133824 408
45.199809 408
45.307296 408
45.429238 408
45.481359 408
45.602585 408
45.683465 408
45.791317 408
45.899741 408
46.007146 408
46.119038 408
46.245524 408
46.299846 408
46.426409 408
46.509524 408
46.621496 408
46.733525 408
46.844645 408
46.976311 408
47.131888 408
47.197562 408
47.35381 408
47.455576 408
47.593552 408
47.731557 408
47.86957 408
48.007315 408
48.163405 408
48.228524 408
48.384594 408
48.486571 408
48.624295 408
48.761864 408
48.899714 408
49.037353 408
49.193212 408
49.258461 408
49.414339 408
49.515783 408
49.653719 408
49.791618 408
49.929396 408
50.067013 408
50.204664 408
50.36046 408
50.42554 408
50.581385 408
50.682874 408
50.820405 408
50.958176 408
51.095842 408
51.233754 408
51.390076 408
51.455384 408
51.611586 408
51.713217 408
51.851277 408
51.989199 408
52.126911 408
52.264893 408
52.420817 408
52.486012 408
52.641929 408
52.743224 408
52.880793 408
53.018372 408
53.155964 408
53.293852 408
53.449987 408
53.515084 408
53.671014 408
53.772385 408
53.910107 408
54.04761 408
54.185657 408
54.323558 408
54.479324 408
54.544365 408
54.700298 408
54.801803 408
54.939604 408
55.077276 408
55.215014 408
55.353386 408
55.5096 408
55.574949 408
55.730758 408
55.83202 408
55.969734 408
56.107171 408
56.244996 408
56.382845 408
56.538786 408
56.603973 408
56.7599 408
56.861502 408
56.99935 408
57.137389 408
57.275278 408
57.413133 408
57.568892 408
57.633865 408
57.789673 408
57.891158 408
58.028761 408
58.166506 408
58.303181 408
58.412824 408
58.534228 408
58.586755 408
58.70963 408
58.790091 408
58.898183 408
59.006025 408
59.116033 408
59.229574 408
59.357914 408
59.412864 408
59.541037 408
59.625221 408
59.738615 408
59.851858 408
59.965201 408
60.074978 408
60.196684 408
60.248963 408
60.370363 408
60.449976 408
60.558317 408
60.666607 408
60.77477 408
60.882528 408
61.004486 408
61.056688 408
61.17805 408
61.257875 408
61.365265 408
61.472221 408
61.580353 408
61.687432 408
61.807924 408
61.860645 408
61.982339 408
62.064275 408
62.171992 408
62.279372 408
62.386694 408
62.494782 408
62.6034 408
62.72629 408
62.77907 408
62.901394 408
62.982032 408
63.090263 408
63.203959 408
63.312563 408
63.420038 408
63.542253 408
63.594579 408
63.715791 408
63.796232 408
63.903766 408
64.011522 408
64.118377 408
64.225023 408
64.346264 408
64.398158 408
64.520071 408
64.599748 408
64.707783 408
64.814866 408
64.921374 408
65.028472 408
65.150858 408
65.203368 408
65.325213 408
65.406734 408
65.515943 408
65.624923 408
65.734185 408
65.841946 408
65.962691 408
66.014552 408
66.135312 408
66.216384 408
66.324847 408
66.433229 408
66.541 408
66.648334 408
66.756685 408
66.880665 408
66.948019 408
67.058547 408
67.168889 408
67.291176 408
67.357592 408
67.464914 408
67.586111 408
67.638602 408
67.760196 408
67.840548 408
67.951225 408
68.063289 408
68.175221 408
68.286962 408
68.398825 408
68.525404 408
68.57965 408
68.70616 408
68.78758 408
68.895329 408
69.003116 408
69.111139 408
69.232646 408
69.285608 408
69.407872 408
69.487983 408
69.610181 408
69.648758 408
69.770314 408
69.865249 408
69.98829 408
70.027202 408
70.150387 408
70.231306 408
70.339518 408
70.446026 408
70.566579 408
70.605105 408
70.726072 408
70.805655 408
70.9266 408
70.992255 408
71.114089 408
71.167135 408
71.289624 408
71.355733 408
71.477408 408
71.543474 408
71.650653 408
71.75838 408
71.880454 408
71.947319 408
72.069753 408
72.122542 408
72.244632 408
