time train-error
3020.514386 0.9652689415847311
3141.155828 0.933342972816657
3258.715247 0.9029207634470792
3374.384063 0.892857142857143
3487.871594 0.881347599768652
3601.412092 0.8844997108154999
3709.428912 0.865731636784268
3810.630404 0.850375939849624
3903.522422 0.842076344707924
3986.395597 0.843233082706767
4064.017494 0.8322151532677851
4138.267645 0.829467900520532
4209.563786 0.8260844418739159
4272.649181 0.812492770387507
4325.280118 0.795141700404858
4373.147247 0.811075766338924
4418.4787 0.802631578947368
4463.075558 0.79438982070561
4507.228246 0.798004626951995
4550.951252 0.79866975130133
4593.700519 0.798033545401966
4635.264886 0.796240601503759
4674.400906 0.78903990746096
4707.675051 0.788895315211105
4738.016491 0.782648930017351
4767.479623 0.7844997108155
4795.839181 0.784788895315211
4823.477693 0.785743204164257
4851.978299 0.784528629265471
4878.122998 0.78128976286871
4903.176208 0.780393290919607
4925.634025 0.781636784268363
4947.323908 0.779525737420474
4968.912339 0.780393290919607
4990.357706 0.780798149219202
5011.455271 0.784904569115095
5031.10367 0.782967032967033
5051.630228 0.779554655870445
5069.770832 0.782967032967033
5087.704249 0.7799884326200119
5105.323092 0.781231925968768
5122.973671 0.781463273568537
5140.690191 0.783256217466744
5160.368346 0.783400809716599
5180.306865 0.781925968768074
5197.366799 0.782099479467901
5214.008896 0.781434355118566
5230.714824 0.781781376518219
5247.999189 0.781752458068248
5265.60873 0.781463273568537
5283.226231 0.7815211104684789
5304.870766 0.782157316367843
5323.740333 0.781058415268942
5342.788605 0.781781376518219
5358.52449 0.781260844418739
5373.653167 0.7810294968189699
5388.868433 0.781174089068826
5404.151809 0.781694621168305
5418.947085 0.7830537883169459
5438.473134 0.78342972816657
5453.086865 0.782388663967611
5467.48765 0.7820127241179871
5482.215283 0.7825043377674961
8372.757809 0.782475419317525
8392.618314 0.781231925968768
8407.592922 0.782157316367843
8422.415762 0.7809427414690571
8437.145137 0.781434355118566
8451.991418 0.780913823019086
8466.789805 0.78074031231926
8481.527753 0.779728166570272
8498.928695 0.780566801619433
8513.561761 0.780306535569693
