time train-error
19.323317 0.9645170618854829
44.363363 0.9576633892423366
63.741057 0.9523423944476576
83.734621 0.9391844997108155
103.059336 0.923742047426258
124.576795 0.9082995951417004
146.496163 0.893927125506073
170.391871 0.879294389820706
193.892452 0.871052631578947
219.697987 0.858588779641411
246.904114 0.848293811451706
273.717824 0.841555812608444
301.870464 0.838663967611336
328.669185 0.828021978021978
352.869677 0.824812030075188
378.920173 0.822151532677848
405.689291 0.821139386928861
432.2304 0.812174667437825
458.254338 0.811017929438982
484.064913 0.813157894736842
510.926271 0.807056101792944
538.30202 0.806998264893002
566.565095 0.804135338345865
594.646036 0.806535569693464
621.442022 0.796009253903991
647.403828 0.795257374204743
673.94554 0.794100636205899
700.647824 0.794360902255639
727.644989 0.795112781954887
754.625507 0.795373048004627
780.940418 0.79117987275882
807.732281 0.792567958357432
836.381827 0.789647194910353
863.229863 0.789733950260266
892.713097 0.789213418160787
920.30116 0.789126662810873
950.188531 0.788027761711972
977.901521 0.78903990746096
1008.400934 0.7861480624638519
1035.259761 0.785887796414112
1062.184468 0.785193753614806
1089.020939 0.785482938114517
1118.564284 0.784210526315789
1146.48318 0.785540775014459
1176.207808 0.782967032967033
1203.972312 0.7841237709658759
1230.271314 0.783400809716599
1257.902435 0.783458646616541
1285.375238 0.783458646616541
1317.46341 0.784268363215732
1344.246987 0.781116252168884
1371.180313 0.782677848467322
1397.904169 0.781781376518219
1424.367012 0.78181029496819
1450.515916 0.781781376518219
1477.336432 0.781897050318103
1627.063058 0.781897050318103
1654.416739 0.781607865818392
1680.841337 0.78181029496819
1707.548896 0.780769230769231
1734.253578 0.7814921920185081
1760.497518 0.781694621168305
1787.395117 0.780827067669173
1813.984389 0.781231925968768
1841.041683 0.781000578368999
1868.076903 0.780798149219202
1893.572495 0.780827067669173
1920.617651 0.7810294968189699
1947.471262 0.7805089647194909
1974.913834 0.781376518218623
2002.041911 0.7810294968189699
2028.827266 0.7810294968189699
2062.556866 0.781694621168305
2103.372945 0.780913823019086
2133.793237 0.78074031231926
2171.340236 0.780393290919607
2208.442233 0.7809427414690571
2244.933667 0.780711393869289
2281.347904 0.7805089647194909
2318.175205 0.780827067669173
2355.435778 0.780364372469636
2390.093244 0.780306535569693
2428.648685 0.780277617119722
2466.760946 0.780364372469636
2503.461734 0.780335454019665
2541.459351 0.780306535569693
2578.095608 0.780364372469636
2617.401704 0.78021978021978
2654.068235 0.7799305957200691
2691.250147 0.780104106419896
2728.150964 0.780277617119722
2883.159632 0.780277617119722
2921.954089 0.780133024869867
2960.851345 0.78021978021978
3002.389642 0.780104106419896
3042.616094 0.780075187969925
3078.802281 0.780277617119722
3114.943088 0.780306535569693
3149.229637 0.780277617119722
3190.651459 0.780161943319838
3229.184784 0.7805089647194909
3273.217605 0.780537883169462
3310.921842 0.780451127819549
3347.945752 0.780537883169462
3385.028391 0.780161943319838
3417.768217 0.7804800462695201
3454.640363 0.780364372469636
3492.600175 0.780711393869289
3530.409848 0.780277617119722
3567.432182 0.7804222093695781
3602.915237 0.780451127819549
3640.766293 0.78021978021978
3674.454789 0.78074031231926
3828.179411 0.78074031231926
3869.787316 0.77995951417004
3909.75745 0.780075187969925
3951.045643 0.780017351069983
3991.63106 0.780046269519954
4032.303109 0.779641411220359
4075.828706 0.779872758820127
4124.618616 0.780190861769809
4162.770501 0.780075187969925
4202.785335 0.780104106419896
4243.604846 0.77995951417004
4290.377206 0.780190861769809
4330.710168 0.780277617119722
4370.253858 0.780075187969925
4408.077688 0.780161943319838
4445.626438 0.780104106419896
4484.187595 0.780190861769809
4522.145268 0.780046269519954
4561.231317 0.780133024869867
4606.234114 0.7804800462695201
4645.418367 0.780104106419896
4684.574844 0.780017351069983
4722.92771 0.780046269519954
4766.651515 0.780017351069983
4809.033918 0.780133024869867
4852.919218 0.780104106419896
4894.324517 0.779901677270098
4936.112429 0.780075187969925
4978.591812 0.780133024869867
5021.508282 0.779757085020243
5068.363821 0.7799884326200119
5112.956931 0.780306535569693
5154.76724 0.780046269519954
5198.003953 0.780104106419896
5241.387256 0.780075187969925
5284.232948 0.780190861769809
5328.551027 0.779814921920185
5371.07082 0.77995951417004
5412.030299 0.779843840370156
5453.138675 0.779814921920185
5495.948469 0.779843840370156
5539.246474 0.779814921920185
5581.031188 0.7799305957200691
5621.422683 0.779901677270098
5670.174429 0.780075187969925
5712.681783 0.77995951417004
5749.889557 0.7799884326200119
5784.793255 0.779901677270098
5828.375324 0.779901677270098
5872.477559 0.779786003470214
5916.362098 0.7799884326200119
5962.289274 0.779872758820127
6005.762315 0.779872758820127
6048.64928 0.779872758820127
6092.720557 0.779814921920185
6138.794323 0.779814921920185
6183.856809 0.77967032967033
6226.972921 0.7799305957200691
6266.728376 0.779843840370156
6309.425424 0.779843840370156
6353.132423 0.779814921920185
6393.749257 0.779786003470214
6437.569505 0.779728166570272
6482.288514 0.77995951417004
6529.888601 0.7799305957200691
6577.711462 0.7799884326200119
6620.989004 0.779757085020243
6665.003665 0.77995951417004
6709.06585 0.780017351069983
6753.1931 0.77995951417004
6800.693986 0.7799884326200119
6844.500927 0.780017351069983
6889.030163 0.780161943319838
6933.17812 0.779872758820127
6978.53096 0.7799884326200119
7023.580571 0.780017351069983
7065.541458 0.77995951417004
7110.797319 0.780133024869867
7158.904845 0.7799884326200119
7208.013744 0.780046269519954
7251.220377 0.780075187969925
7296.274668 0.780046269519954
7340.782861 0.780046269519954
7387.588491 0.780075187969925
7430.929882 0.779843840370156
7484.329103 0.780046269519954
7536.428868 0.780017351069983
7586.070225 0.77995951417004
7633.459766 0.77995951417004
7676.919636 0.7799884326200119
7726.64107 0.77995951417004
7762.594662 0.77995951417004
7807.336215 0.7799884326200119
7848.70707 0.779901677270098
7894.350144 0.7799884326200119
7940.513045 0.7799305957200691
7984.287096 0.7799305957200691
8034.921786 0.7799305957200691
8079.957668 0.779843840370156
8123.233005 0.780017351069983
8169.732364 0.779901677270098
8215.092849 0.779872758820127
8263.178738 0.779901677270098
8307.982828 0.779901677270098
8349.604777 0.779843840370156
8397.917852 0.779901677270098
8451.981149 0.779872758820127
8498.233443 0.779843840370156
8551.95711 0.779872758820127
8610.70572 0.77995951417004
8654.011143 0.77995951417004
8702.489003 0.779814921920185
8754.291045 0.779814921920185
8800.333225 0.779872758820127
8845.199955 0.779901677270098
8890.700582 0.779843840370156
8938.629056 0.779872758820127
8990.403969 0.779843840370156
9041.303925 0.7799305957200691
9088.673406 0.779901677270098
9134.354628 0.779872758820127
9176.597752 0.779901677270098
9217.526141 0.779901677270098
9259.167918 0.7799305957200691
9305.152908 0.779843840370156
9353.170833 0.779901677270098
9411.486831 0.7799305957200691
9459.039604 0.779901677270098
9514.371484 0.779901677270098
9572.367256 0.779901677270098
9619.662937 0.779872758820127
9679.385423 0.7799884326200119
9756.026558 0.780075187969925
9825.939764 0.779901677270098
9883.640582 0.77995951417004
9932.538247 0.779901677270098
9979.367028 0.779872758820127
10028.53206 0.779901677270098
10078.846018 0.779901677270098
10165.302939 0.779872758820127
10225.82941 0.779901677270098
10288.322873 0.779901677270098
10333.89497 0.77995951417004
10373.399254 0.779901677270098
10411.967411 0.779786003470214
10459.714904 0.7799884326200119
10500.959787 0.779901677270098
10542.482566 0.779814921920185
10583.218546 0.779843840370156
10627.398015 0.779814921920185
10702.596046 0.779814921920185
10750.767827 0.779843840370156
10790.909495 0.779843840370156
10831.085669 0.779843840370156
10871.613895 0.779843840370156
10912.37908 0.779843840370156
10963.358796 0.779757085020243
11007.678879 0.779843840370156
11055.375477 0.779872758820127
11094.346906 0.779757085020243
11134.256257 0.779843840370156
11173.056436 0.779786003470214
11212.521757 0.779786003470214
11254.792642 0.779814921920185
11313.528403 0.779843840370156
11354.817354 0.779814921920185
11395.969202 0.779757085020243
11437.24607 0.779757085020243
11476.379567 0.779786003470214
11515.389111 0.779814921920185
11558.69395 0.779757085020243
11602.038278 0.779757085020243
11641.185438 0.779757085020243
11682.685483 0.779786003470214
11724.156796 0.779757085020243
11765.794261 0.779757085020243
11807.461389 0.7799884326200119
11848.650838 0.779699248120301
11889.885548 0.779814921920185
11929.221592 0.779757085020243
11968.501818 0.779699248120301
12007.714731 0.779757085020243
12047.253335 0.779757085020243
12091.113258 0.779786003470214
12132.979876 0.779786003470214
12179.135057 0.779728166570272
12220.929966 0.779757085020243
12262.874285 0.779757085020243
12304.740636 0.779728166570272
12345.846608 0.779728166570272
12385.522362 0.779728166570272
12425.299374 0.779728166570272
12464.844629 0.779728166570272
12504.513254 0.779728166570272
12548.315815 0.779728166570272
12590.303864 0.779757085020243
12632.403569 0.779757085020243
12674.433126 0.779728166570272
12716.497561 0.779786003470214
12763.293089 0.779757085020243
12803.068208 0.779728166570272
12842.974694 0.779728166570272
12884.294724 0.779728166570272
12927.922749 0.779728166570272
12976.281603 0.779786003470214
13028.810614 0.779757085020243
13080.028634 0.779786003470214
13122.203275 0.779728166570272
13163.570722 0.779728166570272
13203.693425 0.779728166570272
13243.363205 0.779728166570272
13287.593004 0.779757085020243
13331.763724 0.779757085020243
13376.009612 0.779757085020243
13415.795853 0.779786003470214
13455.261321 0.779757085020243
13497.340331 0.779757085020243
13539.482322 0.779757085020243
13582.847911 0.779728166570272
13634.012663 0.779728166570272
13690.093055 0.779757085020243
13734.639363 0.779728166570272
13775.638151 0.779728166570272
13816.975577 0.779757085020243
13857.200495 0.779728166570272
13897.745075 0.779757085020243
13945.208797 0.779757085020243
13992.687257 0.779786003470214
14040.44116 0.779786003470214
14087.974965 0.779757085020243
14131.939297 0.779757085020243
14174.397397 0.779757085020243
14220.549599 0.779757085020243
14260.990184 0.779757085020243
14305.867391 0.779728166570272
14345.997599 0.779757085020243
14388.559437 0.779786003470214
14431.081294 0.779728166570272
14473.622626 0.779757085020243
14516.255254 0.779757085020243
14558.744811 0.779757085020243
14601.237488 0.779757085020243
14646.302838 0.779757085020243
14696.031549 0.779757085020243
14740.933679 0.779757085020243
14781.360092 0.779728166570272
14821.267912 0.779728166570272
14864.31498 0.779728166570272
14907.153275 0.779728166570272
14950.126762 0.779757085020243
14993.08587 0.779728166570272
15045.442511 0.779757085020243
15085.602798 0.779728166570272
15126.170776 0.779728166570272
15166.818642 0.779728166570272
15207.773702 0.779728166570272
15248.841631 0.779728166570272
15299.541995 0.779757085020243
15362.232435 0.779757085020243
15407.099863 0.779728166570272
15452.027314 0.779728166570272
15494.230945 0.779728166570272
15536.787724 0.779728166570272
15582.775944 0.779728166570272
15628.777267 0.779728166570272
15671.315221 0.779728166570272
15713.78608 0.779728166570272
15755.069229 0.779728166570272
15798.651183 0.779728166570272
15842.299049 0.779728166570272
15891.052164 0.779728166570272
15935.208766 0.779757085020243
15984.242166 0.779757085020243
16030.856299 0.779728166570272
16074.123869 0.779728166570272
16117.557013 0.779728166570272
16162.563728 0.779728166570272
16204.812765 0.779728166570272
16254.523515 0.779757085020243
16304.423036 0.779728166570272
16364.384673 0.779728166570272
16409.160385 0.779757085020243
16453.780697 0.779757085020243
16496.177618 0.779757085020243
16539.408675 0.779757085020243
16581.25665 0.779757085020243
16623.279509 0.779757085020243
16675.346258 0.779757085020243
16729.870027 0.779757085020243
16774.557396 0.779728166570272
16819.225302 0.779757085020243
16864.23324 0.779728166570272
16909.058022 0.779728166570272
16951.41084 0.779757085020243
16998.687714 0.779728166570272
17050.9309 0.779728166570272
17097.995776 0.779757085020243
17140.358345 0.779728166570272
17184.936337 0.779728166570272
17231.042557 0.779757085020243
17277.198533 0.779757085020243
17327.223885 0.779757085020243
17380.400461 0.779728166570272
17424.238355 0.779728166570272
17466.992678 0.779757085020243
17511.066124 0.779728166570272
17560.222445 0.779728166570272
17602.831599 0.779757085020243
17647.907068 0.779757085020243
17693.284245 0.779728166570272
17738.43829 0.779757085020243
17785.158027 0.779728166570272
17828.598024 0.779728166570272
17873.461558 0.779728166570272
17917.598618 0.779757085020243
17962.889062 0.779728166570272
18006.60185 0.779728166570272
18049.001802 0.779728166570272
18096.014012 0.779728166570272
18140.834364 0.779728166570272
18185.822783 0.779728166570272
18230.890793 0.779728166570272
18281.150009 0.779728166570272
18336.398908 0.779728166570272
18384.240982 0.779757085020243
18427.15384 0.779728166570272
18472.712756 0.779757085020243
18515.790116 0.779728166570272
18558.77587 0.779728166570272
18604.524106 0.779728166570272
18650.269638 0.779728166570272
18711.814035 0.779728166570272
18762.910519 0.779728166570272
18809.210811 0.779728166570272
18849.341257 0.779728166570272
18894.55827 0.779728166570272
18939.959679 0.779728166570272
18986.854938 0.779728166570272
19032.342945 0.779728166570272
19087.919676 0.779728166570272
19147.488025 0.779728166570272
19200.162114 0.779728166570272
19247.296254 0.779728166570272
19293.572898 0.779728166570272
19337.958798 0.779728166570272
19383.81713 0.779728166570272
19433.812037 0.779728166570272
19485.367194 0.779728166570272
19540.900737 0.779728166570272
19588.054935 0.779728166570272
19635.330356 0.779728166570272
19682.559465 0.779728166570272
19729.632754 0.779728166570272
19782.222113 0.779728166570272
19839.512193 0.779728166570272
19895.242013 0.779728166570272
19941.293889 0.779728166570272
19987.319643 0.779728166570272
20034.632771 0.779728166570272
20082.167663 0.779728166570272
20135.284765 0.779728166570272
20184.803005 0.779728166570272
20231.964966 0.779728166570272
20276.658312 0.779728166570272
20321.626869 0.779728166570272
20366.751442 0.779728166570272
20413.418615 0.779728166570272
20460.058829 0.779728166570272
20507.927593 0.779728166570272
20558.198428 0.779728166570272
20617.034617 0.779728166570272
20681.884753 0.779728166570272
20729.171508 0.779728166570272
20774.531576 0.779728166570272
20819.806803 0.779728166570272
20865.12394 0.779728166570272
20909.99618 0.779728166570272
20963.573183 0.779728166570272
21017.480904 0.779728166570272
21067.03156 0.779728166570272
21114.870481 0.779728166570272
21162.529205 0.779728166570272
21219.072754 0.779728166570272
21265.977189 0.779728166570272
21311.377421 0.779728166570272
21356.880554 0.779728166570272
21405.004219 0.779728166570272
21464.24623 0.779728166570272
21518.046367 0.779728166570272
21566.424499 0.779728166570272
21614.790443 0.779728166570272
21660.807711 0.779728166570272
21706.392569 0.779728166570272
21752.003721 0.779728166570272
21814.847785 0.779728166570272
21860.490374 0.779728166570272
21909.05565 0.779728166570272
21957.839192 0.779728166570272
22006.611201 0.779728166570272
22061.154095 0.779728166570272
22115.270897 0.779728166570272
22167.138116 0.779728166570272
22213.161447 0.779728166570272
22259.225694 0.779728166570272
22301.757004 0.779728166570272
22350.014898 0.779728166570272
22416.043206 0.779728166570272
22464.909575 0.779728166570272
22519.660553 0.779728166570272
22568.659432 0.779728166570272
22620.843222 0.779728166570272
22667.276045 0.779728166570272
22715.164574 0.779728166570272
22796.802991 0.779728166570272
22846.419683 0.779728166570272
22896.026961 0.779728166570272
22957.48502 0.779728166570272
23007.063967 0.779728166570272
23056.48856 0.779728166570272
23103.184116 0.779728166570272
23150.02173 0.779728166570272
23198.553262 0.779728166570272
23252.726171 0.779728166570272
23299.04498 0.779728166570272
23356.164982 0.779728166570272
23410.994705 0.779728166570272
23465.605188 0.779728166570272
23514.593351 0.779728166570272
23635.894733 0.779728166570272
23681.768658 0.779728166570272
23768.387273 0.779728166570272
23818.897299 0.779728166570272
23873.506806 0.779728166570272
23940.103915 0.779728166570272
23992.480844 0.779728166570272
24038.439691 0.779728166570272
24084.612854 0.779728166570272
24131.061079 0.779728166570272
24195.249357 0.779728166570272
24240.763382 0.779728166570272
24295.965204 0.779728166570272
24358.642081 0.779728166570272
24413.68951 0.779728166570272
24484.294614 0.779728166570272
24531.267598 0.779728166570272
24613.369133 0.779728166570272
24742.825744 0.779728166570272
24917.057072 0.779728166570272
25101.991506 0.779728166570272
25213.940189 0.779728166570272
25383.810418 0.779728166570272
25526.332499 0.779728166570272
25668.449167 0.779728166570272
25848.614337 0.779728166570272
26070.134332 0.779728166570272
26212.18223 0.779728166570272
26423.250193 0.779728166570272
26595.571618 0.779728166570272
26803.233936 0.779728166570272
26985.625958 0.779728166570272
27163.790507 0.779728166570272
27363.817815 0.779728166570272
27601.726811 0.779728166570272
27797.990246 0.779728166570272
