time objective
25.745644 1373.31200467287
37.136573 1354.7297861023
58.923396 1352.15824932041
79.058874 1349.85365615042
99.949912 1347.29654047169
121.540028 1344.98984252309
142.470872 1342.37470651733
163.022859 1340.06956500717
185.983049 1337.44408924118
207.723239 1335.19323868964
229.258023 1332.55971279417
246.746416 1329.65459304443
262.840072 1326.50271803255
278.254885 1323.47339363602
295.328462 1319.88398514689
313.315134 1316.66450715813
328.550138 1312.43381964163
344.448119 1308.92769843008
361.178513 1304.15326066279
377.611313 1300.39125207376
393.25592 1294.81099708775
408.716411 1290.78646691355
424.034389 1284.4547516747
441.226652 1279.92686035753
457.518767 1273.02592328788
473.431015 1267.9302854351
488.964829 1260.39874060263
504.712852 1254.64109541992
519.830445 1246.26916068422
535.214257 1239.71074115173
550.740547 1230.59436681865
566.011435 1222.96259963996
581.384231 1213.17799002206
596.885371 1204.76585288316
612.02427 1194.33050818506
627.391111 1185.2253963111
643.237535 1174.20163186706
662.913181 1164.43151830291
688.500658 1152.93491275271
711.13973 1142.0975644713
730.514247 1129.84329284224
750.625001 1117.97407869259
768.166248 1104.59379244742
785.305415 1091.52083138244
802.654856 1076.78876175083
821.944812 1062.23804233147
835.808038 1060.04102279595
848.991939 1020.93930396859
862.287621 1010.1739258466
875.231959 981.928913714122
887.619841 968.456454666785
899.417869 951.580939524487
912.877909 936.192216850111
927.339529 922.150935579408
941.031878 904.732602523857
952.768852 888.695383263865
963.748384 868.2189853721
974.859252 848.670563389237
986.161298 825.245195832661
999.391423 802.371540643941
1013.085804 776.6578117374
1023.658162 751.629061848089
1035.707454 724.611542204264
1047.212072 698.348164864038
1059.549724 670.030191225575
1072.287259 641.288464144126
1085.247508 610.514083046756
1091.786592 608.664082602843
1098.512757 551.937058972416
1105.076895 532.623891272191
1111.743343 481.255261557162
1118.31836 462.522629570591
1124.381783 439.126966456174
1130.119551 423.285271045846
1135.851607 403.693658334464
1142.434814 388.072430997966
1149.052265 366.13909150287
1156.053582 348.96117319229
1163.04161 329.303833846423
1169.383394 315.762553959602
1175.581192 300.118781613795
1182.071083 288.927067970762
1188.599726 275.310881532962
1195.545862 265.454467000956
1202.195934 253.729224575522
1208.850102 245.354591475036
1215.589721 236.261144325918
1222.43356 229.618382223312
1229.888877 222.38107865094
1237.350135 217.118735333341
1244.594421 211.818202534439
1251.614928 207.680335901964
1258.18388 203.976009351981
1264.407795 200.715533832263
1271.230336 197.719584903814
1278.149505 194.918694312787
1285.161228 192.19913352524
1291.525826 189.362066208086
1298.312909 186.123844456725
1304.888364 181.915596040472
1312.983261 177.719417535474
1321.493845 174.087557819795
1329.893583 170.550818135163
1337.986544 167.188273597508
1345.805278 164.724542268377
1353.824428 157.38019435197
1370.192599 151.916246890893
1378.088991 151.145036192846
1385.784249 149.624516743536
1408.731462 147.611838214241
1424.226654 144.368861616578
1440.614218 143.348740770415
1448.983756 142.53793503252
1455.591268 141.313453956078
1464.244317 140.069615252744
1472.85623 138.919456264687
1479.533222 137.032948800404
1486.198711 136.416789084816
1493.347815 134.591727001334
1500.297645 133.910567149186
1507.789245 132.988347448979
1515.412007 130.860320421401
1530.794749 129.446909341795
1547.042414 128.170637292557
1555.12384 127.739649066471
1563.02568 126.396685050923
1570.830055 125.471037024017
1578.770227 122.229196539578
1586.607765 120.471997422877
1594.325015 119.429574980034
1602.273663 118.594676318809
1610.574182 116.432351138736
1626.672725 114.255696206774
1634.394078 114.056891307821
1642.464066 109.234785703941
1650.999431 108.02879851377
1659.699705 106.009620437114
1667.784279 103.917507337835
1675.077869 102.231835513284
1681.936007 101.405071823782
1688.831409 100.59241519314
1694.878693 99.7908741872349
1701.197069 98.7882027828397
1709.001369 98.2180484957831
1716.450147 97.3601039725805
1724.160232 96.75976144757
1732.087725 96.3053586347875
1740.424148 95.8800641943566
1749.211899 95.1137327383396
1757.689396 94.825368963391
1765.779917 94.3579980168426
1774.049637 94.0004425261736
1782.192207 93.3516853163078
1790.213916 93.006838043015
1798.28618 92.590995171811
1806.097712 92.2348691575265
1813.956669 91.363755535961
1829.639822 90.7185846663991
1837.642111 90.4159722616192
1845.488639 89.9639052067949
1853.16973 89.7878620193997
1860.958237 89.3639346892749
1868.317287 88.9775394610975
1875.578147 88.4529389738381
1888.334445 87.7077568870195
1894.614663 87.4014870880206
1902.455185 87.1479367587033
1910.92133 86.8283562475373
1919.15071 86.5720539794344
1927.47307 86.2317146669662
1935.392332 86.0942693765119
1943.425774 85.8194821941487
1959.921839 85.6206400923397
1968.312197 85.4720866392074
1977.069033 85.2336888022523
1985.189529 85.0988851928061
1993.566733 84.6473839140282
2002.051837 84.5374841435853
2010.389697 84.3135296230777
2018.403748 84.1760879305566
2026.178302 84.0166378986232
2034.022776 83.938870559961
2042.841982 83.6790764242828
2053.28208 83.5854804621914
2061.148586 83.3850708579903
2067.911312 83.3064257676202
2073.856314 83.1410448465841
2079.793043 83.0940098060468
2087.436967 82.8776693021441
2095.4965 82.8049046665928
2103.618813 82.6354639950536
2113.172207 82.5711210032007
2123.734764 82.3977754647415
2132.422197 82.3886119804314
2141.152266 82.1217711111614
2149.314036 82.0651541183889
2157.269222 81.883368496495
2165.577824 81.8611653718018
2173.849321 81.6372730413733
2181.711128 81.5958240135024
2189.506887 81.4156060728402
2197.579918 81.4023158065977
2205.38839 81.1748708913439
2212.968254 81.1429449943135
2222.002447 80.9289960501759
2233.468049 80.7953384484678
2239.875329 80.6674607234393
2256.532556 80.4214801850449
2272.664477 80.2515177185133
2292.341796 80.095844519601
2309.477001 79.9144177584316
2326.350343 79.698124844693
2344.952306 79.56081298892
2361.453124 79.3646897738901
2377.210167 79.2649818456251
2391.399313 79.0691737713309
2403.157932 78.9791443622204
2417.359849 78.8038206568223
2432.591146 78.6926669862111
2447.868792 78.5238471654413
2462.945806 78.4076087649531
2478.714176 78.2472704339734
2494.381226 78.1199202388199
2509.286616 77.9633292302086
2524.854201 77.8441885695022
2540.192921 77.6969395814636
2555.844704 77.5859126146977
2571.659976 77.4460335948993
2585.434918 77.3338464746734
2597.303701 77.1992721854253
2612.18506 77.0858779923195
2626.750434 76.9584462760568
2640.828282 76.8459082454366
2655.447332 76.7134902369212
2669.902999 76.615519297398
2685.0402 76.4844489897062
2699.657365 76.3884609416512
2714.837621 76.253026084862
2729.685799 76.1468950119856
2745.791995 76.0065908523186
2762.488275 75.8978826147574
2777.643866 75.7682676996386
2793.048009 75.6744353482227
2807.333441 75.5227543409694
2821.873761 75.4274936044188
2837.043397 75.2932481610037
2852.505616 75.1998620248971
2867.407154 75.0786974107906
2882.651064 74.9922707083262
2898.053341 74.8798494024094
2913.278279 74.7882225138472
2928.080478 74.6756294831584
2943.232218 74.588311297197
2958.903377 74.4930884038051
2974.41829 74.3871939752967
2986.776259 74.2932617049427
2999.591137 74.1885696483197
3015.256038 74.0937669554634
3031.324919 74.0051052185447
3046.692755 73.9072448918311
3062.351902 73.824067951686
3077.488083 73.7198367860629
3092.111524 73.6235178597792
3107.437177 73.5265757425343
3122.961286 73.4344711491651
3137.863194 73.3385669649257
3152.727305 73.2721888668236
3167.949316 73.1531423386268
3180.927414 73.0744131067257
3191.672506 72.975239663957
3207.053602 72.8996975511451
3222.221425 72.8107041634591
3237.139473 72.7453668478637
3251.911796 72.6554494097582
3266.595894 72.5837848778784
3281.018786 72.4964955281141
3295.875846 72.4247797497511
3310.700544 72.3427316882385
3325.543522 72.2754113007175
3340.519797 72.1902535142589
3355.002666 72.1179540751261
3368.377241 72.0330264094421
3379.956977 71.950915963529
3391.031504 71.866838698266
3409.037454 71.7947337080574
3423.973935 71.7069205106154
3439.453231 71.6308306401116
3454.374536 71.5499422278782
3469.603948 71.4806260862131
3484.38205 71.4050021888093
3501.232461 71.3319942252334
3517.607328 71.2601774946933
3531.958462 71.1854359444083
3544.267741 71.1125472794842
3556.484017 71.0309026790596
3568.921566 70.9523837669319
3583.261063 70.875762012654
3599.902822 70.8108213207697
3615.362321 70.7244377768263
3631.35293 70.6553856415124
3648.305951 70.5793271378036
3664.293531 70.5097940215535
3679.253666 70.4262833885556
3694.184358 70.3531981023021
3707.143632 70.2672992885663
3718.592822 70.203342489567
3731.570761 70.0943935239702
3746.624003 70.0251180666265
3761.828765 69.9232449111537
3776.806166 69.869744761135
3793.523654 69.7555698646007
3809.123113 69.7098682758668
3825.081969 69.5990024935202
3840.971011 69.5398038475481
3856.126257 69.4473608746558
3870.190071 69.3949613187475
3882.086814 69.2892928465445
3895.430679 69.2302384492107
3909.735955 69.1311885498402
3924.823956 69.0830036662167
3939.20806 68.9779985140422
3953.807041 68.9344569267038
3969.042668 68.8319890842136
3984.084098 68.7804974869013
4000.022868 68.6835504454129
4016.333956 68.6299646130389
4031.177371 68.5377343708515
4044.558618 68.4861601997335
4056.487334 68.3855820877053
4068.257484 68.3301983398866
4083.061133 68.2367264368298
4099.203541 68.1812789919588
4114.9602 68.0945658019938
4132.940197 68.0411772442681
4149.681887 67.9588848884784
4170.542734 67.8971995852013
4186.597766 67.8119444145874
4201.759261 67.7564560166229
4214.294971 67.6645597656881
4226.499746 67.6162764250331
4238.16631 67.5216390452319
4250.569103 67.4710265562827
4265.470336 67.3822694164556
4281.438543 67.3339551037446
4296.949539 67.2517115524575
4317.672726 67.207806064028
4343.205 67.1259903141644
4360.08467 67.0712153013636
4374.036377 66.9964898608293
4386.750639 66.9409731457534
4402.194601 66.8581121971423
4417.164801 66.8095749496506
4431.906909 66.7274876554929
4446.540441 66.6759996341471
4461.260179 66.5966154466912
4475.65965 66.5470249019849
4486.726703 66.4673190402222
4499.807657 66.4158814710215
4512.161468 66.3401469396704
4527.515968 66.2775610482971
