time objective
10.011253 1373.08192738491
15.212168 1335.02169245
20.62866 1311.79960920502
25.927271 1269.79153244804
32.342691 1182.08798041637
37.676792 1111.67670069484
43.056614 1071.68793014574
48.454447 986.420141502651
54.266517 935.827307076425
59.87117 916.667481710615
65.290728 894.555592422361
71.780128 808.798699553579
77.816793 726.109947077802
83.928547 688.962565870628
89.924448 647.778071181517
95.452575 611.643882508427
100.986365 589.591159447137
106.543542 583.327685224527
112.076018 558.84650408292
118.734188 450.567420006698
124.17368 375.770583281074
129.60941 374.906759262415
135.838819 342.550017912859
141.665095 278.322090635263
147.304614 268.526682219882
152.952759 267.363986866725
158.584354 264.875848340088
164.095706 261.721525966362
169.651059 231.940006095853
175.063703 188.207408742791
180.535065 169.333744609517
186.364055 161.074288118474
194.282044 150.082875328715
200.624393 143.886391096251
206.135133 142.185854643372
211.761763 139.843031128795
217.183928 130.866891637864
223.339851 130.04978110343
229.674577 123.857418010157
235.760765 121.826129405208
241.817173 118.287034297112
247.288602 117.126771404147
252.78349 114.714976062397
259.214841 98.9046987905411
265.342317 96.0472973815855
271.198193 93.4344315794081
276.713763 86.1482429358501
282.550727 77.0291637112622
288.128617 75.8240263075107
293.681072 74.6301371285172
299.721337 73.61147454036
305.902491 73.3856626460193
311.553567 72.9885291059222
318.123413 71.9359628351821
324.093643 69.0554086481958
330.46123 68.8179025411004
335.930568 66.4597476780201
341.176998 61.6106332679328
346.44444 59.6707819431929
352.12432 59.0238176366762
357.651922 58.5724456795687
363.210334 56.5827220539927
368.746743 52.9046999037763
374.401422 51.4753211850677
379.644662 50.5165475680138
384.701905 49.4423617798418
389.742995 48.2416351767084
394.965407 47.7837748138961
400.175486 47.4005525230991
405.661568 47.013523057139
410.873158 46.3453479168555
416.277844 46.0275627660965
422.020721 45.4823899910301
427.210404 45.3989820291648
432.220305 44.6001671406335
437.281953 44.4766102174587
442.55831 44.0833288274952
447.980137 44.0346936160642
453.262961 43.9609902751794
458.706097 43.8618611515244
464.011864 42.1743400841895
468.904204 40.9483807724406
473.801827 40.4036071920469
478.737954 39.2785009702415
483.667757 38.4955514271728
488.700424 38.1524231703788
493.824126 38.0870523782342
498.806215 37.9758881179543
503.730394 37.5105314261765
508.474011 37.3518336502966
513.137271 37.1018517552208
517.826763 35.9425147109243
522.496165 35.1049439629121
527.496318 34.8129360479288
532.283395 34.7445479267579
537.032 34.6629450687222
541.778195 34.460547159597
546.44859 34.048351857544
551.165247 33.8346150246088
555.700736 33.5888268351299
560.216757 33.5623705066813
564.718376 33.2900365960305
569.262182 33.2360142025314
573.917618 33.1879327119511
578.542234 33.1709124052135
583.144253 33.0489605601054
587.638249 32.4451360740247
592.040461 32.1988589963233
596.31286 31.6352904445322
600.573686 30.9809698325258
604.810491 30.8221590324519
609.101376 30.5546908754239
613.407998 30.5260928818565
617.710923 30.4776335507064
621.976764 30.4421430399194
626.263707 30.3575550746963
630.47559 30.284066326046
634.623405 30.1835910619564
638.711227 30.1181038499282
642.910928 30.045393765536
647.818769 29.9899478247089
654.857903 29.9100520693714
660.638533 29.871040228409
665.23908 29.7541053595777
670.690737 29.7156965689936
675.570627 29.6310700483864
680.845865 29.6269239455219
684.853609 29.6035197799471
689.193169 29.5564438641622
693.986785 29.5409455410997
698.197145 29.4546040755335
702.358415 28.3851382489992
706.270102 27.1327238775934
710.18651 26.7194553605645
714.102887 26.5804813452356
717.996675 26.3511978477731
722.452974 26.1978477806616
726.404867 26.1681357193724
733.879339 26.1675848144041
737.74659 26.1652687421393
