time objective
62.090498 1373.08192738491
128.620634 1360.04790743825
201.4152 1358.75275056707
285.148542 1358.25907639833
352.80788 1357.95363268311
426.186727 1357.16894557835
516.904534 1356.63117979694
583.537785 1355.67226065982
650.223684 1355.40663752062
744.769303 1354.20946976772
809.548873 1353.73832309228
886.004361 1353.43642696841
968.434809 1352.71439869785
1030.505497 1352.17118158839
1103.338428 1351.29761931299
1173.779053 1350.98896914123
1244.281409 1349.91050025095
1311.465707 1349.90668458751
1382.533735 1348.55340131277
1453.948699 1348.14166371839
1523.388958 1347.92535771288
1595.652293 1347.14864230103
1662.220524 1346.77256869442
1733.569111 1345.8280740794
1800.673829 1345.70016962581
1870.174196 1344.53354737207
1938.023025 1344.12472359106
2004.098379 1343.87659489676
2073.926316 1343.20116934229
2138.859212 1342.74720307266
2206.266544 1341.93987793202
2276.777949 1341.68134224589
2342.176424 1340.7012547346
2408.267371 1340.69013183151
2479.191361 1339.48548651796
2545.310344 1339.1113871829
2612.83049 1338.9020601815
2679.954776 1338.22630317504
2747.175685 1337.8412153554
2813.38246 1337.03792080666
2878.356265 1336.83626553856
2948.449675 1335.86927377855
3016.493491 1335.48706832511
3109.701876 1335.22818943769
3182.949182 1334.67090995533
3243.256412 1334.17575011739
3315.720469 1333.52830522975
3387.455892 1333.16488416067
3459.337008 1332.40290536186
3529.39715 1332.20106591637
3598.390258 1331.29465806809
3671.886354 1331.29089947891
3740.676073 1330.20360292685
3806.653954 1329.86429042177
3874.781638 1329.66490441514
3934.316859 1329.072754076
4009.428059 1328.68855840437
4079.065137 1328.00214341863
4144.436438 1327.74939902365
4234.733467 1326.94635982175
4296.709986 1326.85167708759
4364.335935 1325.90534214319
4424.338111 1325.57009268556
4487.176808 1325.35017968101
4549.453781 1324.83205714567
4603.301272 1324.39957642916
4658.895333 1323.80976375883
4711.335231 1323.47736925374
4766.626892 1322.80032963895
4827.28837 1322.58609940647
4884.384245 1321.8036291927
4938.365791 1321.72865678645
4997.855207 1320.81957092049
5057.23662 1320.50220560461
5113.036811 1320.29193103206
5173.554111 1319.80412127893
5226.818858 1319.38356069478
5288.177313 1318.83610712267
5341.908228 1318.49738513871
5399.362004 1317.87912329567
5462.473609 1317.63478920851
5520.604225 1316.93301711338
5577.924682 1316.79729581025
5640.314214 1315.99765191362
5694.217478 1315.98654082317
5751.619549 1315.07290515163
5807.732041 1314.77837066504
5876.327921 1314.58815498087
5948.327831 1314.11556467195
6012.660003 1313.72742185796
6076.877185 1313.20425767958
6136.983974 1312.88380101012
6199.593943 1312.30228606254
6257.55921 1312.0579207487
6319.784359 1311.4094936289
6377.143506 1311.25042795427
6439.308202 1310.52573164757
