time objective
0.124961 1381.69409156785
0.29264 1379.67726308345
0.5077 1377.31532335243
0.774953 1374.90683944734
1.084631 1368.25269327967
1.431857 1359.63132808955
1.807216 1350.50928168563
2.234746 1339.72260539863
2.704525 1333.63085493361
3.252866 1327.80961423227
3.753824 1321.71643152353
4.31146 1314.63307277617
4.876791 1308.64168287596
5.466331 1300.05448193307
6.122705 1294.28916765377
6.740713 1293.58637884765
7.428461 1282.05163682934
8.046472 1277.87152596396
8.749794 1273.95124387284
9.485893 1263.43066039617
10.27203 1247.78235427135
11.009497 1247.12253387307
11.815261 1231.11626580845
12.59298 1225.39301915324
13.426195 1221.15631796565
14.282678 1219.2002068422
15.085934 1215.50189394814
15.929037 1201.20966967951
16.787561 1191.86676771726
17.70441 1185.35543485999
18.682579 1172.18695673876
19.60834 1167.88137091981
20.510451 1164.02844717813
21.463379 1161.47153665902
22.435824 1158.45094681066
23.497037 1146.31244511775
24.547998 1136.20394820187
25.577949 1128.92008823948
26.617766 1120.72537867116
27.684118 1108.93740761047
28.752941 1106.16538651382
29.859794 1104.00548060221
31.00325 1101.02254164254
32.146236 1094.48281063206
33.326238 1076.7422525686
34.598 1067.08572849176
35.927785 1059.051372618
37.237815 1045.41352774858
38.50761 1032.59044451911
39.837496 1030.43406584491
41.103807 1028.27377604801
42.403207 1020.81865255989
43.704586 1006.19488601048
44.985058 1000.26085171195
46.310441 996.078078911355
47.639624 988.244938906793
48.960167 979.189515498636
50.33353 977.116710038262
51.658113 973.935326823027
53.032741 963.723681109909
54.480175 962.740141032648
55.971419 957.008158281461
57.435474 920.958833876959
58.829675 910.737122375688
60.219628 906.191042886684
61.696573 903.509688304286
63.201589 900.922963860867
64.657614 895.735582393142
66.208878 888.863698834856
67.724014 880.582488441158
69.292395 868.90733499333
70.874337 861.911670956217
72.371671 858.449831523997
74.072769 855.559246428825
75.5801 851.320717067674
77.17695 842.708900649458
78.988563 840.035727459889
80.768914 819.115516473114
82.325522 814.07764704648
83.966375 809.809219770247
85.544318 807.757396703305
87.11566 804.980510885334
88.761845 801.736744191115
90.358921 798.930137648497
91.960227 794.917276223549
93.590655 786.110178582298
95.626179 768.706867326623
97.339781 758.981676225136
99.175887 757.602032912786
100.84075 747.780731012756
102.488697 745.63636909623
104.199262 743.880656212194
105.946161 737.358936620602
107.732893 718.518935833523
109.50665 702.17280063001
111.270731 693.280939250195
113.02559 683.887933147501
114.773921 678.470449153852
116.523143 675.63856854421
118.250836 672.813422927843
120.000572 667.26772228611
121.740238 665.381033011366
123.558124 647.524191988335
125.333745 646.791251049846
127.101582 642.461841021239
128.842482 640.990691456608
130.609292 637.207297548619
132.388568 619.559612191419
134.191757 604.104962390218
136.000118 589.729020846319
137.805061 572.321005169828
139.607446 569.6635427421
141.425316 563.016398949025
143.265401 561.385443174984
145.117394 559.609712240335
147.06045 556.937052274235
149.081206 551.50047850053
151.022414 540.956056939278
153.199404 535.097027601346
155.182517 523.713823419742
157.26554 521.038464236062
159.39078 514.99506274997
161.373537 511.208983346571
163.610523 509.703606126289
165.544787 507.874513904851
167.496711 482.180772607019
169.595723 459.282260135584
171.737755 440.399324912805
173.709852 433.625698306751
175.708406 417.17244260291
177.690989 408.014497310016
179.692822 406.061937826151
181.677386 404.880526322926
183.804128 402.723003823204
185.957185 396.48382571821
188.118277 383.984331093322
190.176045 378.543932866512
192.228458 373.575136643391
194.305507 369.30096840855
196.460306 366.703839793184
198.639051 363.333910941884
200.700279 362.439044637646
202.765792 357.815977150521
204.830627 331.740138095914
206.913021 318.823017412338
209.074247 311.903619092611
211.239031 297.049654600684
213.434856 294.799032277702
215.605819 287.137572956851
217.753962 285.986360261719
219.926315 284.752613356313
222.094082 278.812825672166
224.219512 265.603187668231
226.361612 265.130396600387
228.449586 260.534957716538
230.550328 251.563964962032
232.68383 247.283190607664
234.821554 241.049453572502
236.955836 239.720107242349
239.090324 239.3471656548
241.235582 236.513528496885
243.360765 228.229509428139
245.549629 226.108790447387
247.716718 214.983539562664
249.926877 204.649212238936
252.119197 201.266200052335
254.37033 200.146813574861
256.629959 198.922011164369
258.881464 198.410670547339
261.105693 194.726271760952
263.298546 185.076131172177
265.499148 180.451038727555
267.691163 176.282590335073
269.940677 167.801383552342
272.170505 166.44376073485
274.428632 165.351623038255
276.665484 164.068544605877
278.909404 161.294678959602
281.741125 156.778322241024
284.41084 154.104094924757
287.137849 151.629375031104
289.449131 149.689133231625
292.05007 148.299395584223
294.427163 147.715231171138
296.746958 146.474386575324
299.055895 146.239416474696
301.557327 144.367059191569
304.03517 143.62844101934
306.352005 140.732639656945
308.662139 135.266187095688
311.07077 132.060102999815
314.035322 130.744381250532
316.955577 123.5561275177
319.985695 122.438782142675
323.033341 121.620489681302
326.130598 120.946453605829
328.939806 119.739961003105
331.88356 118.76067351198
336.342358 115.947048340886
338.736789 115.382384204525
341.202372 113.25770665716
343.842215 112.337843309698
346.648942 111.53348760159
349.024734 110.45797345168
351.414201 109.317565624583
353.778592 108.428306231829
356.088557 107.455858718389
358.439106 107.158656437314
360.818302 105.471547831365
363.253039 105.106088185339
365.71889 104.847582007355
368.199054 98.8119745067372
370.61253 88.9162994373227
372.979291 85.9454681702927
375.282761 85.3819549585321
377.650022 82.1218915429899
380.013306 78.9462856309226
382.350903 77.8343277883993
384.70524 77.5052201684939
387.063442 77.1185192929628
389.481454 75.5010751129827
391.865726 74.4313533352514
394.288719 74.1572157795292
396.785512 71.9529995555058
399.280741 69.8048431034043
401.793176 68.7893124580304
404.300374 68.4757773769247
406.793686 68.1313468123544
409.24274 66.1950763944902
411.742041 63.3028363567574
414.181676 62.6572027288222
416.590351 60.4654504693338
419.000955 58.3421312093391
421.427754 57.7351274931658
423.880205 57.3578234559093
426.33336 57.1938561026045
428.770517 56.9252476658257
431.23144 55.9315963495698
433.672262 53.3548132683774
436.149303 52.7636148899663
438.631393 50.8813145571815
441.143217 49.5837318331766
443.666263 49.3793162456471
446.204852 48.9835115994432
448.753635 48.8950054083472
451.254633 48.6812283654778
453.705575 47.099327389542
456.143513 44.4296650253104
458.601923 43.4180895091408
461.070078 42.4087593117983
463.555838 41.8432861036242
466.031229 41.6134825469406
468.499801 41.4615346052702
470.98944 41.1685499089573
473.447347 40.3565089584091
475.95108 39.7882703622328
478.445311 39.1965525533422
480.985806 38.668509529103
483.543485 38.1491359871447
486.122683 37.9694301734397
488.724077 37.8976321911491
491.277197 37.4842022732834
493.774759 36.185778078432
496.290421 35.3706748170384
498.790818 34.8218988570942
501.305507 34.2653306142383
503.837641 34.1736756216724
506.390641 34.1601535547745
508.869577 33.8831938548188
511.399839 33.8557563520588
513.877197 33.7943369213787
516.38463 33.0715186275232
518.923985 31.9593610091231
521.394727 31.4774797245414
523.990514 31.4569133000175
526.552818 30.9054673219663
529.108637 30.7869180118153
531.665647 30.5888100349785
534.149623 30.5554543137696
536.582003 30.3861027044076
539.054014 30.177917722045
541.572085 29.7905720635031
544.114273 29.5128894404265
546.620347 29.3471044272912
549.105111 29.26007069622
551.566128 29.2063601375648
554.041824 29.1515071755305
556.496658 28.9987844261897
559.017488 28.4761335975077
561.56012 28.3218623253755
564.111206 28.2078943593609
566.696447 27.8614091839209
569.298071 27.8328686998633
571.901696 27.6115143644018
574.440628 27.5410365783023
576.99812 27.528540564656
579.570527 27.5076950108247
582.176689 27.3521448977581
584.698944 27.1507211658214
587.182741 26.8531953613101
589.683009 26.740867125472
592.147512 26.6745131259252
594.579057 26.5412561000486
597.058071 26.5183172466493
599.585865 26.4967092628491
602.089515 26.3484314200077
604.529853 26.2201147455739
607.034771 26.1208707731719
