time objective
0.350151 1385.0995912438
0.853645 1379.06659828619
1.419572 1368.46618923735
2.052276 1330.25585100061
2.851771 1308.30762212432
3.719462 1292.63032039623
4.737699 1281.40542675469
5.736727 1268.07572346748
6.787789 1255.23554958802
7.884474 1245.92212654031
9.080922 1229.72603703285
10.411796 1195.12065398122
11.822169 1179.65002073917
13.283438 1176.03278076526
14.76372 1157.9847173519
16.477395 1147.58494358054
18.213358 1139.87814433865
19.858917 1112.6845530287
21.513015 1077.62179031378
23.124205 1046.98939698865
24.738155 1040.37584523625
26.423997 1005.77033843755
28.118599 993.141884369947
30.023896 985.906554978018
31.774438 985.370399134498
33.609937 983.430584375592
35.369783 981.025500202327
37.138018 939.652288132837
39.032166 898.816962361521
40.87273 863.750998174804
42.791039 858.675249077197
44.693625 820.658715181458
46.635114 801.924602031017
48.62122 797.66597062798
50.606148 791.344098736264
52.59726 757.889066177805
54.740833 751.606293982232
56.880881 715.587834657085
59.061225 686.284571971431
61.275093 658.01565643153
63.50957 643.063560062797
65.758771 636.761021381913
68.016482 627.000084522297
70.378102 619.899751534972
72.744569 600.757517024984
75.084756 594.033244873901
77.443727 584.522618333806
79.765412 578.554168948953
82.115678 567.359508357196
84.430411 563.539584327674
86.858214 561.56395192008
89.30571 541.179805250061
91.749625 536.574785600534
94.19587 533.788406051888
96.624253 514.744008673045
99.153607 482.643776967752
101.725632 480.663506748238
104.317862 450.262976386491
107.063773 396.504047005221
109.749308 369.057730221342
112.437136 364.745963690495
115.058059 362.289546937651
117.730808 357.231478830363
120.425471 344.92779614107
123.120291 340.389589422815
125.783902 333.860912261304
128.35678 331.531427342342
130.987775 321.040092137357
133.846724 318.914300580034
136.627545 317.3440359135
139.488652 296.456896856931
142.762639 279.631548095798
145.937638 265.189640751439
148.849161 241.90378914597
151.758711 227.351188952741
154.668454 217.815063350691
157.562295 215.269459773188
160.413739 212.367299247524
163.302458 207.353438617568
166.162137 200.539500088154
169.041397 195.648152896691
172.036023 189.183849040839
175.002275 185.558338278131
177.980677 173.970954535362
181.024172 173.962390425175
184.147907 171.806280714979
187.315369 171.1139666178
190.456293 170.617519790366
193.517385 164.774346620946
196.627093 145.373885066174
199.700714 129.555497469317
202.755632 121.627186706298
205.829853 115.060572818415
208.925974 111.082872107438
212.083109 109.631281610765
215.21952 108.664603918144
218.400773 107.472690042336
221.616433 102.244217391366
224.860738 102.003389451121
228.152002 100.173702517849
231.318647 96.1134073749618
234.765264 94.624390880499
238.125956 93.8595260339004
241.288233 92.9808730113853
244.356395 88.2980596329751
247.592311 78.9041403200827
251.757706 77.2359437750336
255.560271 71.4110005227857
259.181369 63.3955056039151
262.660628 62.5437016173297
266.063905 61.1257012339967
269.404866 60.7292604327484
272.751571 60.5123199525796
276.060446 59.0376578998575
279.296034 55.7402653931365
282.593373 55.1180305820487
285.878435 52.423381933439
289.177463 50.0510784910569
292.516847 46.8570945094998
295.924645 45.9798075912656
299.360183 45.7183308895753
302.802953 45.4580062174423
306.277568 44.8622169328921
309.754509 43.7177732054214
313.219244 42.8891507348777
316.627558 42.1122709428853
319.983801 41.5943786329107
323.298662 41.2995111058783
326.644184 40.7600061555719
329.920213 40.2257247028393
333.234308 38.5917899870325
336.536778 38.273832925633
339.851169 37.2470916155339
343.000835 36.7750137875272
346.737366 36.5978858290029
350.279219 36.5520301675604
353.548058 36.442087063904
356.83429 36.3518213390269
360.243827 34.8315643697477
363.532255 34.7520793917691
366.827325 33.91858196584
370.150353 32.9273986093109
373.495079 31.4501342853093
377.030833 30.8637925449682
380.953078 30.7735980487216
384.926872 30.6283627956606
388.702889 30.2579611035549
392.349651 29.4562641503594
395.750732 29.2801351379375
399.093034 29.0074179595507
402.458487 28.8508341723728
405.828953 28.7560031730031
409.160713 28.6911314217969
412.520234 28.5122965391949
415.93891 28.0634406320385
419.348396 27.8884741163087
422.818848 27.6005339434355
426.281758 27.3218393944749
429.720765 27.2434190287444
433.155784 27.1977311130642
436.51623 27.1684142009583
439.831818 27.1306041152847
443.094926 27.0793306781521
446.649774 26.8678848110604
450.221141 26.8245109922566
453.825831 26.6830243639777
457.134146 26.6231480879108
460.430983 26.4604797453682
463.824666 26.3330123287231
467.487859 26.2924250279776
470.90273 26.2552013573224
474.233394 26.1900519201032
477.518311 25.9979067942513
