time train-error
230.875272 0.082716666666667
303.172134 0.06881666666666697
556.456989 0.06123333333333303
659.236639 0.06211666666666704
723.920017 0.06223333333333303
779.720781 0.06330000000000002
1008.793246 0.06231666666666702
1066.354055 0.06243333333333301
1115.524053 0.06221666666666703
1161.608377 0.06255
1203.958818 0.06259999999999999
1244.345952 0.06266666666666698
1283.17826 0.0625
1451.00823 0.06221666666666703
1492.431459 0.06215000000000004
1531.896243 0.06203333333333305
1570.248007 0.06193333333333295
1607.829203 0.061899999999999955
1645.12798 0.062083333333333046
1681.796759 0.06206666666666705
1718.177381 0.06211666666666704
1754.46377 0.06206666666666705
1790.432843 0.06194999999999995
1826.290461 0.06196666666666695
1861.641603 0.061983333333332946
1897.323885 0.06194999999999995
1932.464575 0.061983333333332946
1967.48938 0.061983333333332946
2002.384402 0.062000000000000055
2037.143574 0.061983333333332946
