time train-error
642.477177 0.021566666666666956
1129.231394 0.017383333333332973
1770.85938 0.014449999999999963
2215.371825 0.01429999999999998
2559.497791 0.013733333333333042
3131.104405 0.012983333333333014
3474.451009 0.01293333333333302
3756.503435 0.012966666666667015
4008.53801 0.012800000000000034
4238.547714 0.012700000000000045
4457.37617 0.012483333333332958
4670.766024 0.012533333333332952
4861.322379 0.012449999999999961
5039.214634 0.01228333333333298
5433.404956 0.012266666666666981
5623.091593 0.012316666666666976
5801.676113 0.01218333333333299
5974.491664 0.012266666666666981
6141.787207 0.012149999999999994
6304.885429 0.012066666666667003
6465.425285 0.0121
6621.956898 0.012066666666667003
6774.321671 0.011966666666667014
6923.666397 0.011850000000000027
7072.439193 0.011933333333333018
7222.699361 0.01183333333333303
7369.616035 0.01181666666666703
7514.071016 0.01181666666666703
7661.930635 0.011783333333333035
7810.841008 0.01181666666666703
7944.5069 0.011700000000000044
8084.083618 0.01173333333333304
8218.993703 0.011800000000000033
8356.368671 0.011766666666667036
8494.645388 0.011716666666667042
8630.222281 0.011716666666667042
8762.063881 0.011700000000000044
8892.784632 0.011716666666667042
9027.770385 0.011716666666667042
9158.316384 0.011700000000000044
9280.50972 0.011683333333333046
9412.872468 0.011700000000000044
9536.319117 0.011683333333333046
9659.54871 0.011683333333333046
9780.632651 0.011683333333333046
9901.504853 0.011683333333333046
10141.215159 0.01165000000000005
10263.378143 0.011716666666667042
10382.523142 0.01165000000000005
