time train-error
301.263042 0.68895
451.646421 0.34011666666666696
602.19398 0.25849999999999995
752.139243 0.17683333333333295
903.658029 0.16411666666666702
1058.57815 0.15400000000000003
1213.145123 0.14551666666666696
1367.878284 0.1352
1537.699698 0.12770000000000004
1687.581112 0.12188333333333301
1852.357727 0.114916666666667
2011.310722 0.11046666666666705
2180.195274 0.105883333333333
2332.243503 0.10035000000000005
2485.420488 0.09411666666666696
2637.298063 0.09184999999999999
2805.957825 0.08631666666666704
2984.480864 0.08501666666666696
3147.193034 0.08201666666666696
3312.710725 0.080633333333333
3471.084421 0.07820000000000005
3638.336844 0.07701666666666696
3804.889027 0.07518333333333305
3971.677262 0.07404999999999995
4134.427929 0.07230000000000003
4294.778715 0.07084999999999997
4461.439845 0.06940000000000002
4627.782808 0.068583333333333
4793.761682 0.06778333333333297
4956.325376 0.06641666666666701
5123.874393 0.065533333333333
5295.458191 0.06413333333333304
5466.387883 0.06318333333333304
5638.36564 0.06191666666666695
5804.60261 0.060699999999999976
5969.122842 0.05958333333333299
6140.058435 0.05884999999999996
6312.453315 0.057316666666667015
6483.043246 0.056599999999999984
6650.374037 0.05583333333333296
6810.899791 0.05491666666666695
6977.522231 0.05405000000000004
7145.317098 0.05361666666666698
7316.746709 0.052566666666666984
7484.316057 0.05203333333333304
7647.198466 0.051416666666667
7818.628587 0.050799999999999956
7990.817573 0.04991666666666705
8162.078147 0.04959999999999998
8330.982914 0.04873333333333296
8493.515927 0.048350000000000004
8665.659185 0.04805000000000004
8837.092119 0.047599999999999976
9008.738597 0.04744999999999999
9176.944556 0.046683333333332966
9338.496947 0.04679999999999995
9509.603098 0.04606666666666703
9680.010043 0.04608333333333303
9850.526729 0.045583333333332976
10020.704477 0.04528333333333301
10180.575028 0.044950000000000045
10351.250125 0.04490000000000005
10517.474901 0.044383333333333
10686.72303 0.044316666666667004
10857.484725 0.043950000000000045
11017.126079 0.04379999999999995
11186.193305 0.043466666666666987
11357.353537 0.043316666666667
11528.698888 0.04308333333333303
11700.132224 0.04291666666666705
11859.510443 0.04269999999999996
12027.723437 0.042466666666666986
12197.689473 0.04213333333333302
12368.50214 0.04200000000000004
12538.923793 0.041749999999999954
12699.537365 0.04139999999999999
12868.155603 0.0413
13039.281355 0.04115000000000002
13209.58192 0.04105000000000003
13379.619082 0.041100000000000025
13540.368849 0.040816666666666945
13709.106165 0.040716666666666956
13879.566652 0.04043333333333299
14050.898763 0.040283333333333005
