time train-error
444.86555 0.688333333333333
627.235928 0.28569999999999995
904.032381 0.19301666666666695
1132.009761 0.16749999999999998
1348.692144 0.16998333333333304
1558.326712 0.160283333333333
1769.174184 0.153216666666667
1974.42331 0.15508333333333302
2159.121439 0.14405
2329.468427 0.126083333333333
2499.15258 0.12381666666666702
2664.543878 0.12008333333333299
2826.090822 0.11318333333333297
2980.754524 0.11399999999999999
3131.044452 0.10414999999999996
3276.078503 0.10428333333333295
3416.76284 0.10243333333333304
3550.325363 0.10104999999999997
3681.733443 0.10019999999999996
3801.903227 0.09946666666666704
3919.582878 0.09865000000000002
4033.880134 0.09093333333333298
4144.630561 0.08950000000000002
4236.51994 0.09014999999999995
4327.158431 0.08936666666666704
4415.185397 0.08896666666666697
4499.027984 0.08819999999999995
4581.286635 0.08426666666666704
4651.738097 0.08320000000000005
4720.249184 0.08115000000000006
4789.483458 0.08104999999999996
4855.684929 0.08028333333333304
4913.785298 0.07986666666666697
4969.356336 0.07886666666666697
5018.764411 0.07608333333333295
5057.423271 0.07945000000000002
5091.183047 0.07876666666666698
5124.270307 0.07499999999999996
5154.5914 0.07615000000000005
5185.684346 0.075633333333333
5213.155053 0.07579999999999998
5240.469929 0.073633333333333
5262.55692 0.073566666666667
5282.361687 0.0756
5301.874523 0.07006666666666705
5320.230154 0.06931666666666703
5336.595039 0.06903333333333295
5352.972323 0.06921666666666704
5368.368356 0.06908333333333305
5384.252172 0.06946666666666701
5396.641199 0.06888333333333296
5408.328214 0.06963333333333299
5419.694307 0.06803333333333295
5430.346137 0.06781666666666697
5441.148442 0.06716666666666704
5451.741113 0.06713333333333305
5462.029055 0.066583333333333
5471.399648 0.06701666666666695
5479.043179 0.06794999999999995
5486.472472 0.06555
5493.405229 0.06396666666666695
5500.134673 0.06455
5507.13853 0.06421666666666703
