time train-error
661.701075 0.68895
1487.004566 0.3326
2275.159548 0.36955000000000005
3112.075825 0.2268
3888.191809 0.26380000000000003
4721.857336 0.220833333333333
5492.044385 0.25585
6325.89406 0.213766666666667
7089.228069 0.24323333333333297
7910.354355 0.20303333333333295
8726.118581 0.15466666666666695
9476.594022 0.16146666666666698
10283.739867 0.1522
11026.423631 0.170366666666667
11822.59667 0.15501666666666702
12616.061327 0.14601666666666702
13347.199019 0.15278333333333305
14134.392388 0.143033333333333
14858.728567 0.14990000000000003
15820.383105 0.13975000000000004
16634.072695 0.14490000000000003
17521.302735 0.136066666666667
18294.765933 0.13965000000000005
19164.330672 0.13343333333333296
19928.2057 0.13419999999999999
20854.515618 0.13088333333333302
21768.003691 0.130016666666667
22738.21103 0.13836666666666697
23728.235121 0.12748333333333295
24634.442207 0.134
25530.526328 0.125
26264.362982 0.12939999999999996
27074.33982 0.12326666666666697
27815.921973 0.12555000000000005
28548.769667 0.12716666666666698
29321.060588 0.12170000000000003
30084.336667 0.12023333333333297
30801.635127 0.12434999999999996
31568.909542 0.11821666666666697
32267.798243 0.11986666666666701
33025.502786 0.11865000000000003
33817.134942 0.11738333333333295
34522.267882 0.11665000000000003
35377.210923 0.11533333333333295
36118.257275 0.11465000000000003
36821.083118 0.11958333333333304
37588.46653 0.11204999999999998
38299.208105 0.112916666666667
39001.844541 0.11165000000000003
39704.133922 0.11524999999999996
40450.432904 0.109916666666667
41074.998678 0.112883333333333
41808.665365 0.10863333333333303
42432.062237 0.11053333333333304
43109.644986 0.10875000000000001
