time train-error
327.590802 0.688
725.233127 0.334433333333333
1085.343912 0.37148333333333305
1473.93712 0.22713333333333297
1833.446608 0.26041666666666696
2222.194759 0.22065
2584.413627 0.25341666666666696
2989.999762 0.21411666666666695
3353.517267 0.24145000000000005
3757.495364 0.20298333333333296
4155.021761 0.15486666666666704
4493.071525 0.20709999999999995
4891.454337 0.1734
5289.672854 0.15001666666666702
5665.812831 0.16195000000000004
6062.918075 0.14633333333333298
6431.136034 0.15773333333333295
6827.371478 0.14226666666666699
7194.199616 0.15043333333333297
7588.426206 0.1391
7954.148684 0.14315
8349.045892 0.13546666666666696
8714.444093 0.137166666666667
9116.006678 0.13215
9488.390007 0.13205
9892.577498 0.12965000000000004
10236.267388 0.138166666666667
10639.522087 0.12780000000000002
11013.468999 0.12721666666666698
11416.715466 0.12505
11759.287674 0.12970000000000004
12161.05921 0.12290000000000001
12532.675558 0.12155000000000005
12902.691686 0.12570000000000003
13299.880257 0.118933333333333
13668.775493 0.120966666666667
14038.109809 0.12055000000000005
14437.312861 0.11780000000000002
14777.339122 0.11828333333333296
15175.525711 0.11573333333333302
15514.298553 0.11580000000000001
15911.792638 0.11378333333333301
16220.559905 0.11881666666666701
16618.289465 0.1109
16956.690166 0.11096666666666699
17325.4449 0.114883333333333
17723.290102 0.10818333333333296
18061.70552 0.11173333333333302
18459.362022 0.10694999999999999
18797.59897 0.10896666666666699
19269.117148 0.10731666666666695
19692.764316 0.11055000000000004
20290.174978 0.10508333333333297
