time train-error
1.060738 0.3335
2.203588 0.22104999999999997
3.52095 0.20520000000000005
5.152702 0.17723333333333302
7.152031 0.16795000000000004
9.393512 0.148216666666667
11.87735 0.139133333333333
14.617628 0.13395
17.651174 0.12683333333333302
21.084935 0.12175000000000002
24.614755 0.11966666666666703
28.30942 0.11203333333333299
32.174229 0.10653333333333304
36.101748 0.10403333333333298
40.360718 0.10036666666666705
44.739214 0.09860000000000002
49.152606 0.09726666666666695
53.666453 0.09665000000000001
59.021645 0.0928
63.911736 0.08948333333333303
68.419486 0.08123333333333305
72.874143 0.08589999999999998
77.313958 0.07883333333333298
82.073795 0.07808333333333295
87.064936 0.07848333333333302
92.018952 0.07878333333333298
96.942309 0.07716666666666705
101.586913 0.07853333333333301
105.926228 0.07598333333333296
110.411386 0.07620000000000005
114.985509 0.07350000000000001
119.688108 0.07271666666666698
124.346599 0.07313333333333305
129.060636 0.07274999999999998
133.777988 0.06969999999999998
138.133072 0.07008333333333305
142.71453 0.06798333333333295
147.055553 0.067483333333333
151.575392 0.0675
155.747045 0.06736666666666702
159.817336 0.06708333333333305
163.827546 0.06730000000000003
167.857515 0.06588333333333296
171.835064 0.06530000000000002
175.92245 0.06540000000000001
179.850248 0.06494999999999995
184.033231 0.06515000000000004
187.819021 0.06498333333333295
191.842688 0.06511666666666704
195.897367 0.06461666666666699
199.761397 0.06403333333333305
203.74371 0.06436666666666702
207.702884 0.06401666666666705
211.518847 0.06256666666666699
215.371917 0.06323333333333303
218.573494 0.06326666666666703
221.648251 0.06305000000000005
225.214297 0.06306666666666705
228.975477 0.06335000000000002
232.744065 0.06335000000000002
236.85119 0.06266666666666698
240.617956 0.06266666666666698
244.227124 0.0615
248.034188 0.06238333333333301
251.433512 0.06255
254.52205 0.06255
257.538798 0.061633333333332985
260.810819 0.061733333333332974
264.027519 0.06194999999999995
267.323177 0.06243333333333301
270.800627 0.062100000000000044
273.816352 0.061983333333332946
276.478127 0.06196666666666695
279.358479 0.06230000000000002
282.565368 0.06203333333333305
285.853122 0.06184999999999996
289.059906 0.06256666666666699
292.495052 0.061799999999999966
295.711743 0.06178333333333297
298.555915 0.06194999999999995
301.106586 0.06201666666666705
303.647663 0.06213333333333304
306.694432 0.06123333333333303
309.526073 0.06186666666666696
312.586413 0.062100000000000044
315.60261 0.061549999999999994
318.69152 0.061533333333332996
321.214349 0.061616666666666986
323.615799 0.061983333333332946
326.1628 0.06168333333333298
328.870173 0.061533333333332996
331.586627 0.06194999999999995
334.190424 0.06169999999999998
336.654662 0.06168333333333298
338.85017 0.06166666666666698
340.99999 0.061533333333332996
345.309954 0.061533333333332996
348.15524 0.06194999999999995
351.052223 0.061549999999999994
353.570761 0.06158333333333299
356.069863 0.06159999999999999
358.345942 0.06166666666666698
360.474112 0.061899999999999955
362.717068 0.06206666666666705
365.38809 0.06201666666666705
368.061822 0.061716666666666975
370.529979 0.061899999999999955
372.609345 0.061733333333332974
374.726522 0.06183333333333296
377.140658 0.061899999999999955
379.27909 0.061716666666666975
381.68097 0.06206666666666705
383.92674 0.061633333333332985
386.044381 0.06183333333333296
388.250519 0.06186666666666696
390.074497 0.061899999999999955
392.078463 0.06193333333333295
394.047483 0.06184999999999996
396.087843 0.06193333333333295
398.092448 0.06191666666666695
400.274246 0.06176666666666697
402.494069 0.06183333333333296
404.589575 0.06188333333333296
406.574285 0.06191666666666695
408.626194 0.06191666666666695
410.70487 0.06188333333333296
414.412132 0.06188333333333296
417.791207 0.06188333333333296
420.268707 0.06184999999999996
422.70596 0.06191666666666695
424.922423 0.061816666666666964
426.961565 0.06176666666666697
428.932435 0.06186666666666696
430.802384 0.06176666666666697
432.804208 0.06178333333333297
435.102063 0.06213333333333304
437.079988 0.06186666666666696
438.921781 0.06184999999999996
440.694397 0.06186666666666696
442.48411 0.06194999999999995
444.311831 0.06188333333333296
446.423431 0.06184999999999996
448.499571 0.06205000000000005
450.674804 0.062000000000000055
452.58129 0.061799999999999966
454.42617 0.06191666666666695
456.309636 0.06191666666666695
459.266974 0.06191666666666695
462.559566 0.06191666666666695
464.3157 0.06193333333333295
466.310991 0.061816666666666964
468.434692 0.061983333333332946
470.567824 0.06201666666666705
472.696177 0.06203333333333305
474.760193 0.06206666666666705
476.765671 0.062100000000000044
478.540272 0.062083333333333046
480.498138 0.06206666666666705
482.482612 0.06213333333333304
484.436845 0.06220000000000003
486.47151 0.062083333333333046
488.477127 0.06223333333333303
490.370391 0.06215000000000004
492.17133 0.06220000000000003
493.984105 0.06205000000000005
495.791268 0.06223333333333303
497.802681 0.06221666666666703
499.56126 0.06223333333333303
501.395634 0.062166666666667036
503.1637 0.06220000000000003
504.893405 0.062166666666667036
506.614438 0.06213333333333304
508.37255 0.06215000000000004
510.030415 0.062166666666667036
512.030107 0.062100000000000044
513.968482 0.062083333333333046
515.711622 0.062100000000000044
517.494405 0.062100000000000044
519.3616 0.062166666666667036
521.239617 0.06205000000000005
523.036275 0.062166666666667036
524.797605 0.06211666666666704
526.63274 0.06215000000000004
528.645331 0.062183333333333035
530.330929 0.06213333333333304
533.327795 0.06213333333333304
535.149515 0.062166666666667036
536.872238 0.062266666666667025
538.879096 0.06220000000000003
540.66149 0.062166666666667036
542.614626 0.06215000000000004
544.278908 0.06221666666666703
546.037158 0.06220000000000003
547.793811 0.06205000000000005
549.709363 0.06213333333333304
551.550748 0.062183333333333035
553.297116 0.062166666666667036
555.074565 0.06213333333333304
556.836199 0.06213333333333304
558.748816 0.06221666666666703
560.578646 0.06225000000000003
563.566612 0.06225000000000003
565.341558 0.06215000000000004
567.137965 0.06221666666666703
568.893301 0.062166666666667036
570.597453 0.062166666666667036
572.467813 0.06220000000000003
574.273902 0.062183333333333035
576.024702 0.06223333333333303
577.772079 0.062100000000000044
579.664712 0.062166666666667036
581.38241 0.06213333333333304
583.413829 0.06221666666666703
585.144192 0.06223333333333303
586.962764 0.06223333333333303
588.808271 0.06223333333333303
590.557029 0.06221666666666703
592.343171 0.06225000000000003
594.208414 0.06205000000000005
595.955105 0.06220000000000003
597.776407 0.06225000000000003
599.576805 0.062166666666667036
601.262169 0.06221666666666703
603.067692 0.06223333333333303
604.874131 0.06223333333333303
606.561736 0.06223333333333303
608.446 0.06220000000000003
610.072671 0.06220000000000003
611.747258 0.06225000000000003
613.475034 0.06223333333333303
615.273552 0.062183333333333035
616.966139 0.062183333333333035
618.650889 0.06223333333333303
620.403824 0.06223333333333303
622.140819 0.06225000000000003
623.864848 0.06223333333333303
625.624131 0.06223333333333303
627.325236 0.06223333333333303
629.104553 0.06220000000000003
630.84582 0.06221666666666703
632.603093 0.062266666666667025
634.397673 0.062183333333333035
636.186881 0.06220000000000003
637.858502 0.06223333333333303
639.626848 0.06221666666666703
641.466526 0.06223333333333303
643.267411 0.06220000000000003
646.406185 0.06220000000000003
648.151322 0.06220000000000003
649.851306 0.06223333333333303
651.515617 0.06225000000000003
653.365639 0.06220000000000003
654.989253 0.06221666666666703
656.669639 0.06225000000000003
659.495915 0.06225000000000003
661.136513 0.06223333333333303
662.875276 0.06221666666666703
664.634995 0.062183333333333035
666.396192 0.06220000000000003
668.127483 0.06223333333333303
669.741859 0.06223333333333303
671.442184 0.06220000000000003
673.218853 0.06221666666666703
674.906118 0.06221666666666703
676.495185 0.06221666666666703
678.345314 0.06225000000000003
680.12107 0.062100000000000044
681.805914 0.062183333333333035
683.562898 0.062183333333333035
685.306217 0.06213333333333304
687.053331 0.062166666666667036
688.712173 0.062183333333333035
690.546809 0.06213333333333304
692.505693 0.06213333333333304
694.230061 0.06213333333333304
696.045207 0.06220000000000003
697.992109 0.06213333333333304
699.970618 0.06213333333333304
701.786565 0.06213333333333304
703.497596 0.06211666666666704
705.231485 0.062100000000000044
706.988269 0.06215000000000004
708.716501 0.06213333333333304
710.368376 0.062183333333333035
712.057327 0.06213333333333304
713.786013 0.062166666666667036
715.473511 0.062166666666667036
717.312233 0.062166666666667036
719.152202 0.06213333333333304
720.91161 0.062166666666667036
722.605083 0.062166666666667036
724.300011 0.062166666666667036
726.115997 0.062166666666667036
727.73604 0.062183333333333035
729.474944 0.062183333333333035
731.135265 0.062166666666667036
732.99407 0.06215000000000004
734.629892 0.062166666666667036
736.322129 0.06215000000000004
738.013055 0.06215000000000004
739.775053 0.062166666666667036
741.433433 0.062183333333333035
743.114321 0.062166666666667036
744.889762 0.062166666666667036
746.583596 0.062166666666667036
748.322332 0.062183333333333035
750.236956 0.062166666666667036
752.152297 0.062166666666667036
754.054752 0.062183333333333035
755.725603 0.06220000000000003
757.614313 0.06220000000000003
759.398986 0.062166666666667036
761.280963 0.06221666666666703
763.076541 0.06220000000000003
764.847733 0.06220000000000003
766.568572 0.062183333333333035
768.271413 0.06221666666666703
770.077202 0.062183333333333035
771.753456 0.062183333333333035
773.500156 0.06221666666666703
775.250753 0.062183333333333035
777.12776 0.06220000000000003
778.839685 0.06220000000000003
780.467785 0.06220000000000003
782.225704 0.06221666666666703
783.987247 0.06223333333333303
785.85164 0.06223333333333303
787.762261 0.06221666666666703
789.719513 0.06221666666666703
791.501923 0.06223333333333303
793.3626 0.06225000000000003
795.212777 0.06221666666666703
797.117844 0.062283333333333024
798.948454 0.062266666666667025
800.554486 0.062283333333333024
802.279103 0.062283333333333024
803.829481 0.062283333333333024
805.528662 0.062266666666667025
807.098163 0.06230000000000002
808.834803 0.06230000000000002
810.679468 0.062283333333333024
812.588986 0.062283333333333024
814.394564 0.06230000000000002
816.358021 0.062283333333333024
818.180532 0.062266666666667025
819.983918 0.062283333333333024
821.863555 0.062266666666667025
823.676951 0.062266666666667025
825.472559 0.062266666666667025
827.176936 0.06230000000000002
828.886363 0.062283333333333024
830.699676 0.06230000000000002
832.551664 0.06230000000000002
834.201171 0.06230000000000002
835.939929 0.062266666666667025
837.727372 0.062283333333333024
839.547163 0.06230000000000002
841.348697 0.06230000000000002
843.106661 0.06230000000000002
844.816266 0.062283333333333024
846.467263 0.06230000000000002
848.368636 0.062266666666667025
850.085852 0.06230000000000002
851.728992 0.062283333333333024
853.414458 0.06230000000000002
855.190266 0.062283333333333024
856.956883 0.06230000000000002
858.724545 0.062266666666667025
860.65508 0.062266666666667025
862.402558 0.06231666666666702
864.355377 0.062266666666667025
866.184679 0.062266666666667025
868.019188 0.062266666666667025
869.821314 0.062283333333333024
871.60349 0.06223333333333303
873.383891 0.06225000000000003
875.128581 0.062283333333333024
876.873005 0.06230000000000002
878.610566 0.062266666666667025
880.438891 0.062266666666667025
882.216173 0.062283333333333024
884.106424 0.062283333333333024
885.908905 0.06225000000000003
887.762493 0.062283333333333024
889.526651 0.062283333333333024
891.310327 0.062283333333333024
893.113286 0.062283333333333024
894.783796 0.06230000000000002
896.491614 0.06225000000000003
898.117307 0.062266666666667025
899.934513 0.062283333333333024
901.634304 0.062266666666667025
903.52608 0.062283333333333024
905.20608 0.062266666666667025
906.869201 0.062266666666667025
908.571539 0.06221666666666703
910.491235 0.06223333333333303
912.260634 0.06223333333333303
914.01053 0.062283333333333024
915.679342 0.06221666666666703
917.538438 0.06223333333333303
919.359504 0.06223333333333303
921.123223 0.06221666666666703
922.853343 0.06223333333333303
924.493245 0.06223333333333303
926.255244 0.06223333333333303
927.967378 0.06223333333333303
929.786039 0.06220000000000003
931.723425 0.06221666666666703
933.451521 0.06223333333333303
935.286904 0.06220000000000003
936.955531 0.06223333333333303
938.733638 0.06223333333333303
940.524866 0.06223333333333303
942.134933 0.06221666666666703
943.751691 0.06223333333333303
945.6435 0.06221666666666703
947.37384 0.06223333333333303
949.051515 0.06223333333333303
950.678799 0.06223333333333303
952.46762 0.06223333333333303
954.1669 0.06223333333333303
955.918258 0.06221666666666703
957.662546 0.06223333333333303
959.413137 0.06223333333333303
961.085081 0.06221666666666703
962.757824 0.06223333333333303
964.427055 0.06221666666666703
966.012271 0.06221666666666703
967.799167 0.06221666666666703
969.459871 0.06221666666666703
971.219297 0.06223333333333303
972.982109 0.06221666666666703
974.837292 0.06221666666666703
976.564317 0.06223333333333303
978.447773 0.06223333333333303
980.259371 0.06221666666666703
981.904613 0.06221666666666703
983.762364 0.06221666666666703
985.583766 0.06221666666666703
987.292685 0.06221666666666703
989.030161 0.06220000000000003
990.692397 0.06223333333333303
992.521089 0.06221666666666703
994.381233 0.06221666666666703
996.006307 0.06221666666666703
997.801466 0.062183333333333035
999.528302 0.06223333333333303
1001.256781 0.06223333333333303
1003.020214 0.06223333333333303
1004.851783 0.06221666666666703
1006.623754 0.06221666666666703
1008.248879 0.06221666666666703
1009.853683 0.06221666666666703
1011.558856 0.06221666666666703
1013.16466 0.06220000000000003
1014.991796 0.06223333333333303
1016.719966 0.06223333333333303
1018.255787 0.06223333333333303
1020.016668 0.06223333333333303
1021.773064 0.06223333333333303
1023.493766 0.06223333333333303
1025.306368 0.06223333333333303
1027.053136 0.06221666666666703
1028.727409 0.06221666666666703
1030.533463 0.06223333333333303
1032.28635 0.06221666666666703
1033.989891 0.06221666666666703
1035.693962 0.06221666666666703
1037.449999 0.06223333333333303
1039.341254 0.06221666666666703
1041.174859 0.06220000000000003
1043.104331 0.06221666666666703
1044.851021 0.06221666666666703
1046.659084 0.06220000000000003
1048.321176 0.06220000000000003
1050.166175 0.06220000000000003
1051.928435 0.06220000000000003
1053.59772 0.06220000000000003
1055.303927 0.06220000000000003
1056.994394 0.06220000000000003
1058.686953 0.06220000000000003
1060.354844 0.06220000000000003
1061.949935 0.06220000000000003
1063.594681 0.06220000000000003
1065.389661 0.06220000000000003
1067.153895 0.06220000000000003
1068.847276 0.06220000000000003
1070.805758 0.06220000000000003
1072.541109 0.06220000000000003
1074.291987 0.06220000000000003
1075.984586 0.06220000000000003
1077.755785 0.06220000000000003
1079.635526 0.06220000000000003
1081.36897 0.06220000000000003
1083.248652 0.06220000000000003
1085.020321 0.06220000000000003
1086.832614 0.06220000000000003
1088.644588 0.06220000000000003
1090.283258 0.06220000000000003
1092.118203 0.06220000000000003
1093.907492 0.06220000000000003
1095.749874 0.06220000000000003
1097.668969 0.06220000000000003
1099.65047 0.06220000000000003
1101.410691 0.06220000000000003
1103.143248 0.06220000000000003
1104.928147 0.06220000000000003
1106.698111 0.06220000000000003
1108.423648 0.06220000000000003
1110.127025 0.06220000000000003
1111.966402 0.06220000000000003
1113.735095 0.06220000000000003
1115.378415 0.06220000000000003
1117.087655 0.06220000000000003
1118.878626 0.06220000000000003
1120.566034 0.06220000000000003
1122.225209 0.06220000000000003
1123.919379 0.06220000000000003
1125.581678 0.06220000000000003
1127.302352 0.06220000000000003
1129.097402 0.06220000000000003
1130.729923 0.06220000000000003
1132.472674 0.06220000000000003
1134.07123 0.06220000000000003
1135.803495 0.06220000000000003
1137.433657 0.06220000000000003
1139.416988 0.06220000000000003
1141.189892 0.06220000000000003
1143.107515 0.06220000000000003
1144.855988 0.06220000000000003
1146.550877 0.06220000000000003
1148.328222 0.062183333333333035
1150.2539 0.06220000000000003
1151.939938 0.06220000000000003
1153.718111 0.06220000000000003
1155.487859 0.06220000000000003
1157.329492 0.06220000000000003
1159.065498 0.06220000000000003
1160.889442 0.06220000000000003
1162.688449 0.06220000000000003
1164.393292 0.06220000000000003
1166.078151 0.062183333333333035
1167.853572 0.062183333333333035
1169.57797 0.06220000000000003
1171.283049 0.062183333333333035
1173.085306 0.062183333333333035
1174.810682 0.062183333333333035
1176.545742 0.062183333333333035
1178.288598 0.062183333333333035
1180.125352 0.062183333333333035
1181.859661 0.062183333333333035
1183.670523 0.062183333333333035
1185.464151 0.062183333333333035
1187.230559 0.062183333333333035
1188.952177 0.062183333333333035
1190.723011 0.062183333333333035
1192.439787 0.062183333333333035
1194.226176 0.062183333333333035
1195.846623 0.062183333333333035
1197.495585 0.062183333333333035
1199.263558 0.062183333333333035
1201.051704 0.062183333333333035
1202.781614 0.062183333333333035
1204.491964 0.062183333333333035
1206.370441 0.062183333333333035
1208.23948 0.062183333333333035
1210.241712 0.062183333333333035
1212.068967 0.062183333333333035
1213.744399 0.062183333333333035
1215.560545 0.062183333333333035
1217.314571 0.062183333333333035
1219.255871 0.062183333333333035
1220.938153 0.062183333333333035
1222.554699 0.062183333333333035
1224.359179 0.062183333333333035
1226.118815 0.062183333333333035
1227.820864 0.062183333333333035
1229.4911 0.062183333333333035
1231.088854 0.062183333333333035
1232.841601 0.062183333333333035
1234.622178 0.062183333333333035
1236.383365 0.062183333333333035
1238.099498 0.062166666666667036
1239.84986 0.062183333333333035
1241.52343 0.062183333333333035
1243.177677 0.062183333333333035
1244.915574 0.062183333333333035
1246.5804 0.062166666666667036
1248.318504 0.062166666666667036
1250.059827 0.062166666666667036
1251.696108 0.062183333333333035
1253.422822 0.062183333333333035
1255.200078 0.062183333333333035
1256.920762 0.062166666666667036
1258.656846 0.062166666666667036
1260.381083 0.062166666666667036
1262.165789 0.062183333333333035
1263.955164 0.06215000000000004
1265.810598 0.062166666666667036
1267.612409 0.062183333333333035
1269.369688 0.062166666666667036
1271.134466 0.062166666666667036
1272.938432 0.062166666666667036
1274.854153 0.062166666666667036
1276.521341 0.06215000000000004
1278.122456 0.062166666666667036
1280.21966 0.062166666666667036
1282.31816 0.062166666666667036
1284.293077 0.062166666666667036
1286.420292 0.06215000000000004
1288.715705 0.062166666666667036
1291.044302 0.06215000000000004
1293.217752 0.06215000000000004
1295.23668 0.06215000000000004
1297.346976 0.06215000000000004
1299.458258 0.062166666666667036
1301.741941 0.062166666666667036
1303.771023 0.06215000000000004
1305.76616 0.06215000000000004
1308.019788 0.06215000000000004
1310.510721 0.06215000000000004
1312.911051 0.062166666666667036
1315.617799 0.06215000000000004
1318.525345 0.06215000000000004
1320.880664 0.06215000000000004
1323.009338 0.06215000000000004
1325.142286 0.06215000000000004
1327.063829 0.06215000000000004
1329.183272 0.06215000000000004
1331.219607 0.06215000000000004
1333.16317 0.06215000000000004
1335.077349 0.062166666666667036
1336.943989 0.06215000000000004
1338.808034 0.06215000000000004
1340.59254 0.06215000000000004
1342.249244 0.06215000000000004
1344.161491 0.06215000000000004
1346.027019 0.06215000000000004
1347.885654 0.06215000000000004
1349.718347 0.06215000000000004
1351.822831 0.06215000000000004
1353.847626 0.06215000000000004
1355.830482 0.06215000000000004
1357.82402 0.06215000000000004
1359.681228 0.06215000000000004
1361.619959 0.06215000000000004
1363.485846 0.06215000000000004
1365.355263 0.06215000000000004
1367.124449 0.06215000000000004
1368.998356 0.06215000000000004
1370.83239 0.06215000000000004
1372.677385 0.06215000000000004
1374.457071 0.06215000000000004
1376.218583 0.06215000000000004
1378.164833 0.06215000000000004
1379.995071 0.06215000000000004
1381.955777 0.06215000000000004
1383.914371 0.06215000000000004
1385.885976 0.06215000000000004
1387.581332 0.06215000000000004
1389.296602 0.06215000000000004
1391.078016 0.06215000000000004
1392.890525 0.06215000000000004
1394.565026 0.06215000000000004
1396.334352 0.06215000000000004
1398.173789 0.06215000000000004
1399.782057 0.06215000000000004
1401.549944 0.06215000000000004
1403.138865 0.06215000000000004
1404.788179 0.06215000000000004
1406.495386 0.06215000000000004
1408.207367 0.06215000000000004
1409.954061 0.06215000000000004
1411.583817 0.06215000000000004
1413.344985 0.06215000000000004
1415.045505 0.06215000000000004
1416.895529 0.06215000000000004
1418.672915 0.06215000000000004
1420.362987 0.06215000000000004
1422.166779 0.06215000000000004
1423.887184 0.06215000000000004
1425.510713 0.06215000000000004
1427.383864 0.06215000000000004
1429.179 0.06215000000000004
1430.972942 0.06215000000000004
1432.772289 0.06215000000000004
1434.55413 0.06215000000000004
1436.2608 0.06215000000000004
1438.015371 0.06215000000000004
1439.901917 0.06215000000000004
1441.641292 0.06215000000000004
1443.389263 0.06215000000000004
1445.225622 0.06215000000000004
1446.935749 0.06215000000000004
1448.581235 0.06215000000000004
1450.262743 0.06215000000000004
1451.954874 0.06215000000000004
1453.857701 0.06215000000000004
1455.476625 0.06215000000000004
1457.197181 0.06215000000000004
1458.901638 0.06215000000000004
1460.596714 0.06215000000000004
1462.35949 0.06215000000000004
1464.026717 0.06215000000000004
1465.660775 0.06215000000000004
1467.295671 0.06215000000000004
1469.053489 0.06215000000000004
1470.886657 0.06215000000000004
1472.511878 0.06215000000000004
1474.20796 0.06215000000000004
1475.936771 0.06215000000000004
1477.774402 0.06215000000000004
1479.589167 0.06215000000000004
1481.261607 0.06215000000000004
1482.895325 0.06215000000000004
1484.602022 0.06215000000000004
1486.297715 0.06215000000000004
1488.118728 0.06215000000000004
1489.883691 0.06215000000000004
1491.883087 0.06215000000000004
1493.576069 0.06215000000000004
1495.296627 0.06215000000000004
1496.931396 0.06215000000000004
1498.6841 0.06215000000000004
1500.435804 0.06215000000000004
1502.136461 0.06215000000000004
1503.917705 0.06215000000000004
1505.509828 0.06215000000000004
1507.230931 0.06215000000000004
1508.848026 0.06215000000000004
1510.423792 0.06215000000000004
1512.238572 0.06215000000000004
1513.987457 0.06215000000000004
1515.622148 0.06215000000000004
1517.153863 0.06215000000000004
1518.87258 0.06215000000000004
1520.501721 0.06215000000000004
1522.184341 0.06215000000000004
1523.872976 0.06215000000000004
1525.477945 0.06215000000000004
1527.059433 0.06215000000000004
1528.662128 0.06215000000000004
1530.29783 0.06215000000000004
1532.299657 0.06215000000000004
1534.231119 0.06215000000000004
1535.824241 0.06215000000000004
1537.616505 0.06215000000000004
1539.362915 0.06215000000000004
1541.161441 0.06215000000000004
1542.891568 0.06215000000000004
1544.657107 0.06215000000000004
1546.278521 0.06215000000000004
1547.952141 0.06215000000000004
1549.629687 0.06215000000000004
1551.502221 0.06215000000000004
1553.183666 0.06215000000000004
1554.875953 0.06215000000000004
1556.704208 0.06215000000000004
1558.448246 0.06215000000000004
1560.133598 0.06215000000000004
1561.877724 0.06215000000000004
1563.535294 0.06215000000000004
1565.142925 0.06215000000000004
1566.85415 0.06215000000000004
1568.425145 0.06215000000000004
1570.115619 0.06215000000000004
1571.800872 0.06215000000000004
1573.404101 0.06215000000000004
1575.124651 0.06215000000000004
1576.658345 0.06215000000000004
1578.267625 0.06215000000000004
1579.963799 0.06215000000000004
1581.762762 0.06215000000000004
1583.439486 0.06215000000000004
1585.011518 0.06215000000000004
1586.702971 0.06215000000000004
1588.616153 0.06215000000000004
1590.573847 0.06215000000000004
1592.207136 0.06215000000000004
1594.053414 0.06215000000000004
1595.775687 0.06215000000000004
1597.424007 0.06215000000000004
1599.139822 0.06215000000000004
1600.756035 0.06215000000000004
1602.551362 0.06215000000000004
1604.350809 0.06215000000000004
1606.011337 0.06215000000000004
1607.712394 0.06215000000000004
1609.372433 0.06215000000000004
1611.110663 0.06215000000000004
1612.839477 0.06215000000000004
1614.460266 0.06215000000000004
1616.244943 0.06215000000000004
1617.945579 0.06215000000000004
1619.692036 0.06215000000000004
1621.206979 0.06215000000000004
1622.917804 0.06215000000000004
1624.679306 0.06215000000000004
1626.459528 0.06215000000000004
1628.085204 0.06215000000000004
1629.703079 0.06215000000000004
1631.323334 0.06215000000000004
1633.04653 0.06215000000000004
1634.800882 0.06215000000000004
1636.501438 0.06215000000000004
1638.131702 0.06215000000000004
1639.777638 0.06215000000000004
1641.339878 0.06215000000000004
1643.107318 0.06215000000000004
1644.667953 0.06215000000000004
1646.294495 0.06215000000000004
1647.974619 0.06215000000000004
1649.704907 0.06215000000000004
1651.405157 0.06215000000000004
1653.132826 0.06215000000000004
1654.803155 0.06215000000000004
1656.438981 0.06215000000000004
1658.109338 0.06215000000000004
1659.880848 0.06215000000000004
1661.619724 0.06215000000000004
1663.305928 0.06215000000000004
1665.190912 0.06215000000000004
1666.860301 0.06215000000000004
1668.548032 0.06215000000000004
1670.042796 0.06215000000000004
1671.609653 0.06215000000000004
1673.190246 0.06215000000000004
1674.734332 0.06215000000000004
1676.382096 0.06215000000000004
1678.029734 0.06215000000000004
1679.791626 0.06215000000000004
1681.546251 0.06215000000000004
1683.213031 0.06215000000000004
1684.941762 0.06215000000000004
1686.577024 0.06215000000000004
1688.329456 0.06215000000000004
1690.197091 0.06215000000000004
1692.700016 0.06215000000000004
1694.366253 0.06215000000000004
1696.171237 0.06215000000000004
1697.928374 0.06215000000000004
1699.746744 0.06215000000000004
1701.828949 0.06215000000000004
1703.605066 0.06215000000000004
1705.626535 0.06215000000000004
1707.469775 0.06215000000000004
1709.244654 0.06215000000000004
1710.969705 0.06215000000000004
1712.616205 0.06215000000000004
1714.206375 0.06215000000000004
1715.969351 0.06215000000000004
1717.607583 0.06215000000000004
1719.865296 0.06215000000000004
1721.666511 0.06215000000000004
1723.511699 0.06215000000000004
1725.265522 0.06215000000000004
1727.744884 0.06215000000000004
1730.009234 0.06215000000000004
1732.355899 0.06215000000000004
1734.568431 0.06215000000000004
1736.841327 0.06215000000000004
1739.206065 0.06215000000000004
1741.575554 0.06215000000000004
1743.44172 0.06215000000000004
1745.571678 0.06215000000000004
1747.615413 0.06215000000000004
1749.481808 0.06215000000000004
1751.295066 0.06215000000000004
1754.400018 0.06215000000000004
1757.127992 0.06215000000000004
1759.162397 0.06215000000000004
1761.058959 0.06215000000000004
1762.891931 0.06215000000000004
1764.740128 0.06215000000000004
1766.654157 0.06215000000000004
1768.72567 0.06215000000000004
1770.81216 0.06215000000000004
1773.159775 0.06215000000000004
1775.156132 0.06215000000000004
1777.066943 0.06215000000000004
1778.997496 0.06215000000000004
1780.912283 0.06215000000000004
1782.755466 0.06215000000000004
1784.678164 0.06215000000000004
1786.64123 0.06215000000000004
1788.506415 0.06215000000000004
1790.494832 0.06215000000000004
1792.466391 0.06215000000000004
1794.364785 0.06215000000000004
1796.07906 0.06215000000000004
1798.200247 0.06215000000000004
1800.025612 0.06215000000000004
1801.985557 0.06215000000000004
1804.344344 0.06215000000000004
1806.283459 0.06215000000000004
1808.123377 0.06215000000000004
1810.003387 0.06215000000000004
1811.865102 0.06215000000000004
1813.700934 0.06215000000000004
1815.769414 0.06215000000000004
1817.582116 0.06215000000000004
1819.276454 0.06215000000000004
1821.295153 0.06215000000000004
1823.007266 0.06215000000000004
1824.781109 0.06215000000000004
1826.583975 0.06215000000000004
1828.330485 0.06215000000000004
1829.927035 0.06215000000000004
1831.471488 0.06215000000000004
1833.184813 0.06215000000000004
1834.964532 0.06215000000000004
1836.740015 0.06215000000000004
1838.386871 0.06215000000000004
1840.068815 0.06215000000000004
1842.030823 0.06215000000000004
1844.170142 0.06215000000000004
1846.107819 0.06215000000000004
1848.100081 0.06215000000000004
1849.836832 0.06215000000000004
1851.566226 0.06215000000000004
1853.223329 0.06215000000000004
1854.929876 0.062166666666667036
1856.455331 0.06215000000000004
1858.0803 0.062166666666667036
1859.782032 0.062166666666667036
1861.409803 0.062166666666667036
1863.161928 0.062166666666667036
1864.79842 0.062166666666667036
1866.438973 0.062166666666667036
1868.173047 0.062166666666667036
1869.79612 0.062166666666667036
1871.504184 0.062166666666667036
1873.282193 0.062166666666667036
1875.076757 0.062166666666667036
1876.830003 0.062166666666667036
1878.428547 0.062166666666667036
1880.296405 0.062166666666667036
1881.950382 0.062166666666667036
1883.55592 0.062166666666667036
1885.163862 0.062166666666667036
1886.886696 0.062166666666667036
1888.661601 0.062166666666667036
1890.345442 0.062166666666667036
1892.078923 0.062166666666667036
1893.656154 0.062166666666667036
1895.254287 0.062166666666667036
1896.96324 0.062166666666667036
1898.558405 0.062166666666667036
1900.217503 0.06215000000000004
1901.790486 0.062166666666667036
1903.53648 0.062166666666667036
1905.296676 0.062166666666667036
1907.025989 0.062166666666667036
1908.897462 0.062166666666667036
1910.774536 0.062166666666667036
1912.608703 0.062166666666667036
1914.478076 0.062166666666667036
1916.299819 0.062166666666667036
1917.979773 0.062166666666667036
1919.862698 0.062166666666667036
1921.645973 0.062166666666667036
1923.471447 0.062166666666667036
1925.388322 0.062166666666667036
1927.269164 0.062166666666667036
1929.010478 0.062166666666667036
1930.825578 0.062166666666667036
1932.585329 0.062166666666667036
1934.357279 0.062166666666667036
1935.953475 0.062166666666667036
1937.732488 0.062166666666667036
1939.544203 0.062166666666667036
1941.313213 0.062166666666667036
1942.995158 0.062166666666667036
1944.870246 0.062166666666667036
1946.66717 0.062166666666667036
1948.447042 0.062166666666667036
1950.248464 0.062166666666667036
1952.030902 0.062166666666667036
1953.68216 0.062166666666667036
1955.356561 0.062166666666667036
1957.172597 0.062166666666667036
1959.103783 0.062166666666667036
1960.895043 0.062166666666667036
1962.625247 0.062166666666667036
1964.413424 0.062166666666667036
1966.2369 0.062166666666667036
1968.061738 0.062166666666667036
1969.871012 0.062166666666667036
1971.60872 0.062166666666667036
1973.238324 0.062166666666667036
1974.973398 0.062166666666667036
1976.708274 0.062166666666667036
1978.48055 0.062166666666667036
1980.284451 0.062166666666667036
1982.297285 0.062166666666667036
1984.198864 0.062166666666667036
1985.97137 0.062166666666667036
1987.794749 0.062166666666667036
1989.689942 0.062166666666667036
