time train-error
4.00996 0.30574999999999997
8.264503 0.2591
12.791028 0.19936666666666703
17.685081 0.18191666666666695
22.913046 0.16593333333333304
28.605529 0.147283333333333
34.607043 0.141166666666667
40.988408 0.12195
47.679553 0.11156666666666704
54.625544 0.10753333333333304
61.977901 0.10519999999999996
69.810824 0.095816666666667
77.693006 0.086683333333333
85.816998 0.08430000000000004
94.024505 0.08278333333333299
102.765597 0.07631666666666703
111.516049 0.075583333333333
120.472938 0.07491666666666696
129.531608 0.07399999999999995
139.174029 0.07243333333333302
148.673539 0.07021666666666704
158.39309 0.065533333333333
168.650068 0.06345
178.896916 0.061799999999999966
189.253172 0.061466666666667
199.869278 0.06031666666666702
210.753468 0.055766666666666964
221.834475 0.05425000000000002
233.020022 0.05298333333333305
244.808704 0.05121666666666702
256.537939 0.048883333333332946
268.549051 0.04871666666666696
280.762546 0.04856666666666698
292.98534 0.04781666666666695
305.793851 0.047433333333332994
318.704284 0.04511666666666703
331.570338 0.04298333333333304
345.137493 0.04166666666666696
358.537079 0.041466666666666985
372.375182 0.041383333333332994
386.315438 0.04121666666666701
400.241161 0.03874999999999995
414.802769 0.037900000000000045
429.081767 0.03758333333333297
444.01246 0.03656666666666697
457.44668 0.03616666666666701
471.600287 0.03591666666666704
485.911373 0.03574999999999995
500.089146 0.03521666666666701
514.971866 0.03434999999999999
529.540117 0.03390000000000004
544.739845 0.03356666666666697
559.734133 0.03364999999999996
575.215187 0.03308333333333302
590.704785 0.033216666666667005
606.860936 0.03296666666666703
623.954886 0.032866666666667044
641.314153 0.032399999999999984
658.838489 0.03183333333333305
676.675853 0.030566666666666964
694.374654 0.030633333333332957
712.514028 0.02886666666666704
730.476624 0.029549999999999965
749.160905 0.02895000000000003
767.572137 0.028916666666667035
786.534064 0.02886666666666704
805.704011 0.028166666666667006
824.99326 0.02768333333333295
844.495088 0.027733333333333055
863.923595 0.027216666666667
884.140022 0.02685000000000004
904.153024 0.026733333333333054
924.168133 0.026633333333332954
944.731063 0.026716666666667055
965.016134 0.02646666666666697
985.773594 0.024866666666667037
1005.569062 0.02338333333333298
1025.721744 0.02344999999999997
1046.217742 0.022800000000000042
1066.583273 0.02236666666666698
1087.704232 0.02234999999999998
1108.726898 0.022316666666666984
1129.820608 0.02228333333333299
1151.706755 0.02210000000000001
1173.471447 0.02210000000000001
1195.031757 0.022150000000000003
1217.214062 0.021950000000000025
1239.385655 0.021883333333333033
1261.664469 0.02181666666666704
1298.508214 0.02191666666666703
1345.844692 0.02208333333333301
1394.675712 0.02191666666666703
1440.704077 0.021966666666667023
1477.217253 0.02153333333333296
1498.050724 0.021483333333332966
1519.544218 0.02153333333333296
1540.814546 0.02151666666666696
1562.258231 0.02134999999999998
1584.108908 0.021333333333332982
1605.599079 0.021399999999999975
1626.857925 0.020916666666667028
1647.583817 0.02043333333333297
1689.521582 0.020683333333333054
1713.600341 0.020566666666666955
1737.6661 0.02063333333333295
1761.774361 0.020683333333333054
1786.508071 0.020583333333332954
1811.03736 0.01998333333333302
1833.828788 0.019816666666667038
1857.324326 0.019750000000000045
1880.989957 0.019266666666666987
1904.717324 0.019399999999999973
1928.453546 0.019283333333332986
1952.843056 0.019283333333332986
1977.26569 0.019016666666667015
2001.272872 0.01888333333333303
2024.812347 0.018900000000000028
2048.692651 0.018716666666667048
2072.714372 0.01878333333333304
2096.830808 0.018583333333332952
2121.386887 0.018816666666667037
2146.027711 0.018816666666667037
2170.627181 0.01880000000000004
2195.314655 0.018266666666666986
2219.679766 0.018299999999999983
2244.129237 0.018349999999999977
2268.699301 0.018299999999999983
2293.596463 0.018466666666666964
2319.17301 0.018399999999999972
2343.782012 0.018383333333332974
2368.256344 0.01823333333333299
2392.116778 0.01788333333333303
2415.848792 0.018166666666666997
2439.691209 0.01815
2463.507934 0.018116666666667003
2487.93211 0.01815
2509.96346 0.018166666666666997
2531.546767 0.01823333333333299
2553.813552 0.018000000000000016
2575.171318 0.017833333333333035
2596.368401 0.01786666666666703
2618.469386 0.017449999999999966
2640.402963 0.01770000000000005
2662.35472 0.017616666666666947
2687.112931 0.01768333333333305
2711.519745 0.017650000000000055
2736.007782 0.017616666666666947
2759.534032 0.017549999999999955
2783.96429 0.01733333333333298
2808.813209 0.017283333333332984
2832.54827 0.017433333333332968
2857.006832 0.01741666666666697
2881.351505 0.017299999999999982
2905.238577 0.017349999999999977
2928.414027 0.017366666666666974
2951.790568 0.016183333333332994
2972.238973 0.016449999999999965
2992.577349 0.015983333333333016
3013.700368 0.015966666666667018
3034.640909 0.015833333333333033
3056.058658 0.01578333333333304
3077.651649 0.015833333333333033
3098.96574 0.015716666666667045
3120.657713 0.015700000000000047
3141.903099 0.015900000000000025
3163.3576 0.01568333333333305
3185.57826 0.01566666666666705
3207.408109 0.015733333333333044
3229.107215 0.015750000000000042
3251.018286 0.015549999999999953
3272.966071 0.015733333333333044
3294.045217 0.015750000000000042
3315.926155 0.015800000000000036
3337.356859 0.015499999999999958
3358.974544 0.01566666666666705
3380.294321 0.01566666666666705
3401.022396 0.015700000000000047
3421.655676 0.015716666666667045
3441.788142 0.015833333333333033
3459.379319 0.015716666666667045
3478.387399 0.015449999999999964
3496.811494 0.01539999999999997
3515.72407 0.015433333333332966
3534.499519 0.015416666666666967
3553.081395 0.01548333333333296
3571.832653 0.015416666666666967
3589.934762 0.01548333333333296
3609.175168 0.015466666666666962
3628.438446 0.015449999999999964
3648.479187 0.015233333333332988
3668.402157 0.015199999999999991
3688.388922 0.015183333333332993
3708.911507 0.015083333333333004
3728.422866 0.015083333333333004
3748.162852 0.015066666666667006
3768.261471 0.014933333333333021
3787.768532 0.015283333333332982
3807.843513 0.014966666666667017
3827.735428 0.014933333333333021
3848.218738 0.014900000000000024
3868.858168 0.014883333333333026
3888.750942 0.014833333333333032
3908.711193 0.014883333333333026
3927.931045 0.01466666666666705
3947.415703 0.01466666666666705
3966.543741 0.014766666666667039
3985.333715 0.014733333333333043
4004.488079 0.014800000000000035
4023.203468 0.01475000000000004
4042.918031 0.01475000000000004
4061.386449 0.014683333333333048
4080.109 0.014816666666667033
4099.578278 0.014783333333333037
4119.049594 0.014366666666666972
4137.453993 0.01429999999999998
4155.440471 0.014516666666666955
4174.594407 0.014433333333332965
4193.434744 0.014399999999999968
4213.119676 0.014349999999999974
4231.51176 0.014333333333332976
4249.915663 0.014433333333332965
4268.350413 0.01438333333333297
4286.09308 0.01419999999999999
4304.271006 0.014283333333332981
4322.294965 0.014183333333332993
4341.141079 0.014083333333333004
4359.251752 0.014033333333333009
4378.221227 0.014033333333333009
4403.673604 0.014033333333333009
4437.529567 0.014050000000000007
4469.280579 0.01419999999999999
4507.972187 0.01401666666666701
4540.129679 0.013983333333333015
4571.07403 0.014000000000000012
4589.635222 0.014066666666667005
4606.442116 0.014033333333333009
4623.779928 0.014050000000000007
4643.87555 0.014116666666667
4662.250994 0.013950000000000018
4683.635867 0.013900000000000023
4703.772871 0.013816666666667032
4723.411674 0.013833333333333031
4745.809204 0.013900000000000023
4768.963771 0.013883333333333026
4790.585329 0.013850000000000029
4828.820153 0.013716666666667043
4851.33726 0.014033333333333009
4873.612734 0.014050000000000007
4896.399999 0.013783333333333037
4920.226843 0.013766666666667038
4942.287024 0.013733333333333042
4965.310076 0.013700000000000045
4988.78624 0.013766666666667038
5011.159215 0.013700000000000045
5032.973418 0.013683333333333048
5055.725888 0.013766666666667038
5078.330613 0.013650000000000051
5100.505986 0.013816666666667032
5123.598427 0.013683333333333048
5146.636366 0.013766666666667038
5167.99137 0.01375000000000004
5189.517251 0.013733333333333042
5210.413502 0.013783333333333037
5231.549251 0.01375000000000004
5253.175913 0.013850000000000029
5274.040816 0.013800000000000034
5295.229333 0.013633333333333053
5317.129105 0.013616666666667054
5339.606154 0.013633333333333053
5361.577313 0.013683333333333048
5382.967595 0.013666666666667049
5403.272213 0.013566666666666949
5424.487459 0.013633333333333053
5445.613485 0.013583333333332948
5467.753301 0.013566666666666949
5490.185682 0.013449999999999962
5511.330104 0.013499999999999956
5532.529408 0.013499999999999956
5553.812442 0.01346666666666696
5575.745569 0.013449999999999962
5598.076733 0.013433333333332964
5618.428599 0.013416666666666965
5638.944618 0.013616666666667054
5660.070414 0.013533333333332953
5680.661827 0.013499999999999956
5701.333844 0.01346666666666696
5722.26964 0.01346666666666696
5743.657739 0.013416666666666965
5764.672643 0.013499999999999956
5785.328357 0.01338333333333297
5805.91647 0.01338333333333297
5827.75503 0.013483333333332959
5846.071733 0.013416666666666965
5865.631063 0.013399999999999967
5883.96488 0.013499999999999956
