time nnz
22.504758 226432
33.202036 226432
43.953277 226432
52.967567 226409
61.572393 226409
70.18161 226409
78.825374 226409
87.516248 226409
96.523623 226409
105.513016 226409
114.331677 226408
123.023536 226408
131.788904 226408
140.830652 226278
149.908759 226270
160.583077 226269
173.24248 226269
186.415053 226037
198.674808 209623
206.837004 153942
214.362538 152087
221.65798 152087
229.199611 152038
235.714029 152038
241.509083 138107
248.731712 137815
254.484936 136976
260.334317 136710
266.814989 135639
273.694636 135399
278.591668 105934
283.636696 103060
288.672042 94349
294.648529 94349
299.672306 93625
303.930989 93625
308.056168 93625
312.370794 93625
316.324287 92615
320.165813 92615
323.937911 92615
328.232616 87896
331.853146 86497
335.301653 86497
338.544711 79563
341.759111 70179
344.740208 70179
347.639998 70137
350.91793 70137
354.520954 67506
357.583435 67505
360.746535 67505
364.319568 67472
366.940633 57030
369.691616 55522
372.736348 55522
375.747428 55522
378.417982 55522
381.554037 55489
384.542859 55489
387.023293 55489
389.403408 51622
391.683953 50960
394.14832 50960
396.835578 49430
399.114257 49123
401.145789 49123
403.218949 49099
405.213531 49073
407.042137 44904
408.819014 43120
410.624556 43120
412.453699 43120
414.303003 43118
416.13029 42650
417.95672 42649
419.784598 34886
421.189878 32308
422.550803 30183
424.146304 30183
425.705584 29151
427.027708 29151
428.510716 29151
429.703252 27979
431.18003 27573
432.688086 27492
434.159436 27492
435.676991 27492
437.124548 26910
438.478232 25588
439.708276 23212
440.785794 22721
441.707347 22063
442.894977 21682
443.815562 21682
444.993237 21682
446.130849 21649
447.33313 20627
448.445942 20627
449.619157 20627
450.68756 19228
451.590847 18939
452.529717 18939
453.447153 18939
454.39669 18939
455.293618 18887
456.39412 18887
457.42306 18887
458.458381 18887
459.411141 16718
460.265267 16531
461.037835 16263
461.97728 16263
462.876117 16263
463.755647 16241
464.69069 16208
465.418223 16208
466.07869 15349
466.712864 14681
467.322666 14470
467.938773 14468
468.561694 14034
469.161179 14019
469.692707 13329
470.273587 13329
470.900819 13325
471.50304 13145
