time nnz
0.264996 40
0.52485 80
0.773324 117
1.031151 152
1.288159 183
1.539511 216
1.789762 248
2.038298 279
2.293996 309
2.560433 344
2.827757 380
3.099359 405
3.36361 428
3.62273 452
3.884928 484
4.197593 500
4.502122 522
4.803548 547
5.112465 563
5.397339 586
5.679106 603
5.953033 628
6.23719 650
6.522561 670
6.805856 692
7.087745 703
7.358308 721
7.638803 743
7.90824 758
8.150214 789
8.381652 818
8.613363 846
8.846892 864
9.079805 873
9.310831 873
9.546977 905
9.788914 924
10.029274 941
10.267938 967
10.507484 970
10.747241 976
10.983453 991
11.22137 1008
11.458281 1031
11.698557 1042
11.936935 1057
12.172665 1055
12.414858 1068
12.650666 1094
12.887196 1105
13.125124 1100
13.349808 1108
13.576014 1122
13.811184 1125
14.038242 1128
14.275122 1131
14.508298 1153
14.740867 1144
14.975164 1145
15.211851 1147
15.452757 1167
15.69854 1191
15.944992 1206
16.192338 1231
16.444717 1240
16.699136 1252
16.949797 1244
17.197851 1238
17.445521 1242
17.695099 1256
17.944101 1274
18.19815 1281
18.45145 1270
18.705133 1280
18.958575 1280
19.214798 1275
19.468633 1277
19.721386 1301
19.976252 1319
20.230051 1323
20.488034 1335
20.746685 1337
21.009343 1332
21.270197 1320
21.527279 1313
21.786444 1325
22.045706 1327
22.30318 1340
22.565519 1360
22.827466 1375
23.096036 1359
23.357078 1374
23.617796 1394
23.879185 1406
24.149216 1420
24.422155 1432
24.685448 1452
24.955288 1452
25.22135 1443
25.488245 1453
25.761688 1439
26.025271 1457
26.294828 1479
26.566562 1483
26.842325 1497
27.113363 1500
27.383434 1512
27.656162 1528
27.9294 1536
28.199174 1562
28.471046 1554
28.740971 1568
29.012507 1567
29.289661 1588
29.561729 1599
29.838043 1631
30.119339 1626
30.395505 1629
30.675953 1647
30.953453 1657
31.238945 1643
31.53866 1646
31.83087 1666
32.126243 1666
32.425506 1682
32.718861 1690
33.020403 1687
33.328379 1685
33.627194 1697
33.933646 1700
34.235787 1709
34.540783 1717
34.852347 1704
35.160803 1705
35.472678 1702
35.78799 1715
36.095353 1733
36.409107 1749
36.729543 1755
37.039541 1772
37.352891 1796
37.675475 1802
37.989439 1832
38.299955 1831
38.60949 1828
38.918371 1799
39.226763 1805
39.544837 1820
39.849416 1837
40.155565 1860
40.465362 1887
40.771428 1879
41.078715 1842
41.378173 1835
41.675592 1830
41.968548 1847
42.271592 1837
42.574285 1842
42.883963 1831
43.194204 1818
43.489507 1834
43.787107 1848
44.091195 1856
44.391122 1851
44.689962 1872
44.998083 1865
45.309871 1880
45.669787 1888
45.96986 1880
46.280317 1864
46.594914 1882
46.918473 1890
47.239462 1892
47.571914 1922
47.921577 1921
48.245111 1915
48.608896 1916
48.958768 1925
49.289544 1920
49.603043 1925
49.919936 1926
50.221289 1910
50.514552 1918
50.794641 1915
51.106897 1918
51.396141 1917
51.729474 1929
52.058414 1924
52.395499 1910
52.76595 1922
53.176985 1935
53.670382 1951
54.021657 1950
54.381125 1936
54.744175 1940
55.098487 1934
55.453744 1939
55.801288 1960
56.163864 1950
56.53112 1948
56.911724 1950
57.281635 1953
57.64607 1973
58.019444 1979
58.380443 2003
58.755748 1992
59.113221 1992
59.466321 1980
59.81309 1978
60.151884 2002
60.503426 2038
60.843069 2037
61.178537 2017
61.502894 2009
61.840975 2019
62.180895 2042
62.532192 2049
62.887352 2066
63.244157 2058
63.594654 2052
63.937124 2051
64.27542 2064
64.620259 2069
64.955581 2079
65.285022 2085
65.617544 2078
65.950788 2052
66.292487 2045
66.628985 2036
66.970872 2060
67.316694 2068
67.672617 2042
68.01988 2064
68.373248 2050
68.718287 2052
69.051652 2051
69.394145 2061
69.735326 2057
70.064725 2067
70.387728 2065
70.717337 2063
71.043153 2078
71.367715 2071
71.70087 2096
72.036613 2100
72.368803 2080
72.710477 2069
73.053371 2087
73.395509 2088
73.742384 2090
74.098145 2081
74.447431 2098
74.785581 2114
75.123047 2113
75.458236 2107
75.788913 2089
76.111746 2066
76.439252 2069
76.765187 2060
77.087702 2073
77.40415 2091
77.719809 2094
78.061077 2111
78.394481 2116
78.721647 2092
79.0629 2079
79.401638 2072
79.73032 2067
80.075451 2083
80.403003 2065
80.747619 2084
81.096247 2085
81.449764 2062
81.796019 2066
82.153797 2075
82.499434 2082
82.844421 2078
83.1933 2080
83.532266 2064
83.868983 2048
84.20112 2043
84.526521 2056
84.8597 2085
85.191677 2085
85.520055 2100
85.845962 2062
86.180067 2052
86.506222 2048
86.830189 2060
87.149581 2075
87.46029 2077
87.786017 2066
88.129442 2059
88.507809 2054
88.867987 2041
89.228625 2060
89.603645 2065
89.941144 2057
90.310836 2069
90.647162 2042
91.028751 2021
91.399191 2013
91.778952 2013
92.119737 2008
92.48482 2008
92.838364 2006
93.217464 2007
93.547581 2017
93.877505 2041
94.19668 2004
94.518792 1990
94.83848 1986
95.154833 1979
95.479704 1989
95.799039 1993
96.118961 1979
96.432211 1961
96.712957 1957
96.986091 1966
97.26465 1979
97.55034 1993
97.822394 1991
98.098643 1968
98.51903 1980
99.07457 1977
99.376449 1993
99.690769 2012
100.000198 2004
100.302779 2016
100.608994 2009
100.918648 2002
101.231595 2016
101.54697 2006
101.860638 2001
102.184146 1989
102.507511 1947
102.827503 1960
103.158317 1978
103.532854 1987
103.872692 1977
104.206514 1976
104.542954 1964
104.874268 1949
105.189131 1954
