time objective
380.16295 148149.121100715
726.754149 141740.459575584
901.150334 85736.8770416234
1077.594854 79666.1484065335
1253.529134 65740.6893136681
1428.870081 53030.5267408559
1604.195204 43834.485277104
1779.080027 36510.9231197149
1957.285053 30293.9129752902
2130.041525 26832.5910558124
2295.732232 24785.7551246596
2461.928519 22792.5774880483
2629.424164 20985.6954445768
2796.425588 19407.0736764751
2963.03785 18104.45074586
3130.022987 16956.9896111791
3316.111808 15841.9989795941
3496.320416 14827.5243275705
3673.51343 14125.241720065
3850.59535 13492.3902991296
4027.032817 12943.1690538345
4200.284663 12346.9973954704
4375.309102 11798.5736287399
4548.825752 11424.3608130054
4722.218326 11138.0556219796
4897.851775 10904.9765612345
5074.80535 10685.5673369686
5249.537004 10483.5205681725
5424.467091 10285.4144497414
5599.590119 10118.040947577
5775.154355 9961.71914656687
5950.430864 9815.75764036213
6125.6739 9663.65966017163
6299.612826 9534.5003282937
6474.650794 9421.6275285498
6651.259054 9321.47674670598
6826.311031 9223.34269349173
6999.387166 9132.55274852249
7173.464723 9032.17450764328
7350.092932 8953.72606789849
7525.497999 8896.04792297989
7700.444784 8829.54482578394
7875.382982 8783.38612561647
8050.25884 8733.53442883156
8227.649046 8672.85632249837
8400.610715 8625.92449588077
8573.712705 8573.38343271749
8748.037025 8534.23187544182
8923.808825 8494.56232542117
9097.407889 8449.86776974573
9270.935637 8376.35525780645
9444.160802 8349.93517987082
9617.732221 8286.92661708084
9792.555236 8259.84881838473
9966.538412 8225.45204924548
10139.837769 8172.98990563049
10314.396448 8144.76943788559
10488.737912 8106.20678433217
10663.334137 8076.66155000362
10838.277428 8055.82978696271
11013.259853 8036.87040639985
11189.184721 8012.40812139578
11364.369938 7997.25457025198
11539.988544 7971.65935929531
11714.412111 7952.06448108212
11890.151185 7931.93167707685
12066.92392 7915.34150526538
12242.682164 7891.05752737278
12593.060589 7869.45769536463
12994.547763 7854.00628480004
13509.779669 7837.60816410925
13923.368911 7824.35016082954
14325.80006 7810.97315731219
14732.609112 7799.68139113036
15209.070908 7786.93069248202
15631.137451 7775.11441918799
16030.383496 7762.02677144531
16439.011666 7751.71338113141
16842.078547 7740.36425613051
17250.287065 7731.821508086
17650.51078 7722.03787220463
18061.006136 7714.17260446883
18595.165415 7705.54658305634
19057.899826 7697.98349999412
19582.12531 7689.77053166086
20262.620878 7683.45011402241
20982.255722 7675.19158637291
21718.096855 7668.32741635052
22447.782086 7661.17011064097
