time objective
265.745122 150189.077116207
438.267354 106441.2858301
608.958732 88728.5900167964
778.494465 76703.3065359279
948.214322 66449.5326773057
1117.527593 57567.1580267918
1285.630174 48568.8800029472
1453.200023 41778.936594856
1617.881299 38659.9276533775
1782.861187 34433.6184020179
1947.746694 31112.2923405346
2112.536364 29607.4186710139
2277.956341 28274.5313292451
2442.051259 26326.0500659376
2604.855211 24394.7254177646
2767.869881 22474.2255377965
2930.712004 22348.4877153708
3093.439395 20844.187153274
3256.090264 20224.5041948828
3418.522852 20016.2421907633
3580.868334 19054.2260898327
3742.414553 17854.6597829599
3902.953875 17062.116318772
4063.440672 16637.5088654784
4223.308025 15892.7842982226
4382.890921 15669.1493678911
4541.799305 15565.1003963397
4700.039949 15211.143087182
4856.825939 14481.4455122461
5011.543127 14402.9315324338
5165.876505 13762.5843308887
5319.817081 13297.5290036734
5472.722754 13138.6555683662
5624.683454 13075.879469104
5775.90683 13040.5249279895
5925.590206 12984.328109511
6072.943785 12763.0754357652
6219.251291 12650.3039976747
6358.715319 12406.3080119641
6494.443025 12129.6932048619
6629.319914 11878.8206861915
6763.768983 11793.1275853502
6898.492991 11762.4768264075
7030.598015 11718.9914576739
7161.925434 11612.9312326664
7292.17776 11582.6356478628
7420.428679 11450.7373278264
7547.496888 11313.9376228737
7673.105509 11262.5374279468
7798.083482 11237.6958411625
7922.550979 11220.515602674
8045.403018 11139.7287076365
8147.010574 11025.5021632493
8235.987579 10988.4157889482
8326.462869 10847.5913719776
8417.270393 10746.3935088774
8507.28519 10709.695075469
8593.590876 10693.4634460885
8677.379824 10665.9314583622
8761.785899 10535.976420498
8842.062687 10436.3493331148
8921.619084 10398.4288752289
9000.942648 10386.087201979
9080.14147 10234.5694895716
9158.311942 10201.1149906271
9235.638113 10188.196428775
9312.087977 10158.1500957118
9386.567974 10132.8628531988
9459.323052 10098.7647863465
9531.769933 10092.9628558212
9603.637502 10050.6726870099
9675.071783 10027.882230997
9746.257542 10021.8404122938
9817.332323 10013.2410594294
9887.924197 9916.79524010136
9956.578624 9831.02447858368
10024.894735 9815.30142610237
10093.016691 9765.25644371826
10160.989605 9661.62268532588
10228.190916 9623.56213679186
10294.44978 9615.28494885801
10359.784784 9604.09748877254
10424.189344 9574.19712856298
10486.797665 9547.52448679564
10549.023908 9522.7512397833
10611.322134 9499.97075325176
10673.316568 9487.71138649493
10734.027025 9479.00116625608
10794.123658 9471.16576296303
10853.893826 9453.34469321309
10913.138485 9410.02659540882
10971.330847 9394.63040799879
11029.358079 9367.47835201759
11087.15088 9332.87120492457
11144.131675 9311.4129410842
11200.786672 9298.26743271975
11257.261577 9295.13946409217
11313.60292 9289.56097641044
11369.657702 9256.31594401935
11424.531742 9227.69877815161
11477.893212 9201.67219276097
11530.789131 9139.83863080609
11583.368225 9103.91932617339
11635.634926 9092.73409913347
11687.938905 9088.2190027569
11740.063703 9076.34150417147
11791.70516 9051.19229823685
11842.353858 9037.17784821561
11892.980965 9020.45761169942
11943.278751 9014.52991957838
11993.030557 8994.17491377332
12042.397717 8986.25055225123
12091.635188 8984.32169175387
12140.767284 8978.46776181916
12189.605784 8948.17297295731
12237.536369 8916.80303168051
12285.523573 8894.92131032562
12333.270196 8877.5625048347
12380.843665 8866.87152482644
12427.963029 8860.04709313038
12474.843831 8856.68594454186
12521.541197 8852.48617833343
12567.991393 8833.27362487389
12613.494648 8794.87379352128
12657.578156 8761.0639562161
12701.319307 8727.53047182693
12744.620067 8688.45679331067
12787.611796 8667.82296051613
12830.410834 8662.07056303238
12873.048255 8659.37555072511
12915.557402 8652.71735093854
12957.718058 8643.4756010593
12999.181316 8634.73760798719
13040.50421 8623.82331272548
13081.710118 8617.64497332583
13122.4764 8613.70487664599
13163.021876 8611.12664996008
13203.44634 8604.13096394681
13243.630223 8583.3802372362
13283.358636 8566.21188195139
13323.22072 8555.97006518843
13363.0073 8541.75691159452
13402.647063 8532.98148179699
13441.941013 8529.53780308383
13481.104116 8527.08448050083
13519.977728 8521.7708557534
13558.559186 8503.09322421201
13596.519285 8485.07082737801
13634.426544 8484.16559305494
13672.353731 8469.76766322467
13710.080331 8451.80503112889
13747.385147 8442.0561064545
13784.400469 8439.11859461346
13821.289682 8437.92984171107
