time objective
612.300346 150189.077116207
1456.728621 124590.378652954
2302.318557 113843.912309532
3148.341997 95662.4225158348
4040.946533 82845.5664339881
4930.954928 70698.8798763654
5815.25519 66347.1282022289
6706.223311 57159.7126993732
7599.701651 56303.6117183619
8490.766445 53673.5384881887
9451.570851 47879.1924985965
10339.629156 45177.4629590001
11224.332814 44422.1259368686
12111.140844 41886.617340905
13101.017325 41260.590382418
14214.401898 39483.2065322539
15290.031336 39095.9277192306
16334.430879 37547.6683255899
17337.569943 37072.0854522796
18329.302607 35849.9601911031
19808.58586 35245.1442782209
21061.31322 34202.5146323123
22185.156782 33541.5966884647
