time objective
5.832968 138649.989163676
10.578685 126871.575466594
15.832838 121688.080223908
21.52608 116463.500629854
27.670074 111327.540787824
34.454074 105491.452992976
42.231766 99037.784027872
51.31924 92541.9650807448
61.538055 87007.3061313897
72.612014 79169.0029022065
84.521701 73662.3666825621
96.967106 69358.1311929798
109.418843 66055.5769734336
122.626614 63346.6845007156
136.508883 58865.5008401492
152.028422 56080.6518324406
167.161909 53916.8622687207
182.216047 49760.3366966989
197.190326 47470.5542939399
212.810567 43848.2306281954
228.641946 40125.214153839
244.707021 38092.9329682094
261.751237 37253.9295974472
281.181815 35923.6410458115
300.86205 32291.9142982112
321.248415 30045.3382011609
342.139551 28549.0129912298
363.232313 27277.3354303487
384.804853 26308.846639058
406.838998 26024.4997079663
428.048514 25698.6774441845
448.478632 24933.5300401768
468.69481 23718.7806707247
489.756411 22943.6844284371
510.564111 22762.2156980321
531.812701 21686.5119287901
553.387764 21364.5410323369
575.428153 21228.9506065474
597.757986 20779.0941208881
620.506997 19441.9493553165
643.915695 18724.5378295279
667.50082 18282.1779436308
691.433357 18037.2608563089
715.429838 17586.2753137818
740.090623 17487.3253614552
764.885677 17424.2002088121
790.210068 17351.6285095116
815.833315 16761.4029868839
841.892693 16399.7543995754
873.233006 16015.0077290995
902.703454 14801.974953689
934.168571 14245.7386866039
963.367413 14077.3122076837
991.308603 14017.5478578259
1019.268725 13909.2279078771
1047.534132 13767.2659676897
1076.044276 13651.4121489747
1104.82795 13617.0877122251
1134.061609 13511.9827272969
1164.469593 13398.49685628
1196.759005 13364.4914974564
1227.5166 13334.2320235349
1258.48565 13099.0556086881
1290.142915 12897.7890445115
1322.216961 12817.3322880927
1354.401213 12566.7708442888
1386.911876 12427.5379363536
1421.95464 12384.7109297141
1455.372632 12336.8224793588
1488.962117 12179.620841611
1522.926807 12051.7907076853
1557.41698 11970.5707721815
1594.745669 11652.8804110355
1629.975254 11460.7988010776
1665.134065 11413.1983266585
1700.718826 11376.2381333903
1736.627412 11363.4012848106
1773.023293 11305.2330412959
1809.724319 11163.2218695395
1846.863127 11085.1088176588
1884.146615 11044.6292791655
1921.716505 10922.2828334891
1959.47586 10818.0705406981
1997.669553 10797.2288520628
2036.237921 10772.7344690437
2075.069548 10632.6370307489
2114.197978 10616.2143854827
2153.838338 10503.7777036379
2193.525218 10242.021078867
2233.223031 10070.1956388182
2273.447202 10034.8860207631
2313.836903 10014.0341188751
2354.501736 9999.33233351775
2395.54995 9965.2972350481
2436.873469 9930.98731271641
2478.569176 9896.40206118835
2520.656412 9883.21015714778
2562.627664 9826.16559589469
2604.864446 9799.39673394158
2647.326924 9792.95411737473
2690.092682 9764.35158080865
2733.123941 9659.05372790934
2776.611864 9648.11791888144
2822.269594 9552.23788916985
2866.256291 9463.28328119082
2910.174258 9407.47863121793
2954.266418 9391.845067726
2998.758892 9385.63296533867
3043.321716 9372.87811398208
3094.333461 9331.00184703453
3147.188825 9306.28281255389
3195.844003 9268.56856333702
3241.578305 9256.9318484804
3286.573633 9177.53143365865
3331.362204 9164.73538062467
3376.675511 9159.51283501839
3422.425023 9146.19928978967
3477.219135 9113.25069222226
3525.332149 9083.03966391956
3571.581691 9065.44739071075
3618.585297 9039.1876090309
3665.2922 9020.53807370974
3711.545955 9014.33306512906
3757.618894 9009.2354826686
3803.829984 8996.76992680677
3850.215925 8953.94776606652
3896.947392 8923.8781093723
3944.08759 8888.869602473
3991.51882 8887.11083158702
4040.656873 8844.75407591213
4096.663917 8837.22149071271
4152.631524 8834.12205350952
4202.380236 8830.10916602044
4248.999038 8804.79615654107
4295.825033 8767.14731154161
4342.790022 8737.86892197048
4389.941373 8719.64150421392
4437.145094 8679.06327209786
4483.875934 8666.42443044607
4531.186753 8662.00491416037
4579.48659 8659.44804861802
4627.532631 8649.54609459942
4673.125716 8624.41280610733
4719.45527 8608.29295873084
4765.718979 8599.15588431262
4812.354341 8591.50465708475
4859.075937 8560.01098708234
4908.173028 8554.82266776477
4962.930432 8552.61723887414
5017.214958 8550.43298606147
5071.450447 8533.38446834373
5125.717288 8531.94354037044
5179.810688 8520.28448629127
5234.592995 8518.07917196541
5289.810508 8467.54039167944
5337.86868 8458.55090472601
5383.585854 8456.8021408949
5427.588452 8453.11815930358
5472.394281 8441.74663391994
5517.905877 8436.92646420762
5563.187073 8435.56817913347
5608.423239 8406.44409536023
5652.428384 8394.25362077374
5696.205762 8389.90653093338
5739.35269 8387.97443606457
5782.00942 8384.46967834974
5824.784476 8373.38333975866
5867.747851 8367.5918672139
5911.724429 8360.64116140232
5956.293088 8336.34123260647
5999.998982 8325.54433490927
6050.859706 8322.14737347157
6102.163118 8320.10536630108
6152.994986 8317.1632814993
6203.479599 8309.60338115035
6254.159924 8304.95784919614
6305.830688 8302.67383012758
6352.50705 8285.33023992388
6396.99968 8277.88926268549
6437.952411 8274.84771767621
6477.435369 8273.68135033378
6516.728003 8270.97820089422
6555.891311 8259.46458495799
6595.510731 8256.59825601453
6636.271484 8255.70749442283
6676.781526 8230.90620953409
6717.203891 8211.57658469477
6756.96774 8203.2264644551
6795.531502 8201.29540255923
6833.638956 8196.73442837244
6871.815027 8193.0328492932
6910.660961 8188.90364774475
6949.066997 8188.57893745509
6987.469148 8182.4067789741
7025.249965 8180.53859076153
7062.636507 8179.53251908331
7100.012527 8177.61980991756
7137.082536 8171.05250626065
7175.226566 8168.94714454643
7214.90464 8159.42117982819
7253.950523 8146.96339768637
7292.148865 8140.58289203732
7329.583317 8138.14808185259
7366.469504 8136.90401912229
7402.937903 8133.40743503026
7439.484373 8123.95945188945
7477.080484 8116.71703263803
7515.091588 8114.07547294433
7553.378468 8103.6757639023
7592.597994 8097.59456978582
7631.808454 8095.96329806744
7670.928981 8093.85449071393
7709.383423 8089.18735579543
7748.228966 8084.75428183047
7787.615117 8081.66971373031
7827.850427 8071.83520607609
7863.711441 8067.06421087053
7897.822231 8065.35794123064
7931.814484 8064.11366807162
7965.33113 8062.23375128964
7998.949573 8057.76268048765
8032.791359 8051.7312412928
8067.580655 8047.07954184833
8102.470154 8041.21607699573
8136.769413 8037.1081030073
8169.96123 8035.64143708331
8203.020747 8034.59367604678
8236.141067 8032.39218241197
8269.308178 8023.51535719507
8303.210206 8014.42591492894
8337.281342 8008.82253065831
8370.906441 8005.11696713108
8405.273195 7998.71997183569
8438.461794 7996.25811143364
8470.723331 7995.33489351527
8502.587449 7994.46177018187
8534.485659 7990.90513189543
8566.759258 7976.97682528076
8599.178647 7969.46137365292
8632.482761 7962.62569627887
8665.863639 7949.45582444703
8698.808134 7943.65424329726
8730.977605 7941.11034449948
8762.125487 7940.20491486027
8793.290016 7938.55701852634
8824.682677 7933.46725267805
8856.546833 7928.61345665614
8888.67642 7925.88568581883
8921.316947 7921.31487693991
8953.262419 7918.58572898535
8984.496585 7917.11428780339
9015.162237 7916.40323438764
9045.681297 7914.98019209241
9076.156787 7908.75083553167
9106.704743 7904.18729346726
9138.906354 7898.88911374695
9171.009556 7886.74888992497
9202.265775 7879.08413665674
9233.307045 7875.03959316545
9263.139706 7873.98407449803
9293.051498 7872.91437530596
9322.597141 7870.47884435201
9352.556876 7869.58872211825
9383.634203 7867.13713872748
9414.593225 7863.3870442749
9445.392951 7860.85699459749
9475.012617 7860.06501724375
9504.605455 7859.67902377848
9533.643483 7858.33729290693
9562.627323 7847.87732079988
9593.309834 7844.41026879638
9624.588353 7839.4576347011
9655.395561 7827.03436312009
9685.68354 7822.15972901077
9715.24225 7820.56927511304
9744.04057 7819.52872434864
9772.759393 7817.63429761907
9801.91936 7814.84158788702
9830.846766 7813.04462836965
9860.42191 7810.7189173728
9889.430329 7809.09395079883
9918.275559 7808.25818861024
9946.779863 7807.69932248443
9975.047016 7807.23049156388
10003.422814 7805.47789629702
10031.540294 7794.78666359275
10060.676999 7787.08064268373
10090.389106 7781.17125309631
10119.547938 7779.22444967029
10148.96532 7766.94844818142
10178.19608 7763.66100583314
10206.436177 7762.53978034075
10233.973067 7761.79293889024
10261.770292 7759.93798044157
10289.580315 7757.33358571726
10317.568779 7755.48236383932
10345.983973 7753.84142034429
10374.010102 7751.48999482274
10401.534325 7750.53575744134
10428.871999 7750.13528468597
10455.839738 7749.6360024032
10482.641296 7744.87355208779
10510.030758 7739.18060742588
10537.96535 7736.35716652556
10565.919421 7734.77641615047
10594.262716 7732.20713519105
10621.869177 7728.09019370289
10648.791452 7727.42030535734
10675.635983 7726.97417097098
10702.070039 7724.62529473828
10728.477118 7722.25229440354
10756.376553 7721.71806322436
10784.124859 7716.64404495074
10810.996527 7713.63193277293
10838.019529 7712.00481155802
10864.211878 7711.58389959636
10890.143168 7711.14079130552
10916.420987 7708.4398583478
10942.418368 7706.57554356383
10969.917647 7704.41930254686
10997.155828 7699.43531077536
11023.446574 7697.07078600869
11049.662365 7696.01370510672
11075.341773 7695.57068817302
11100.774645 7694.53039735935
11126.705791 7692.01750409504
11152.539266 7689.82992254255
11178.494109 7688.14520754067
11205.360274 7685.60046926708
11231.126586 7684.50132819321
11256.919282 7683.79980726196
11282.713609 7683.3776951502
11307.73881 7682.95454392392
11333.178484 7681.18515052467
11358.58151 7675.03638770942
11385.12008 7672.79920939787
11411.610425 7672.12602586502
11438.013511 7666.94116953928
11464.140617 7662.53404915171
11490.237138 7661.57002504786
11515.058912 7661.26576620004
11540.011224 7660.03468195419
11565.096044 7658.20665623652
11590.263261 7655.76645981396
11616.300716 7654.75355840601
11641.738698 7653.86577621745
11667.070624 7651.8824225844
11692.215303 7651.44562774763
11716.639181 7651.21774444419
11741.199068 7649.33505470369
11765.830623 7642.71685601532
11791.165624 7639.57318569478
11817.08034 7636.48147755972
11842.730519 7635.81840959046
11868.519289 7631.12955148755
11893.43341 7630.23721316195
11917.487012 7629.88127448132
11941.644493 7628.66837807845
11965.854016 7626.65154098456
11990.394581 7625.2876519844
12015.658063 7623.60383116322
12040.307734 7622.09686332624
12064.599972 7620.8012962749
12089.166429 7620.15419558575
12112.723043 7619.98829613128
12136.775386 7618.77883763012
12160.503964 7616.81859270801
12185.382202 7615.20449561618
12210.26246 7613.33789344072
12233.871817 7611.4475581286
12257.844669 7610.67245777353
12281.449345 7610.39661746582
12304.841374 7609.72871355336
12328.617723 7606.99046160051
12352.356033 7605.05678315838
12377.076906 7603.09551257368
12401.456067 7600.9924131745
12425.144544 7600.02223853909
12449.109289 7599.2535650747
12472.291476 7599.00574653743
12495.682583 7598.41523870712
12519.037463 7596.31003908324
12542.791082 7594.2227396996
12567.107028 7593.17018246301
12591.179405 7591.56180702314
12615.223688 7589.97687735462
12638.794286 7589.12672203091
12661.611447 7588.86845431072
12684.87885 7588.2886284698
12707.610632 7586.40766277903
12730.856098 7585.54792337771
12755.776518 7583.51449339483
12779.824898 7579.85624108663
12803.470393 7579.06920337424
12826.817788 7577.88371218357
12849.63927 7577.68696472581
12872.565681 7577.15629154048
12895.004307 7575.02293513299
12918.235525 7573.98237363451
12942.532601 7571.71966509053
12966.808886 7568.18529302696
12990.122829 7566.31045614341
13012.720567 7565.03167287725
13035.416742 7564.81125809484
13057.672805 7564.16207800687
13080.192391 7562.94170438241
13103.474795 7562.00263615852
13126.407719 7561.01208129624
13149.307118 7560.47689871875
13171.609431 7559.41577377907
13194.086322 7559.12126125022
13216.387078 7558.85745868546
13238.654501 7558.24194889001
13261.022159 7556.72521153363
13283.771752 7555.88661494672
13306.992817 7554.70138627749
13329.767257 7553.75285203082
13353.120235 7552.19073656514
13375.486855 7551.96098430958
13397.336881 7551.62154054997
13419.560693 7549.58757652935
13441.597866 7544.12625658363
13464.77089 7543.94721766202
13488.260346 7542.47956208032
13511.630275 7536.2989070431
13535.077141 7533.0655662257
13557.411408 7531.07525799018
13579.516741 7530.80127019838
13601.163595 7530.40656298684
13622.876848 7529.3421924488
13644.773195 7528.46638979771
13666.856809 7527.77772234065
13688.993528 7526.91240810486
13710.543381 7526.43084786551
13732.406557 7526.03259067912
13753.761624 7525.79335842722
13775.257424 7525.4452994892
13796.940714 7524.48057334962
13818.539726 7523.19217764263
13841.185068 7522.10550609041
13862.962066 7520.6687234243
13884.676943 7519.96413033636
13906.116729 7519.62486181979
13927.561082 7519.34955680668
13948.924441 7519.07206937845
13969.723794 7518.06118904941
13990.794306 7514.50875421123
14012.417413 7512.87281522945
14034.564808 7511.31004581597
14055.984826 7509.56659824069
14076.917157 7508.86633964055
14097.577712 7508.48001708975
14118.102726 7508.18190491309
14138.747037 7507.63183435489
14159.207056 7506.69940604293
14180.550284 7505.84583222691
14201.354427 7504.90294839421
14222.331806 7504.63375779094
14242.98445 7503.76730898675
14263.537998 7503.5715915265
14283.846914 7503.32911722171
14304.298247 7501.81451471395
14324.826573 7498.34558793645
14346.76187 7496.66828545748
14369.097333 7493.74629487983
14390.274219 7491.40216954624
14411.287973 7489.36831598627
14431.568335 7489.01648259211
14451.785298 7488.76403821692
14471.760951 7488.03966961376
14492.105124 7487.40775878329
14512.533535 7486.59345571277
14532.721293 7486.27709932504
14553.213833 7485.13779940633
14573.159219 7484.86109510677
14593.203022 7484.68720751578
14613.030375 7484.19370993524
14633.029367 7482.82527817646
14653.269816 7481.81370364946
14673.746483 7481.48538367264
14694.603481 7480.75163928336
14715.41343 7478.76473804342
14735.514052 7478.31342360439
14755.341843 7478.17568329536
14775.139934 7477.88202510056
14794.80156 7476.04862226885
14814.865475 7474.26904407124
14835.495032 7472.92199467481
14855.699326 7472.29363167833
14876.293525 7471.2346530442
14896.617781 7470.26673220272
14916.240447 7470.04017752765
14935.917044 7469.77163329487
14955.459243 7468.82361183641
14975.117651 7467.19020030351
14995.628142 7466.20256773549
15015.793187 7465.20809718334
15035.843479 7464.25479356804
15055.668155 7463.5103279712
15075.128876 7463.33909928481
15094.474617 7463.17142597507
15113.894562 7462.09630399008
15133.250859 7460.25670968015
15153.852318 7459.26591008166
15174.129025 7457.89949894118
15194.44218 7455.65203344128
15214.249512 7454.91771634694
15233.469072 7454.73450503747
15252.653128 7454.24104255094
15271.816704 7453.34763333401
15291.342353 7453.15757592134
15311.00522 7452.72625891168
15330.605468 7451.41822364925
15349.805675 7451.05346925681
15368.965682 7450.92069287704
15387.979585 7450.77447716113
15407.038061 7449.77849428679
15426.081652 7448.3542637914
15446.411147 7447.62602307447
15466.247065 7446.09359542497
15486.057546 7444.63805108813
15505.21803 7444.09078094203
15524.177694 7443.93744520755
15543.07915 7443.58268322588
15562.186326 7442.78602461319
15581.374152 7442.1426763674
15600.685172 7441.62692849365
15619.893589 7440.97776637323
15639.032324 7440.59630100566
15657.976645 7440.37974701848
15676.98595 7440.23945009389
15695.745364 7439.80866743386
15714.59873 7436.79934029764
