time objective
3.061627 138650.21509986
5.044538 127814.007539197
7.507227 123190.708132151
10.459153 118260.577422662
14.072851 113268.388586955
18.792605 108617.834275062
24.580563 100758.677926291
31.622486 95024.4154484279
39.548078 89767.4570759428
48.237554 83114.720927212
57.95044 78291.9311539976
68.243759 74311.3026348856
78.494502 69727.615791754
88.968325 63443.3459911316
100.262739 60160.5247549035
111.517905 59886.0974279692
123.035923 54663.4204521561
135.21778 48508.8890353845
147.925381 45427.0304954489
160.528717 43563.8172603099
173.42041 42059.0306056965
187.450921 40086.7070936565
201.529391 37933.3830950932
215.553983 36388.3038523133
230.08617 35453.773362033
245.432699 33486.4827085961
260.481869 33003.8867436252
276.012325 32059.5013230687
292.431576 28527.256033233
309.028576 27398.6079793665
325.91301 26393.8541401769
343.380526 24382.4801103529
360.607047 23446.3870018722
378.670868 23173.2193967721
397.216663 22941.2253366449
415.588546 22430.5352486096
435.108337 21426.8223002009
454.521039 21125.9483858839
474.583632 20347.8964322927
494.748264 19684.5463203263
514.929681 19464.9822124796
536.287605 19343.1956126206
556.936032 19074.0707687343
579.106011 18473.6128500188
600.866323 17934.0444894174
623.452149 17619.1745421288
646.118584 17398.5734304589
669.40497 17114.4833177403
692.733276 16937.8763253334
716.683515 16892.5535139915
740.759999 16819.6660096301
765.350669 16073.9439942423
790.399149 15750.9663860472
816.555997 15247.2898927699
841.766456 14847.7739770674
868.216473 14543.4788806573
894.100703 14479.3103582058
921.342161 14422.1405643219
948.2594 14318.9185362852
976.020352 14061.7444280196
1003.889501 13869.8355811365
1032.212451 13722.6931655522
1061.368484 13671.5432439478
1089.650978 13414.1630990032
1119.239508 13345.964000743
1149.203962 13314.6373902809
1178.837664 13123.3432253655
1209.837419 12731.3418719623
1240.870549 12508.9047876195
1271.894881 12397.7826303666
1303.909511 12171.3650042258
1335.57486 12032.5876668274
1367.857129 11999.452770538
1401.457647 11981.9013059643
1434.094213 11911.6423006469
1467.601205 11770.4981322394
1502.606953 11716.6323123079
1537.815124 11588.8869986539
1573.646912 11495.1537282653
1609.357924 11439.2667387409
1645.499004 11417.7164332772
1682.318676 11381.4183001235
1718.288457 11184.0524459889
1755.071212 11036.7254469343
1792.799042 11014.9666919363
1830.159543 10818.655847882
1867.851294 10659.0249831285
1904.927869 10633.9565996013
1943.228493 10617.5982657547
1982.172925 10598.3970135362
2020.47206 10504.0551606668
2059.807339 10395.984857935
2099.04495 10284.8605989242
2137.486383 10183.3537606367
2176.792565 10063.3212740936
2216.273828 10025.6505854877
2255.786521 10011.5361042251
2295.476194 9989.61664206512
2335.276903 9940.68771560846
2375.271214 9929.74500555364
2415.924167 9891.5160707291
2457.216199 9812.9817240696
2498.103976 9753.70628950544
2539.530833 9734.388122876
2580.376628 9726.27666051879
2621.928013 9720.17073102683
2663.854624 9671.22139661001
2705.621485 9598.91548397304
2747.844917 9554.11803548339
2790.533917 9489.77809661846
2832.833773 9438.03714920362
2875.625392 9418.9710091858
2918.68282 9412.46489626707
2961.501681 9393.80305269159
3004.490551 9352.76026545871
3047.465034 9311.77918643662
3090.511503 9305.84921922423
3134.086645 9274.40659009199
3177.503966 9240.54042952932
3221.041368 9227.5296870526
3264.395496 9224.38706119412
3308.583718 9211.87758537064
3352.380559 9144.39840457177
3396.286024 9093.76876398412
3441.609208 9062.25230464293
3487.505266 9062.04113411167
3532.717075 8987.42994898146
3577.590698 8972.44497150783
3622.45692 8968.34342814018
3667.239091 8962.4810308598
3712.32231 8944.17880372945
3756.522907 8914.45319817268
3802.826543 8906.42636340414
3850.385538 8879.85926398783
3895.545767 8855.08848334485
3940.747449 8842.73175895004
3984.966585 8839.12014054769
4028.565093 8835.34564484716
4071.892514 8814.78469774925
4116.167929 8804.69054924647
4161.084206 8782.25571139164
4206.126368 8747.10790582834
4250.276592 8735.7969615348
4294.476218 8730.66563147756
4338.305298 8725.92045476607
4381.929529 8717.7314172974
4425.598405 8700.65470619082
4469.676119 8685.56799839892
4513.728615 8682.31476619402
4557.540047 8679.16113233972
4601.086478 8654.68368720045
4644.344743 8650.5282803851
4687.561397 8647.92372541987
4730.911449 8632.64953125754
4773.71368 8587.35424537946
4816.808878 8567.58190147339
4860.181348 8561.15492363898
4903.705569 8558.93947454863
4946.785866 8516.58794150155
4989.842698 8506.90435339735
5032.603644 8504.38635469665
5075.140673 8501.50266451432
5117.557467 8489.43143236583
5159.601766 8476.84280704309
5202.046598 8462.20550649686
5244.475243 8444.71579380664
5286.97978 8435.89643650127
5328.593772 8432.22819809488
5372.776171 8429.86843761549
5415.483502 8420.98916296781
5458.726834 8409.51595265631
5501.584802 8404.01012788613
5544.360005 8393.4151585349
5587.571654 8372.23744113359
5629.780655 8365.10040616401
5670.956873 8363.06583730813
5711.496001 8359.75046417587
5753.138769 8351.70756230606
5795.477108 8343.61172760077
5836.588726 8338.83644857105
5878.069549 8334.7347934769
5921.298993 8325.51020969812
5963.218151 8323.60279697239
6004.471583 8322.10707839483
6044.2719 8314.91942233789
6083.48392 8313.23904880924
6123.79513 8305.35902674503
6164.569489 8303.44951361668
6205.241075 8263.72783727822
6245.788547 8253.65510420469
6287.313558 8250.41433187352
6327.727261 8248.14247638457
6366.875299 8243.95945856268
6405.960134 8239.65899492107
6445.042527 8234.79199430698
6483.993706 8232.17820897035
6523.15567 8229.00008446984
6562.196355 8226.04785760756
6601.249621 8225.03191621301
6640.059062 8223.22954167675
6678.480208 8203.57734517266
6716.825323 8198.7926797372
6755.515685 8195.561873131
6793.36638 8153.93179657834
6831.463592 8118.40034106536
6868.560562 8106.27810506894
6904.857052 8103.11926826629
6941.414206 8099.66589884559
6978.044093 8095.45316896435
7014.857838 8094.32956352299
7052.100264 8092.64476656705
7088.645534 8086.79245473002
7124.713635 8084.55704537196
7161.236189 8083.33361215161
7197.776239 8082.78647638362
7233.833533 8080.68243474806
7269.365242 8067.93724862159
7306.228806 8064.35013421627
7343.809959 8059.36821921501
7381.364772 8054.47963942735
7419.298482 8048.12498488642
7454.999386 8046.70265544345
7490.125055 8045.90859465305
7526.009331 8042.36663710258
7562.525275 8032.66754724604
7599.761813 8028.37592132668
7636.449246 8024.82464366604
7672.249882 8020.21722620367
7708.780877 8009.248089426
7744.086603 8006.05485601538
7779.032687 8005.20976028102
7813.390466 8004.3936343603
7847.785156 7997.51893506488
7883.531684 7997.47362546067
7920.424028 7996.31451144989
7955.107954 7977.68306577111
7989.302134 7968.5642476389
8024.301078 7965.898387839
8059.210102 7964.22522009599
8093.800556 7961.33089088528
8127.512428 7959.51278679081
8161.486452 7956.59962110895
8195.263872 7955.40642173274
8228.774074 7952.36502958623
8261.810277 7951.22657102893
8295.542507 7950.47289349221
8329.308036 7950.03923436107
8362.429396 7942.81649532545
8395.887659 7932.18751934843
8430.326613 7927.68389096599
8464.351784 7925.06574727699
8497.644223 7894.56708314992
8530.167244 7887.67304744601
8562.377455 7885.40807273538
8594.986205 7884.36406894341
8626.555462 7881.98039110553
8658.066114 7880.55902934055
8690.626664 7880.37054172716
8723.090467 7880.03510615254
8754.417286 7874.94907786347
8786.076825 7872.09219571738
8817.593996 7871.64465620327
8847.992878 7870.9564630408
8879.603267 7867.55799598695
8911.23515 7862.45418077395
8942.967448 7857.87931184798
8973.928574 7855.10441152324
9006.390733 7848.18464074847
9037.235265 7846.06504820772
9067.929542 7845.42951590589
9099.089968 7843.89080304897
9129.75033 7840.96748487171
9159.884568 7840.10062396919
9191.24879 7837.24452496059
9222.312844 7834.72437342027
9252.62416 7829.49587172944
9283.071601 7828.0523435666
9313.544243 7827.7123833832
9343.403882 7826.82287345315
9373.701465 7821.21438687951
9404.60269 7815.10115348697
9435.168432 7811.27225190952
9466.007876 7809.64959155221
9497.080038 7804.56947214308
9528.517777 7802.78489137241
9558.737547 7802.15134005475
9589.263624 7801.42217581843
9619.077465 7798.62395373484
9648.216238 7792.70935092215
9678.470782 7790.26654960816
9708.536348 7784.82427169336
9737.978585 7782.1995275594
9767.730581 7780.92229988943
9797.342628 7780.3496117054
9826.066456 7779.51494429396
9856.053075 7776.7817973047
9886.678723 7776.68189238568
9915.383123 7775.10123068214
9945.186073 7772.84073381669
9974.704665 7771.24593187064
10003.82004 7769.68492965198
10032.861905 7769.08073897638
10061.91708 7768.68581247643
10091.038916 7763.91281243127
10120.604101 7752.44140553649
10151.296372 7750.88246176018
10180.539224 7745.35590548948
10210.117028 7740.04671786673
10238.985295 7735.67394280584
10266.915128 7733.57310908595
10295.016793 7733.12035691062
10323.264263 7731.91803990361
10350.868503 7730.37164699366
10379.536382 7729.95629214893
10408.075854 7727.43249570944
10436.282124 7725.6082206003
10465.556841 7724.50700477978
10494.155401 7724.0936616332
10521.73134 7723.74947720846
10549.782947 7722.29216074354
10577.008689 7713.44805298936
10605.611801 7710.33195443734
10634.863621 7705.68071563663
10662.867381 7700.87761970266
10690.917618 7698.79316931267
10718.634276 7697.82378291107
10745.579935 7697.3515872417
10773.371198 7695.57746312909
10800.351149 7693.8429925852
10828.161243 7693.28743075307
10856.232663 7692.32325235841
10883.691585 7688.06706814169
10910.998287 7686.71582626677
10938.355296 7686.39926767447
10964.724309 7685.70979492893
10992.122059 7681.88248081056
11018.935108 7679.06047877858
11046.695399 7677.0448051404
11074.736628 7674.16900227223
11101.587291 7671.99896437894
11128.535956 7671.25362942546
11155.365516 7670.87136642752
11181.540697 7668.79613447426
11208.505655 7665.50518232711
11235.088656 7663.03888354902
11262.104102 7660.5273385679
11289.208727 7658.87990306013
11315.583672 7657.5622704477
11342.329414 7657.14840430205
11368.37676 7656.75598307076
11394.838682 7655.23128587696
11421.467449 7651.00972624011
11447.430432 7650.45879230352
11476.289409 7646.99544051741
11503.604997 7644.49088521618
11530.008214 7640.84245574671
11557.493968 7639.94389366163
11583.139718 7639.65174338534
11608.902917 7638.68345848675
11634.725006 7636.23967233764
11660.128688 7634.34147179234
11686.525792 7633.11141196831
11712.594658 7630.44757176506
11738.635418 7629.16829338422
11764.339003 7628.75280669459
11789.967668 7628.26078066768
11816.63327 7627.41269308135
11842.514526 7625.85564938581
11868.535364 7624.57201330078
11894.501587 7623.55323604429
11919.911693 7622.68016557493
11946.121568 7621.54105691777
11970.921253 7621.18040378148
11996.354547 7620.90676557823
12021.602413 7618.49406579872
12047.009576 7612.17033614163
12073.57355 7609.39511041916
12098.878781 7609.05513184351
12125.295948 7602.09975628458
12150.223179 7599.16915899085
12176.346532 7598.27526914199
12202.342621 7597.67361681417
12227.457864 7596.70486254274
12253.703163 7595.33296414028
12278.977359 7594.13777624203
12304.202519 7593.0219557731
12329.501335 7591.90685878548
12353.979276 7591.2432452368
12379.068548 7590.95402642908
12403.439767 7590.52229337865
12428.393595 7589.27722416362
12453.128076 7587.58182561129
12478.404941 7587.33804284501
12504.266286 7584.15668718795
12529.212947 7581.49492736185
12554.642672 7580.84230006932
12579.245848 7580.47853311362
12603.661419 7579.77916046078
12628.251856 7577.65638206592
12652.151259 7577.42285489743
12677.589006 7577.27233000241
12701.878868 7574.02019358592
12726.914277 7568.77688718102
12750.865448 7567.9960428092
12775.046083 7567.14524982952
12799.176942 7567.01987129075
12822.89873 7566.25404241263
12847.303882 7564.83594112917
12871.166772 7563.4298888272
12895.808429 7562.90200894662
12919.827634 7560.90584502138
12944.214439 7559.51779288976
12968.340882 7559.26401680488
12991.740894 7558.99270468464
13015.802933 7557.33129272894
13039.208377 7556.22357061213
13064.314479 7554.96971079631
13088.423751 7551.6588233816
13112.629161 7550.07828825752
13136.174017 7549.60370948954
13159.449977 7549.30029657827
13183.312264 7548.4785825398
13206.532425 7546.78572575387
13230.695805 7545.72337195301
13254.162565 7544.44682846379
13278.340363 7542.69566599008
13301.611334 7541.65717580206
13325.470921 7541.36820617577
13348.866521 7541.01786822462
13372.009158 7539.4906403298
13396.015337 7537.96709533236
13419.95894 7536.45917759493
13444.798921 7533.80638960389
13468.712941 7532.07900660992
13492.814881 7531.33315486864
13516.240373 7531.07888316486
13539.487802 7530.58109203544
13562.873379 7529.21912627605
13585.684144 7528.11140167749
13609.722637 7528.04342851514
13633.305057 7524.85439883898
13656.798359 7522.89615291057
13679.471088 7522.35358959492
13702.858882 7522.09663699867
13725.315665 7521.79402186151
13748.730196 7520.88205444507
13772.370144 7519.56921017227
13796.382301 7518.9138642099
13820.695415 7516.96215545552
13843.56163 7515.58161641393
13866.906244 7514.72399010382
13888.565701 7514.45050807921
13911.054413 7514.29563758532
13932.319921 7512.9565770742
13954.816182 7511.22921173047
13977.209787 7509.89834467318
14000.257004 7508.12316937811
14022.17264 7505.94962387722
14044.145775 7505.01156478003
14065.618471 7504.72882239409
14087.266245 7504.52814921063
14108.993495 7504.0723139065
14130.466515 7502.65785746941
14152.740051 7501.47388231591
14174.728634 7500.71190711595
14196.863036 7499.41445760475
14218.49638 7498.61891258777
14240.484202 7498.31503732594
14261.621299 7498.08396079765
14283.779161 7497.19266785844
14304.856025 7494.63793874852
14327.164175 7494.10471482598
14349.048324 7492.14291330519
14371.476284 7491.39648710499
14392.903918 7489.92056811399
14414.906375 7488.31761511164
14435.877756 7488.12079252395
14457.721265 7487.98920405051
14478.419609 7487.16046478594
14500.395683 7485.95142756643
14521.316758 7485.67303170464
14543.57747 7484.17793265561
14564.788537 7482.95454116286
14586.592993 7482.44664222607
14607.401352 7482.27511859822
14628.728992 7481.850391181
14649.805814 7480.28314805053
14671.299022 7478.84080840952
14692.728027 7478.7498378089
14714.876096 7476.88540581025
14735.964677 7475.81274916605
14756.974738 7474.89852606614
14778.130346 7474.54058113995
14799.363554 7474.44517071968
14820.180095 7473.79738906313
14841.154616 7472.79990228746
14862.4349 7472.3698756877
14883.694662 7471.06265795581
14904.875691 7470.60415237835
14925.893195 7469.85546966101
14946.423287 7469.70833327724
14967.189656 7469.41160603071
14988.21976 7467.40130189552
15009.176736 7466.13115051523
15030.882368 7465.00395123762
15052.06277 7463.42784257041
15073.095332 7463.32734945656
15093.986292 7461.83014554399
15114.840042 7461.60779339428
15135.219569 7461.46877851094
15155.984249 7460.96261903022
15176.875297 7460.05684826506
15197.794832 7459.58516120828
15218.716245 7458.52682364704
15239.548806 7457.42673200247
15259.722297 7457.03243044909
15280.680888 7456.87780814232
15301.256438 7456.67871176895
15321.993657 7455.7678554294
15342.497511 7454.02171220639
15364.271122 7453.05940824091
15385.159468 7452.35932906121
15406.363129 7450.92075080656
15426.725347 7450.01871759879
15447.3497 7449.86416518275
15467.345851 7449.66351113909
15487.942339 7448.9763265719
15508.159522 7447.66339620727
15528.812918 7446.91890706795
15549.532634 7445.62226631452
15570.190523 7445.15844438762
15590.660892 7443.77572266685
15611.082992 7443.50852437146
15631.229679 7443.39116304565
