time nnz
380.16295 257710
726.754149 257266
901.150334 240090
1077.594854 253833
1253.529134 240640
1428.870081 247309
1604.195204 251196
1779.080027 252468
1957.285053 253686
2130.041525 254303
2295.732232 254992
2461.928519 254695
2629.424164 252893
2796.425588 252861
2963.03785 252566
3130.022987 252028
3316.111808 249957
3496.320416 246871
3673.51343 244890
3850.59535 242708
4027.032817 239104
4200.284663 233567
4375.309102 225613
4548.825752 217735
4722.218326 215856
4897.851775 211494
5074.80535 208026
5249.537004 201837
5424.467091 196436
5599.590119 191964
5775.154355 185291
5950.430864 177394
6125.6739 169892
6299.612826 163370
6474.650794 158581
6651.259054 154706
6826.311031 152260
6999.387166 147049
7173.464723 140589
7350.092932 134940
7525.497999 133327
7700.444784 131778
7875.382982 129145
8050.25884 124566
8227.649046 118560
8400.610715 113971
8573.712705 113932
8748.037025 111149
8923.808825 108843
9097.407889 103959
9270.935637 95670
9444.160802 91457
9617.732221 98186
9792.555236 92445
9966.538412 90086
10139.837769 82578
10314.396448 81411
10488.737912 83790
10663.334137 81590
10838.277428 80346
11013.259853 76810
11189.184721 73394
11364.369938 71348
11539.988544 73054
11714.412111 70973
11890.151185 71473
12066.92392 69198
12242.682164 66305
12593.060589 65295
12994.547763 63908
13509.779669 63040
13923.368911 61921
14325.80006 60753
14732.609112 59575
15209.070908 58604
15631.137451 57188
16030.383496 55778
16439.011666 54321
16842.078547 53857
17250.287065 52507
17650.51078 52184
18061.006136 51005
18595.165415 50324
19057.899826 49381
19582.12531 48676
20262.620878 47817
20982.255722 47357
21718.096855 46555
22447.782086 45994
