time nnz
265.745122 257747
438.267354 257747
608.958732 257747
778.494465 257747
948.214322 257747
1117.527593 257747
1285.630174 257737
1453.200023 257737
1617.881299 257679
1782.861187 257679
1947.746694 257679
2112.536364 257528
2277.956341 257344
2442.051259 257062
2604.855211 256478
2767.869881 255904
2930.712004 255784
3093.439395 255470
3256.090264 255420
3418.522852 255128
3580.868334 254341
3742.414553 252726
3902.953875 250751
4063.440672 250490
4223.308025 249506
4382.890921 248776
4541.799305 247695
4700.039949 246534
4856.825939 243728
5011.543127 239497
5165.876505 239094
5319.817081 238793
5472.722754 236630
5624.683454 235103
5775.90683 233652
5925.590206 232341
6072.943785 230095
6219.251291 224525
6358.715319 218018
6494.443025 216608
6629.319914 215971
6763.768983 214290
6898.492991 212709
7030.598015 210821
7161.925434 207462
7292.17776 202290
7420.428679 198593
7547.496888 196718
7673.105509 196199
7798.083482 194338
7922.550979 192905
8045.403018 191169
8147.010574 187286
8235.987579 181804
8326.462869 181041
8417.270393 180193
8507.28519 177945
8593.590876 176002
8677.379824 174514
8761.785899 172105
8842.062687 165714
8921.619084 164695
9000.942648 164289
9080.14147 164246
9158.311942 162032
9235.638113 160121
9312.087977 158372
9386.567974 154216
9459.323052 150124
9531.769933 149760
9603.637502 148501
9675.071783 147644
9746.257542 147054
9817.332323 146439
9887.924197 145788
9956.578624 141169
10024.894735 140468
10093.016691 140189
10160.989605 140135
10228.190916 137781
10294.44978 135875
10359.784784 134582
10424.189344 132474
10486.797665 128024
10549.023908 127438
10611.322134 127338
10673.316568 127335
10734.027025 124590
10794.123658 123299
10853.893826 122508
10913.138485 121429
10971.330847 118682
11029.358079 118470
11087.15088 118300
11144.131675 116520
11200.786672 115841
11257.261577 115449
11313.60292 115128
11369.657702 114550
11424.531742 111986
11477.893212 108110
11530.789131 107423
11583.368225 106964
11635.634926 106491
11687.938905 106036
11740.063703 105727
11791.70516 104842
11842.353858 102458
11892.980965 102314
11943.278751 102281
11993.030557 100938
12042.397717 100246
12091.635188 99991
12140.767284 99783
12189.605784 99152
12237.536369 96825
12285.523573 96609
12333.270196 96479
12380.843665 96446
12427.963029 95494
12474.843831 94974
12521.541197 94573
12567.991393 94018
12613.494648 92029
12657.578156 88644
12701.319307 87554
12744.620067 87309
12787.611796 86677
12830.410834 86236
12873.048255 85889
12915.557402 85632
12957.718058 84878
12999.181316 83057
13040.50421 82772
13081.710118 82761
13122.4764 81822
13163.021876 81414
13203.44634 81139
13243.630223 80607
13283.358636 79336
13323.22072 79261
13363.0073 79250
13402.647063 79248
13441.941013 78464
13481.104116 78121
13519.977728 77817
13558.559186 77211
13596.519285 75565
13634.426544 75464
13672.353731 75422
13710.080331 75411
13747.385147 74430
13784.400469 73841
13821.289682 73584
