time nnz
5.832968 540
10.578685 1080
15.832838 1620
21.52608 2160
27.670074 2700
34.454074 3240
42.231766 3780
51.31924 4320
61.538055 4860
72.612014 5400
84.521701 5940
96.967106 6480
109.418843 7020
122.626614 7560
136.508883 8100
152.028422 8640
167.161909 9180
182.216047 9720
197.190326 10259
212.810567 10796
228.641946 11336
244.707021 11874
261.751237 12412
281.181815 12952
300.86205 13492
321.248415 14027
342.139551 14565
363.232313 15105
384.804853 15643
406.838998 16183
428.048514 16723
448.478632 17258
468.69481 17774
489.756411 18286
510.564111 18806
531.812701 19319
553.387764 19835
575.428153 20352
597.757986 20871
620.506997 21382
643.915695 21890
667.50082 22410
691.433357 22930
715.429838 23447
740.090623 23965
764.885677 24485
790.210068 25002
815.833315 25522
841.892693 26028
873.233006 26471
902.703454 26982
934.168571 27495
963.367413 28007
991.308603 28526
1019.268725 29043
1047.534132 29545
1076.044276 30044
1104.82795 30564
1134.061609 31072
1164.469593 31584
1196.759005 32104
1227.5166 32618
1258.48565 33134
1290.142915 33611
1322.216961 34130
1354.401213 34642
1386.911876 35162
1421.95464 35665
1455.372632 36172
1488.962117 36684
1522.926807 37167
1557.41698 37610
1594.745669 38109
1629.975254 38630
1665.134065 39126
1700.718826 39622
1736.627412 40122
1773.023293 40633
1809.724319 41100
1846.863127 41519
1884.146615 42008
1921.716505 42519
1959.47586 42973
1997.669553 43454
2036.237921 43928
2075.069548 44380
2114.197978 44723
2153.838338 44836
2193.525218 45285
2233.223031 45787
2273.447202 46247
2313.836903 46717
2354.501736 47183
2395.54995 47638
2436.873469 47997
2478.569176 48261
2520.656412 48743
2562.627664 49092
2604.864446 49540
2647.326924 49966
2690.092682 50390
2733.123941 50742
2776.611864 50664
2822.269594 51053
2866.256291 51514
2910.174258 51875
2954.266418 52255
2998.758892 52676
3043.321716 53056
3094.333461 53368
3147.188825 53326
3195.844003 53088
3241.578305 53506
3286.573633 53836
3331.362204 54163
3376.675511 54507
3422.425023 54862
3477.219135 55016
3525.332149 54927
3571.581691 55258
3618.585297 55629
3665.2922 56050
3711.545955 56105
3757.618894 56273
3803.829984 56446
3850.215925 56552
3896.947392 56134
3944.08759 56423
3991.51882 56750
4040.656873 56799
4096.663917 56986
4152.631524 57180
4202.380236 57368
4248.999038 57490
4295.825033 57052
4342.790022 56171
4389.941373 56436
4437.145094 56770
4483.875934 56906
4531.186753 57005
4579.48659 57135
4627.532631 57217
4673.125716 56964
4719.45527 56238
4765.718979 56391
4812.354341 56697
4859.075937 56453
4908.173028 56493
4962.930432 56488
5017.214958 56538
5071.450447 56502
5125.717288 55686
5179.810688 54943
5234.592995 55158
5289.810508 55262
5337.86868 55318
5383.585854 55378
5427.588452 55352
5472.394281 55177
5517.905877 54682
5563.187073 53998
5608.423239 54187
5652.428384 54404
5696.205762 54388
5739.35269 54303
5782.00942 54240
5824.784476 54041
5867.747851 53541
5911.724429 52833
5956.293088 53073
5999.998982 53288
6050.859706 53189
6102.163118 53078
6152.994986 52983
6203.479599 52776
6254.159924 52339
6305.830688 51813
6352.50705 51967
6396.99968 52145
6437.952411 52082
6477.435369 51961
6516.728003 51879
6555.891311 51654
6595.510731 51090
6636.271484 50120
6676.781526 50267
6717.203891 50496
6756.96774 50505
6795.531502 50435
6833.638956 50320
6871.815027 49944
6910.660961 49561
6949.066997 49643
6987.469148 49490
7025.249965 49398
7062.636507 49359
7100.012527 49306
7137.082536 49210
7175.226566 48925
7214.90464 48285
7253.950523 48456
7292.148865 48601
7329.583317 48561
7366.469504 48472
7402.937903 48340
7439.484373 48092
7477.080484 47580
7515.091588 47634
7553.378468 47728
7592.597994 47837
7631.808454 47603
7670.928981 47383
7709.383423 47127
7748.228966 46792
7787.615117 46378
7827.850427 46495
7863.711441 46592
7897.822231 46450
7931.814484 46307
7965.33113 46224
7998.949573 46120
8032.791359 45888
8067.580655 45484
8102.470154 45583
8136.769413 45710
8169.96123 45642
8203.020747 45531
8236.141067 45448
8269.308178 45294
8303.210206 44876
8337.281342 44901
8370.906441 44980
8405.273195 45111
8438.461794 44907
8470.723331 44776
8502.587449 44669
8534.485659 44558
8566.759258 44258
8599.178647 43437
8632.482761 43500
8665.863639 43634
8698.808134 43789
8730.977605 43657
8762.125487 43488
8793.290016 43340
8824.682677 43134
8856.546833 42622
8888.67642 42656
8921.316947 42730
8953.262419 42799
8984.496585 42432
9015.162237 42236
9045.681297 42098
9076.156787 41915
9106.704743 41578
9138.906354 40801
9171.009556 40880
9202.265775 41033
9233.307045 41081
9263.139706 40959
9293.051498 40851
9322.597141 40770
9352.556876 40574
9383.634203 40324
9414.593225 40414
9445.392951 40454
9475.012617 40410
9504.605455 40309
9533.643483 40227
9562.627323 40101
9593.309834 39520
9624.588353 39558
9655.395561 39668
9685.68354 39794
9715.24225 39723
9744.04057 39584
9772.759393 39458
9801.91936 39233
9830.846766 38914
9860.42191 38944
9889.430329 38982
9918.275559 38786
9946.779863 38704
9975.047016 38640
10003.422814 38594
10031.540294 38480
10060.676999 37911
10090.389106 37926
10119.547938 37977
10148.96532 38124
10178.19608 38033
10206.436177 37975
10233.973067 37850
10261.770292 37749
10289.580315 37518
10317.568779 37158
10345.983973 37174
10374.010102 37214
10401.534325 37088
10428.871999 37007
10455.839738 36940
10482.641296 36870
10510.030758 36505
10537.96535 36515
10565.919421 36532
10594.262716 36604
10621.869177 36449
10648.791452 36400
10675.635983 36327
10702.070039 36231
10728.477118 35946
10756.376553 35535
10784.124859 35590
10810.996527 35658
10838.019529 35617
10864.211878 35556
10890.143168 35499
10916.420987 35435
10942.418368 35244
10969.917647 34922
10997.155828 34979
11023.446574 35045
11049.662365 35013
11075.341773 34961
11100.774645 34908
11126.705791 34829
11152.539266 34665
11178.494109 34673
11205.360274 34718
11231.126586 34743
11256.919282 34579
11282.713609 34509
11307.73881 34453
11333.178484 34409
11358.58151 34321
11385.12008 33936
11411.610425 33966
11438.013511 34086
11464.140617 34139
11490.237138 34108
11515.058912 34033
11540.011224 33950
11565.096044 33835
11590.263261 33605
11616.300716 33639
11641.738698 33687
11667.070624 33625
11692.215303 33586
11716.639181 33517
11741.199068 33464
11765.830623 33284
11791.165624 32818
11817.08034 32858
11842.730519 32943
11868.519289 33005
11893.43341 32969
11917.487012 32875
11941.644493 32817
11965.854016 32715
11990.394581 32515
12015.658063 32550
12040.307734 32599
12064.599972 32541
12089.166429 32517
12112.723043 32479
12136.775386 32420
12160.503964 32270
12185.382202 32002
12210.26246 32032
12233.871817 32049
12257.844669 32022
12281.449345 32005
12304.841374 31972
12328.617723 31939
12352.356033 31758
12377.076906 31771
12401.456067 31803
12425.144544 31853
12449.109289 31777
12472.291476 31704
12495.682583 31674
12519.037463 31617
12542.791082 31394
12567.107028 31408
12591.179405 31434
12615.223688 31492
12638.794286 31359
12661.611447 31278
12684.87885 31235
12707.610632 31172
12730.856098 31041
12755.776518 30848
12779.824898 30903
12803.470393 30957
12826.817788 30962
12849.63927 30910
12872.565681 30871
12895.004307 30814
12918.235525 30663
12942.532601 30426
12966.808886 30484
12990.122829 30540
13012.720567 30529
13035.416742 30488
13057.672805 30458
13080.192391 30376
13103.474795 30286
13126.407719 30298
13149.307118 30309
13171.609431 30215
13194.086322 30197
13216.387078 30180
13238.654501 30156
13261.022159 30125
13283.771752 30024
13306.992817 30045
13329.767257 30099
13353.120235 30088
13375.486855 30039
13397.336881 29967
13419.560693 29905
13441.597866 29799
13464.77089 29477
13488.260346 29499
13511.630275 29601
13535.077141 29630
13557.411408 29619
13579.516741 29543
13601.163595 29474
13622.876848 29381
13644.773195 29259
13666.856809 29267
13688.993528 29279
13710.543381 29292
13732.406557 29123
13753.761624 29075
13775.257424 29045
13796.940714 29016
13818.539726 28962
13841.185068 28832
13862.962066 28847
13884.676943 28863
13906.116729 28828
13927.561082 28796
13948.924441 28775
13969.723794 28754
13990.794306 28689
14012.417413 28479
14034.564808 28503
14055.984826 28549
14076.917157 28557
14097.577712 28509
14118.102726 28473
14138.747037 28443
14159.207056 28403
14180.550284 28320
14201.354427 28333
14222.331806 28350
14242.98445 28286
14263.537998 28255
14283.846914 28239
14304.298247 28217
14324.826573 28129
14346.76187 27780
14369.097333 27840
14390.274219 27941
14411.287973 27927
14431.568335 27875
14451.785298 27835
14471.760951 27797
14492.105124 27727
14512.533535 27646
14532.721293 27662
14553.213833 27639
14573.159219 27629
14593.203022 27604
14613.030375 27590
14633.029367 27559
14653.269816 27445
14673.746483 27459
14694.603481 27491
14715.41343 27441
14735.514052 27415
14755.341843 27363
14775.139934 27338
14794.80156 27300
14814.865475 27189
14835.495032 27196
14855.699326 27216
14876.293525 27260
14896.617781 27217
14916.240447 27171
14935.917044 27138
14955.459243 27101
14975.117651 26988
14995.628142 26825
15015.793187 26843
15035.843479 26869
15055.668155 26868
15075.128876 26840
15094.474617 26817
15113.894562 26797
15133.250859 26712
15153.852318 26489
15174.129025 26515
15194.44218 26584
15214.249512 26590
15233.469072 26530
15252.653128 26491
15271.816704 26438
15291.342353 26357
15311.00522 26367
15330.605468 26398
15349.805675 26376
15368.965682 26349
15387.979585 26327
15407.038061 26305
15426.081652 26226
15446.411147 26092
15466.247065 26131
15486.057546 26188
15505.21803 26181
15524.177694 26120
15543.07915 26104
15562.186326 26073
15581.374152 26024
15600.685172 26032
15619.893589 26043
15639.032324 26059
15657.976645 25992
15676.98595 25957
15695.745364 25930
15714.59873 25905
