time nnz
3.061627 540
5.044538 1080
7.507227 1620
10.459153 2160
14.072851 2700
18.792605 3240
24.580563 3780
31.622486 4320
39.548078 4860
48.237554 5400
57.95044 5940
68.243759 6480
78.494502 7019
88.968325 7558
100.262739 8098
111.517905 8637
123.035923 9177
135.21778 9717
147.925381 10257
160.528717 10796
173.42041 11334
187.450921 11874
201.529391 12413
215.553983 12948
230.08617 13488
245.432699 14025
260.481869 14565
276.012325 15105
292.431576 15645
309.028576 16180
325.91301 16714
343.380526 17242
360.607047 17761
378.670868 18281
397.216663 18800
415.588546 19318
435.108337 19828
454.521039 20337
474.583632 20853
494.748264 21373
514.929681 21885
536.287605 22402
556.936032 22922
579.106011 23439
600.866323 23947
623.452149 24467
646.118584 24986
669.40497 25496
692.733276 26012
716.683515 26532
740.759999 27052
765.350669 27570
790.399149 28050
816.555997 28570
841.766456 29089
868.216473 29598
894.100703 30112
921.342161 30629
948.2594 31139
976.020352 31646
1003.889501 32135
1032.212451 32648
1061.368484 33165
1089.650978 33655
1119.239508 34171
1149.203962 34683
1178.837664 35199
1209.837419 35694
1240.870549 36095
1271.894881 36592
1303.909511 37095
1335.57486 37603
1367.857129 38112
1401.457647 38625
1434.094213 39125
1467.601205 39600
1502.606953 40002
1537.815124 40509
1573.646912 41024
1609.357924 41468
1645.499004 41964
1682.318676 42448
1718.288457 42946
1755.071212 43283
1792.799042 43766
1830.159543 44214
1867.851294 44712
1904.927869 45162
1943.228493 45616
1982.172925 46079
2020.47206 46523
2059.807339 46791
2099.04495 46833
2137.486383 47314
2176.792565 47816
2216.273828 48249
2255.786521 48693
2295.476194 49121
2335.276903 49495
2375.271214 49758
2415.924167 49771
2457.216199 50255
2498.103976 50589
2539.530833 50992
2580.376628 51355
2621.928013 51791
2663.854624 52207
2705.621485 52303
2747.844917 52063
2790.533917 52457
2832.833773 52873
2875.625392 53197
2918.68282 53534
2961.501681 53874
3004.490551 54104
3047.465034 54019
3090.511503 54372
3134.086645 54743
3177.503966 54853
3221.041368 55102
3264.395496 55329
3308.583718 55619
3352.380559 55632
3396.286024 54918
3441.609208 55238
3487.505266 55615
3532.717075 55694
3577.590698 55917
3622.45692 56155
3667.239091 56356
3712.32231 56454
3756.522907 56066
3802.826543 55475
3850.385538 55719
3895.545767 56060
3940.747449 56123
3984.966585 56177
4028.565093 56257
4071.892514 56261
4116.167929 55841
4161.084206 55193
4206.126368 55496
4250.276592 55774
4294.476218 55886
4338.305298 55934
4381.929529 55959
4425.598405 55867
4469.676119 55561
4513.728615 55746
4557.540047 55927
4601.086478 55799
4644.344743 55838
4687.561397 55890
4730.911449 55863
4773.71368 55514
4816.808878 54534
4860.181348 54703
4903.705569 54934
4946.785866 54871
4989.842698 54971
5032.603644 54999
5075.140673 54971
5117.557467 54860
5159.601766 54401
5202.046598 53486
5244.475243 53639
5286.97978 53827
5328.593772 53836
5372.776171 53782
5415.483502 53725
5458.726834 53376
5501.584802 52625
5544.360005 52785
5587.571654 53054
5629.780655 53007
5670.956873 52881
5711.496001 52782
5753.138769 52615
5795.477108 52068
5836.588726 52169
5878.069549 52288
5921.298993 52083
5963.218151 52048
6004.471583 51997
6044.2719 51920
6083.48392 51632
6123.79513 50761
6164.569489 50958
6205.241075 51211
6245.788547 51217
6287.313558 51094
6327.727261 50974
6366.875299 50843
6405.960134 50458
6445.042527 50026
6483.993706 50106
6523.15567 49948
6562.196355 49918
6601.249621 49862
6640.059062 49837
6678.480208 49749
6716.825323 49069
6755.515685 46848
6793.36638 46988
6831.463592 47288
6868.560562 47324
6904.857052 47284
6941.414206 47209
6978.044093 47104
7014.857838 46870
7052.100264 46668
7088.645534 46614
7124.713635 46615
7161.236189 46572
7197.776239 46516
7233.833533 46486
7269.365242 46384
7306.228806 45572
7343.809959 45631
7381.364772 45755
7419.298482 45708
7454.999386 45671
7490.125055 45601
7526.009331 45536
7562.525275 45354
7599.761813 44851
7636.449246 44882
7672.249882 44977
7708.780877 44666
7744.086603 44619
7779.032687 44543
7813.390466 44459
7847.785156 44376
7883.531684 43901
7920.424028 43112
7955.107954 43258
7989.302134 43412
8024.301078 43393
8059.210102 43312
8093.800556 43216
8127.512428 43060
8161.486452 42856
8195.263872 42903
8228.774074 42801
8261.810277 42763
8295.542507 42738
8329.308036 42691
8362.429396 42651
8395.887659 42348
8430.326613 41000
8464.351784 41116
8497.644223 41322
8530.167244 41365
8562.377455 41293
8594.986205 41183
8626.555462 41092
8658.066114 40933
8690.626664 40751
8723.090467 40634
8754.417286 40647
8786.076825 40646
8817.593996 40600
8847.992878 40560
8879.603267 40491
8911.23515 40263
8942.967448 39680
8973.928574 39721
9006.390733 39858
9037.235265 39829
9067.929542 39741
9099.089968 39685
9129.75033 39566
9159.884568 39312
9191.24879 38992
9222.312844 39043
9252.62416 39072
9283.071601 39063
9313.544243 38995
9343.403882 38942
9373.701465 38874
9404.60269 38563
9435.168432 38583
9466.007876 38608
9497.080038 38666
9528.517777 38546
9558.737547 38469
9589.263624 38391
9619.077465 38323
9648.216238 38067
9678.470782 37564
9708.536348 37592
9737.978585 37643
9767.730581 37669
9797.342628 37558
9826.066456 37498
9856.053075 37433
9886.678723 37284
9915.383123 37300
9945.186073 37131
9974.704665 37165
10003.82004 37126
10032.861905 37071
10061.91708 37030
10091.038916 36991
10120.604101 36747
10151.296372 35990
10180.539224 36020
10210.117028 36092
10238.985295 36172
10266.915128 36150
10295.016793 36102
10323.264263 36064
10350.868503 35966
10379.536382 35825
10408.075854 35696
10436.282124 35739
10465.556841 35724
10494.155401 35688
10521.73134 35656
10549.782947 35624
10577.008689 35558
10605.611801 34999
10634.863621 35046
10662.867381 35135
10690.917618 35218
10718.634276 35160
10745.579935 35076
10773.371198 35035
10800.351149 34904
10828.161243 34656
10856.232663 34703
10883.691585 34671
10910.998287 34649
10938.355296 34588
10964.724309 34540
10992.122059 34481
11018.935108 34181
11046.695399 34207
11074.736628 34239
11101.587291 34319
11128.535956 34238
11155.365516 34156
11181.540697 34085
11208.505655 33834
11235.088656 33469
11262.104102 33493
11289.208727 33543
11315.583672 33495
11342.329414 33458
11368.37676 33432
11394.838682 33395
11421.467449 33305
11447.430432 33028
11476.289409 33101
11503.604997 33137
11530.008214 33040
11557.493968 33002
11583.139718 32964
11608.902917 32934
11634.725006 32842
11660.128688 32635
11686.525792 32649
11712.594658 32675
11738.635418 32691
11764.339003 32563
11789.967668 32485
11816.63327 32443
11842.514526 32368
11868.535364 32274
11894.501587 32285
11919.911693 32303
11946.121568 32219
11970.921253 32191
11996.354547 32154
12021.602413 32132
12047.009576 32020
12073.57355 31572
12098.878781 31612
12125.295948 31700
12150.223179 31777
12176.346532 31733
12202.342621 31664
12227.457864 31629
12253.703163 31547
12278.977359 31417
12304.202519 31438
12329.501335 31451
12353.979276 31354
12379.068548 31310
12403.439767 31248
12428.393595 31197
12453.128076 31114
12478.404941 30880
12504.266286 30918
12529.212947 30977
12554.642672 30906
12579.245848 30841
12603.661419 30793
12628.251856 30737
12652.151259 30560
12677.589006 30360
12701.878868 30411
12726.914277 30409
12750.865448 30404
12775.046083 30375
12799.176942 30342
12822.89873 30311
12847.303882 30244
12871.166772 30066
12895.808429 30087
12919.827634 30133
12944.214439 30126
12968.340882 30091
12991.740894 30037
13015.802933 29997
13039.208377 29879
13064.314479 29709
13088.423751 29741
13112.629161 29771
13136.174017 29754
13159.449977 29725
13183.312264 29700
13206.532425 29647
13230.695805 29507
13254.162565 29528
13278.340363 29546
13301.611334 29479
13325.470921 29456
13348.866521 29431
13372.009158 29396
13396.015337 29307
13419.95894 29128
13444.798921 29166
13468.712941 29203
13492.814881 29167
13516.240373 29124
13539.487802 29107
13562.873379 29061
13585.684144 28961
13609.722637 28794
13633.305057 28840
13656.798359 28887
13679.471088 28845
13702.858882 28791
13725.315665 28757
13748.730196 28728
13772.370144 28664
13796.382301 28545
13820.695415 28572
13843.56163 28593
13866.906244 28545
13888.565701 28510
13911.054413 28495
13932.319921 28482
13954.816182 28380
13977.209787 28196
14000.257004 28216
14022.17264 28242
14044.145775 28230
14065.618471 28202
14087.266245 28182
14108.993495 28154
14130.466515 28130
14152.740051 28027
14174.728634 28039
14196.863036 28063
14218.49638 28086
14240.484202 28013
14261.621299 27965
14283.779161 27928
14304.856025 27866
14327.164175 27723
14349.048324 27742
14371.476284 27771
14392.903918 27748
14414.906375 27731
14435.877756 27700
14457.721265 27667
14478.419609 27639
14500.395683 27550
14521.316758 27423
14543.57747 27436
14564.788537 27463
14586.592993 27423
14607.401352 27388
14628.728992 27374
14649.805814 27340
14671.299022 27255
14692.728027 27258
14714.876096 27276
14735.964677 27309
14756.974738 27240
14778.130346 27194
14799.363554 27164
14820.180095 27138
14841.154616 27047
14862.4349 26947
14883.694662 26957
14904.875691 26967
14925.893195 26929
14946.423287 26912
14967.189656 26901
14988.21976 26883
15009.176736 26755
15030.882368 26765
15052.06277 26789
15073.095332 26825
15093.986292 26782
15114.840042 26762
15135.219569 26742
15155.984249 26714
15176.875297 26657
15197.794832 26524
15218.716245 26528
15239.548806 26540
15259.722297 26507
15280.680888 26482
15301.256438 26465
15321.993657 26446
15342.497511 26380
15364.271122 26258
15385.159468 26277
15406.363129 26302
15426.725347 26303
15447.3497 26265
15467.345851 26232
15487.942339 26209
15508.159522 26168
15528.812918 26046
15549.532634 26059
15570.190523 26081
15590.660892 26056
15611.082992 26030
15631.229679 25989
