time nnz
391.001848 39438
741.950447 39145
1113.717594 32266
1428.981949 26134
1704.371674 18949
2028.632919 19467
2287.752151 16804
2516.963317 13386
2727.687994 11801
2925.111176 10637
3112.051612 9788
3290.220317 9141
3461.966834 8646
3628.232781 8221
3789.232987 7828
4022.474542 8809
4193.562128 8433
4355.830618 7813
4513.299389 7491
4667.272156 7234
4817.200446 7007
4964.100974 6819
5109.402327 6663
5252.058315 6514
5393.075395 6407
5531.921646 6285
5668.95011 6180
5804.893568 6065
5940.003818 5988
6072.817137 5905
6204.517652 5838
6335.32835 5778
6465.474685 5720
6595.176621 5662
6723.329534 5614
6850.758729 5565
6978.565483 5519
7105.450952 5487
7231.288494 5454
7356.573226 5420
7481.46332 5388
7605.593048 5362
7730.172361 5326
7854.30952 5286
7978.852776 5249
8100.253346 5216
8221.335221 5190
8342.177919 5164
8463.021012 5146
8584.315634 5131
8704.484939 5113
8890.98918 5472
9016.867604 5379
9141.092145 5315
