time nnz
134.709384 99357
201.702142 93981
268.992598 94242
336.771459 98254
403.809657 99482
471.156428 99009
538.4852 99256
605.539619 99188
674.38732 99151
753.248704 99098
824.467095 99254
895.67133 99304
966.856231 99247
1037.781351 99103
1108.89663 98663
1180.054128 98180
1251.063373 98020
1322.158711 97854
1393.307844 97766
1464.299277 97570
1535.375172 97546
1606.531437 97657
1677.511404 97818
1748.537504 97790
1819.724842 97693
1890.774255 97950
1962.995374 98018
2034.607373 97984
2105.776843 97691
2176.973073 97432
2248.305613 97562
2319.542872 97718
2410.055574 97794
2484.657357 97790
2558.453557 97641
2630.992345 97686
2703.386413 97678
2775.841258 97846
2848.464419 97880
2920.991919 97917
2994.21195 97823
3066.844263 97715
3159.046455 97717
3235.02636 97752
3306.45436 97789
3378.015065 97805
3449.475176 97799
3521.579134 97754
3593.086251 97699
3664.446176 97716
3735.906797 97674
3807.341933 97689
3878.707349 97662
3950.063259 97598
4021.557312 97550
4093.106987 97524
4164.595356 97520
4236.171313 97473
4307.732448 97437
4378.949226 97351
4450.190291 97347
4522.939457 97344
4594.319628 97308
4666.839527 97168
4738.552195 97187
4810.41534 97132
4882.238033 97107
4954.099606 97083
5025.927927 97045
5097.832725 96928
5169.638429 96942
5241.27944 96890
5313.013854 96837
5384.714774 96740
5456.382117 96688
5528.025956 96626
5599.601098 96563
5671.231775 96465
5742.912195 96407
5814.506287 96356
5886.228698 96273
5957.947832 96182
6029.673171 96120
6101.338119 96006
6173.031037 96042
6244.676673 95958
6316.2918 95835
6387.905515 95723
6459.494721 95640
6531.19819 95543
6602.879266 95446
6674.51738 95335
6746.12653 95234
6817.911815 95156
6889.974704 95126
6961.940272 95015
7033.909575 94910
7105.571292 94841
7177.254805 94783
7248.929016 94682
7320.568851 94517
7392.271714 94413
7463.902056 94328
7535.486372 94243
7607.089088 94122
7678.775139 93992
7750.349152 93872
7821.926444 93649
7893.586167 93606
7965.398399 93533
8037.029825 93425
8108.520772 93271
8180.084054 93097
8251.707839 93031
8323.222232 92921
8394.771461 92799
8466.367247 92680
8537.927817 92550
8609.558631 92358
8681.18902 92260
8752.829107 92126
8824.423644 92021
8896.07276 91897
8967.788027 91794
9039.48794 91642
9111.047015 91526
9182.699917 91408
9254.381846 91312
9325.968382 91192
9397.618533 91000
9469.341431 90918
9540.935962 90797
9612.552803 90633
9684.234116 90532
9755.931674 90444
9827.578349 90244
9899.229357 90143
9970.887192 90068
10042.512514 89917
10114.21543 89760
10185.945429 89671
10257.55979 89553
10329.23604 89453
10400.906977 89303
10472.556644 89192
10544.284267 89056
10615.89613 88962
10688.616818 88731
10760.511314 88683
10832.130261 88565
10903.624148 88453
10975.184719 88264
11046.848923 88166
11118.328119 88031
11189.881533 87888
11261.488158 87662
11334.536339 87560
11406.640541 87400
11479.515162 87457
11552.70187 87258
11625.58852 87161
11697.472536 86948
11769.262014 86891
11841.284441 86722
11914.416689 86674
11987.538853 86462
12059.854727 86452
12131.180944 86316
12202.786585 86220
12275.877128 86018
12349.00706 85968
12497.916618 86047
12571.265811 85464
12718.453313 85493
12864.739914 86577
13011.365914 86133
13157.31937 85920
13303.802138 85708
13450.712901 85686
13598.040172 86522
13745.115439 86384
13892.120199 86230
14039.433287 86057
14186.322603 85924
14333.821266 85780
14480.628807 85589
14626.787165 85295
14772.289312 85065
14918.117397 84894
15065.043393 84804
15211.546181 84616
15358.137654 84512
15505.006566 84313
15651.374566 84181
15798.096621 84041
15944.754889 83962
16091.066335 83774
16238.097957 83658
16384.556976 83467
16531.060092 83314
16677.668414 83086
16823.844745 82910
16970.481431 82659
17117.318897 82545
17263.623376 82335
17410.433856 82153
17557.043071 81987
17703.350209 81797
17861.770882 81808
18089.40373 81828
18300.70009 81635
18492.10617 81530
18685.125483 81418
18897.05707 81357
19129.344403 81178
19559.206969 81056
19904.511958 80888
20245.421787 80749
20603.55039 80589
20971.603063 80438
21436.354465 80257
21758.373827 80067
21994.108887 79888
22175.956366 79723
22447.349143 79572
22664.468073 79319
22870.170252 79323
23079.106872 79171
23287.807354 79152
23495.105307 79002
23698.20604 78781
23877.805311 78596
24057.036188 78397
24238.948602 78248
24418.288106 78042
24599.408778 77923
24777.941126 77697
24961.184917 77613
25141.98081 77479
25324.375703 77354
25502.583438 77206
25684.004759 77041
25862.163547 76857
26036.429062 76728
26208.869368 76507
26382.143277 76401
26557.311312 76179
26731.970814 76029
26884.608103 75817
27033.17901 75787
27181.755603 75568
27331.431052 75536
27467.576165 75298
27603.828151 75205
27740.101002 75003
27876.382712 74914
28012.720528 74646
28149.180668 74512
28285.900774 74303
28422.871425 74236
28559.588721 73999
28696.493481 73927
28832.891772 73705
28969.418528 73571
29106.091674 73341
29242.620723 73266
29379.045689 73102
29515.315512 73040
29651.722592 72840
29788.077021 72741
29924.327375 72523
30060.5782 72424
30196.842558 72171
30333.368221 72086
30469.835998 71742
30606.177395 71658
30742.349286 71386
30878.674258 71349
31014.972045 71161
31151.503269 71043
31287.715913 70760
31424.094752 70684
31560.55131 70410
31697.092558 70355
31833.374178 70127
31969.745158 70053
32106.157171 69793
32242.506843 69622
32378.622417 69385
32515.283481 69225
32651.718234 68948
32788.285569 68856
32924.667148 68590
33061.191241 68560
33197.752322 68224
33334.289305 68262
