time nnz
327.590802 99357
725.233127 99927
1085.343912 99838
1473.93712 99928
1833.446608 99868
2222.194759 99939
2584.413627 99893
2989.999762 99951
3353.517267 99889
3757.495364 99938
4155.021761 99940
4493.071525 99802
4891.454337 99953
5289.672854 99958
5665.812831 99897
6062.918075 99953
6431.136034 99897
6827.371478 99947
7194.199616 99899
7588.426206 99945
7954.148684 99880
8349.045892 99949
8714.444093 99899
9116.006678 99944
9488.390007 99881
9892.577498 99939
10236.267388 99815
10639.522087 99937
11013.468999 99906
11416.715466 99933
11759.287674 99801
12161.05921 99940
12532.675558 99884
12902.691686 99890
13299.880257 99935
13668.775493 99890
14038.109809 99892
14437.312861 99929
14777.339122 99776
15175.525711 99931
15514.298553 99765
15911.792638 99924
16220.559905 99652
16618.289465 99934
16956.690166 99778
17325.4449 99898
17723.290102 99936
18061.70552 99785
18459.362022 99914
18797.59897 99770
19269.117148 99860
19692.764316 99849
20290.174978 99914
20915.597197 99757
21592.756179 99830
22436.545309 99856
23012.77337 99890
23438.405445 99611
23911.291557 99863
24275.930896 99587
24708.071856 99846
25109.636486 99787
25550.397022 99882
25859.155411 99372
26294.059912 99878
26631.270292 99675
27049.11836 99889
27481.79193 99849
27897.111744 99841
28263.283125 99807
28615.367433 99803
28958.687634 99792
29302.359732 99776
29647.333322 99779
29991.54495 99732
30335.583349 99750
30678.374283 99725
31020.230325 99717
31361.072314 99700
31701.291249 99684
32040.337438 99666
32378.892177 99640
32716.55586 99642
33053.463572 99607
33362.291155 99592
33697.524125 99757
34032.014709 99661
34365.753241 99663
34698.146161 99628
35029.466828 99627
35361.149751 99598
35666.435914 99519
35998.413809 99689
36329.955364 99606
36661.457391 99638
36992.927012 99571
37324.382484 99577
37629.199835 99467
37960.723514 99668
38292.002204 99577
38623.156886 99600
38954.276188 99535
39258.883118 99465
39589.898671 99650
39921.173145 99548
40252.569164 99571
40583.916471 99512
40888.487207 99382
41220.01461 99592
41551.364083 99509
41882.623582 99513
42187.408783 99350
42518.83463 99589
42849.810368 99481
43180.350016 99488
43483.942212 99314
43814.156071 99542
44144.380262 99467
44475.240515 99440
44779.364772 99253
45110.102454 99492
45440.83158 99416
45745.085839 99313
46075.936777 99511
46406.519366 99410
46710.091599 99292
47040.269062 99493
47370.465178 99402
47674.027086 99255
48004.889346 99528
48335.664827 99402
48639.768686 99255
48970.646627 99477
49301.540928 99360
49605.639838 99226
49936.620369 99487
50266.910776 99359
50570.699209 99173
50901.207459 99398
51232.125576 99308
51536.260525 99130
51867.028763 99384
52197.936775 99267
52502.259976 99098
52833.650043 99287
53138.188177 99088
53469.434925 99351
53800.474318 99249
54104.517196 99052
54435.191147 99310
54739.28255 99040
55070.907043 99339
55401.99288 99211
55706.504211 98990
56037.41952 99200
56345.1153 98956
56680.822165 99275
57016.035705 99146
57323.857921 98918
57658.551074 99176
57966.234957 98893
58300.95815 99201
58609.928473 98832
58945.936214 99214
59254.67806 98798
59590.713188 99242
59926.77697 99065
60235.757953 98808
60571.376748 99054
60879.147104 98748
61213.908603 99029
61521.902273 98715
61857.003274 99031
62165.488209 98691
62501.258081 99049
62810.108785 98662
63146.056721 99060
63454.75014 98629
63790.583054 99036
64099.003545 98590
64433.903311 99041
64768.640132 98935
65076.363231 98585
65411.092417 98873
65692.217671 98547
66027.897268 99212
66363.646976 98919
66672.272134 98608
67008.047524 98880
67316.702017 98497
67652.246363 98831
67960.149268 98431
68295.076768 98794
68602.973262 98368
68937.865142 98726
69218.903445 98350
69552.812363 99085
69884.568263 98803
70193.215568 98492
70501.722428 98566
70836.587633 98851
71143.281143 98463
71474.816177 98757
71778.962896 98363
72112.92867 98673
72420.705966 98278
72755.556184 98582
73064.132155 98177
73399.815985 98491
73708.480048 98099
74017.027429 98516
74352.683572 98618
74661.276803 98403
