time nnz
2.017136 200
4.21479 400
6.584316 599
9.116693 798
11.93452 998
15.035188 1197
18.450181 1397
22.258182 1596
26.35867 1795
30.67395 1995
35.255158 2195
39.979497 2394
45.005785 2594
50.10312 2793
55.310715 2992
60.67506 3192
66.185236 3392
71.794128 3591
77.658174 3785
83.586966 3969
89.756865 4166
96.046386 4366
102.413618 4566
108.875224 4765
115.537395 4964
122.426257 5152
129.441575 5323
136.546583 5515
143.636113 5714
150.955009 5910
158.56072 6110
166.371237 6309
174.256616 6500
182.145981 6692
190.23317 6885
198.549992 7081
206.961844 7276
215.455361 7475
224.575987 7674
233.450547 7832
242.645987 7965
252.359509 8164
261.836359 8364
271.634421 8561
281.200383 8752
291.184568 8948
300.953183 9146
311.065593 9340
321.281762 9489
332.250153 9678
343.106717 9798
354.117526 9985
365.893629 10185
378.065897 10376
390.024558 10574
402.213496 10756
414.739891 10920
426.520888 11120
438.598123 11320
450.853928 11514
462.635366 11706
475.637272 11897
488.207511 12023
500.635897 12180
513.618672 12367
527.386278 12563
540.471319 12762
553.505273 12954
566.280281 13145
579.349238 13326
594.487807 13339
611.913288 13509
628.76064 13709
644.22239 13907
659.216877 14046
675.491377 14226
690.315724 14412
706.259231 14549
722.595462 14723
739.956084 14903
757.744298 15071
775.329965 15271
794.874033 15440
811.654869 15613
828.600592 15781
844.701249 15773
860.7862 15953
876.879257 16151
894.320945 16333
910.437855 16533
927.365244 16658
944.058291 16816
962.257886 16984
978.963247 16980
996.755425 17173
1013.889868 16494
1031.925075 16686
1048.597818 16886
1065.676955 17050
1083.149589 17221
1101.582168 17253
1120.418446 17014
1138.947334 16821
1156.415829 16997
1173.627455 17116
1190.38251 17282
1207.648712 17468
1224.604237 17657
1242.333017 17819
1259.909745 17987
1278.230605 18163
1295.812555 18363
1314.938671 18558
1333.096682 18622
1352.570495 18751
1370.620947 18901
1388.896303 19052
1406.893883 18765
1425.453558 17955
1442.527707 18116
1460.0521 18315
1478.041159 18427
1496.011925 18572
1514.398108 18747
1532.084286 18867
1549.836177 18313
1567.335706 18503
1587.814029 18695
1606.831909 18895
1626.160325 19005
1645.221538 19082
1664.515026 18642
1683.042785 18330
1701.539785 18467
1719.644184 18370
1737.46769 18552
1755.293995 18603
1773.210913 18701
1790.753141 18607
1808.683449 18180
1826.022465 18357
1843.621733 18544
1862.297731 18740
1880.823631 18800
1898.859795 18931
1916.935929 19046
1935.469494 19097
1954.35214 18508
1972.902079 17275
1990.316706 15993
