iter objective
1 30359.2070332515
2 28885.7772814621
3 27613.6335619942
4 27270.2204187488
5 25789.2158936156
6 25191.1574449306
7 24852.6640407311
8 24510.4653447262
9 24012.8290678047
10 23667.3292922941
11 23476.5163241445
12 23095.8564701162
13 22821.0749527433
14 22685.7941834207
15 22508.7321195387
16 22248.2707499397
17 22075.6587924737
18 22031.3041851021
19 22000.0208601749
20 21860.142882724
21 21814.6695225131
22 21748.4819305394
23 21561.9611826571
24 21509.0086349075
25 21482.0993844368
26 21445.5192933839
27 21410.6970061254
28 21386.2901537297
29 21354.8747373069
30 21300.7371307908
31 21280.4745225236
32 21272.6661146883
33 21253.2963655232
34 21240.5432116497
35 21213.4297494189
36 21203.6609493073
37 21195.5963039219
38 21194.0073355862
