iter objective
1 30653.3628098862
2 28467.1096491512
3 27872.8120653268
4 27167.1900505961
5 26469.0031015651
6 25839.8667724174
7 25357.3091048368
8 24983.6675014742
9 24777.2856993755
10 24680.3221762415
11 24444.703714462
12 23941.4007052952
13 23874.0895593864
14 23860.1153123507
15 23488.2743519643
16 23367.8463900828
17 23317.5717157474
18 23295.1378066934
19 23218.7324900911
20 23080.9067029674
21 23022.9655377
22 22885.5924195155
23 22814.7417364211
24 22785.563621009
25 22773.9794779501
26 22743.9855206189
27 22641.2172866547
28 22574.9662913582
29 22552.6338343107
30 22546.2846674718
31 22437.7528425122
32 22409.1548774905
33 22402.2508619264
34 22383.4869372425
35 22337.327634885
36 22298.189864511
37 22281.7905977118
38 22264.1958637294
39 22223.5652586974
40 22214.9858370507
41 22209.0384848387
42 22191.2011217302
43 22142.9492262333
44 22118.5758834923
45 22103.2225630228
46 22078.8824603986
47 22031.5671444471
48 22026.1642885792
49 22022.4106852791
50 22017.297661968
51 21983.1989474798
52 21950.12954065
53 21937.79596567
54 21923.4770883038
55 21891.2753167072
56 21870.6491177107
57 21866.8384764405
58 21863.0570351034
59 21851.9232193389
60 21849.2916789452
61 21841.1692015137
62 21837.6159930117
63 21799.9407364399
64 21796.088774255
65 21794.1587988258
66 21787.2405699439
67 21760.3740828439
68 21746.5435849759
69 21745.8293997916
70 21724.8508267602
71 21715.1522037485
72 21712.5007379312
73 21710.3989614947
74 21704.3004351848
75 21683.5797284892
76 21672.9848361876
77 21660.0800232173
78 21645.910081096
79 21639.0077017824
80 21636.5333324636
81 21634.5977095528
82 21630.2122785307
83 21618.4945694203
84 21608.7672751501
85 21604.7941145915
86 21595.5520470642
87 21587.6019813364
88 21585.6998836132
89 21584.171825058
90 21577.5946346633
91 21568.0953592154
92 21561.8522086895
93 21551.1008025835
94 21547.7258103919
95 21543.7394048321
96 21542.7031018658
97 21541.7560539458
98 21535.9232376549
99 21532.8840771988
100 21526.5604043507
101 21522.1454114018
102 21511.5443942748
103 21508.2678624001
104 21507.5000327829
105 21504.7535856766
106 21497.3919850319
107 21495.2376174791
108 21491.3776436198
109 21484.6937609725
110 21481.0731812773
111 21478.0408838221
112 21477.5989277141
113 21475.6886261203
114 21469.2199626944
115 21466.6003366404
116 21465.1396672963
117 21460.1086453551
118 21452.8451881666
119 21451.526017628
120 21451.0043558338
121 21448.2694116361
122 21437.1062141727
123 21431.8821738325
124 21425.1587089305
125 21416.1230039335
126 21412.06994551
127 21409.3438573194
128 21408.9087203289
129 21407.4000092462
130 21403.6870653092
131 21401.4390090264
132 21399.0316518097
133 21398.0925077848
134 21393.8665651575
135 21392.8408177679
136 21392.5058113348
137 21390.7592580293
138 21379.220651693
139 21373.1044991561
140 21367.7038531707
141 21362.9483807329
142 21360.9665840859
143 21359.6310582505
144 21359.1888329276
145 21358.6612853834
146 21355.6412936262
147 21352.6040416818
148 21352.0147906256
149 21349.1155509817
150 21346.1086908103
151 21345.1175973666
152 21344.7426559049
153 21344.1919935238
154 21341.2896465403
155 21338.3196619001
156 21335.6173929845
157 21330.4258809767
158 21327.0128987886
159 21325.3473770152
160 21324.9648814558
161 21324.439597968
162 21322.5787225344
163 21321.0095162055
164 21319.0982908891
165 21316.0365703307
166 21314.6356424593
167 21314.1441217168
168 21313.7419195989
169 21312.1610725444
170 21309.2798103268
171 21308.490462508
172 21305.4723003902
173 21302.0999750627
174 21300.3194885809
175 21299.9042508448
176 21299.6476555395
177 21292.5613082467
178 21285.0244771499
179 21281.9256809394
180 21280.3923100654
181 21279.8450683547
182 21278.7242723
183 21277.365296736
184 21275.9877868249
185 21275.8790215725
186 21274.4239807049
187 21274.0369237669
188 21273.7377485524
189 21271.2482302921
190 21268.5298624819
191 21265.1294781548
192 21263.6204925936
193 21258.48508509
194 21257.0294844858
195 21256.6101311317
196 21256.310143664
197 21254.7565939846
198 21253.740556924
199 21253.0074479413
200 21249.5907305205
201 21248.1156488844
202 21247.7523029717
203 21247.0706078651
204 21246.9183629986
205 21246.3937518552
206 21246.1475202418
