iter objective
1 30653.3628098862
2 28601.4072653867
3 28453.3556307393
4 27604.4116329679
5 26678.9480454259
6 26572.5100638073
7 26142.7831371351
8 25809.8737370548
9 25650.3853081873
10 25624.057386591
11 25407.2584368849
12 25316.8686189106
13 25227.1925194227
14 25147.3089540927
15 25053.0059732309
16 25007.5976990194
17 24905.5424208309
18 24880.1106415884
19 24776.4916871747
20 24760.8842834266
21 24661.4401881283
22 24646.9068534536
23 24557.4274186937
24 24539.2671143357
25 24462.6866991804
26 24438.5190692683
27 24375.9823681151
28 24345.2242198603
29 24296.3314562976
30 24286.5861171074
31 24195.6409690561
32 24178.1513171329
