iter objective
1 30024.1854104797
2 29663.0413333992
3 29326.6625304901
4 28802.9650137426
5 28461.2431637094
6 28130.0082937504
7 27793.9664218777
8 27453.8935260479
9 27011.9719259501
10 26307.6423160262
11 26084.3884517953
12 26080.4076099723
13 25280.8361277115
14 24885.5447441149
15 24713.1386441744
16 24628.256827724
17 24559.680305338
18 24370.7358573597
19 24154.8694201824
20 24039.3368033321
21 23814.4624763824
22 23692.6618931672
23 23656.971831022
24 23624.7219282471
25 23413.160096319
26 23202.3643973765
27 23131.4040780709
28 23019.0717218129
29 22886.7915115322
30 22850.0370935211
31 22835.2534923725
32 22822.7468452136
33 22747.6126282627
34 22662.4876376359
35 22613.7931962008
36 22490.0587569515
37 22414.5435096708
38 22394.6643333519
39 22386.0192989369
40 22375.0124632665
41 22352.8259843507
42 22326.1494197309
43 22292.9069571728
44 22262.2101444324
45 22244.9619573315
46 22239.0640945974
47 22233.2216410243
48 22200.9670233517
49 22161.6782961936
50 22133.6773467825
51 22068.3808490275
52 22036.7614472603
53 22029.1862013116
54 22024.5786670815
55 22014.4833964312
56 21984.7927252801
57 21967.5433371436
58 21961.7019644454
59 21946.1298826405
60 21910.8588108017
61 21903.8890659173
62 21901.4696827701
63 21896.3779465541
64 21868.7880934348
65 21853.7321966585
66 21826.0731035769
67 21779.3210413486
68 21759.6892475388
69 21753.0688148495
70 21750.3641664037
71 21745.1068848284
72 21734.4798537164
73 21727.5654940321
74 21717.8282674479
75 21711.8863898522
76 21707.424352982
77 21705.1536873096
78 21702.4764661153
79 21681.280611322
80 21671.9039266319
81 21661.6573417019
82 21629.643587318
83 21614.8423408857
84 21609.7812849296
85 21607.7941323891
86 21606.290816315
87 21603.0680767469
88 21587.7538978773
89 21585.4556415351
90 21579.2539107367
91 21567.4383475706
92 21554.0881089897
93 21551.9706752646
94 21550.7444245031
95 21548.1105690909
96 21535.7242955235
97 21531.8969965329
98 21531.1873957657
99 21514.0799867503
100 21508.575442262
101 21505.2609794662
102 21504.4910701937
103 21501.2254067586
104 21496.436402858
105 21492.5048216938
106 21489.2690157128
107 21477.9645888806
108 21475.5979478493
109 21474.7457327725
110 21472.1726506167
111 21463.9570317392
112 21457.5920567303
113 21454.0945024226
114 21450.3715030435
115 21443.7971618734
116 21441.9117400064
117 21441.2491381316
118 21438.1393813112
119 21416.4175803379
120 21411.8091097061
121 21406.4120826165
122 21398.999509994
123 21396.4948881201
124 21394.9686133541
125 21394.1707671573
126 21392.9850597971
127 21392.9665268026
128 21391.2641206682
129 21386.1514381482
130 21382.4539287583
131 21379.0911940123
132 21377.6652712806
133 21372.9102917646
134 21371.9692821818
135 21371.3936372903
136 21367.900342428
137 21351.5115359596
138 21345.80399684
139 21341.8254035176
140 21340.2157359312
141 21331.8404690017
142 21329.2986089772
143 21328.834595331
144 21327.9361481204
145 21325.165986574
146 21322.7230091885
147 21321.0455046641
148 21320.3833613994
149 21317.7871709478
150 21317.0923725102
151 21316.7357089015
152 21315.7617380373
153 21315.7617380373
154 21312.5522372532
155 21306.6392407663
156 21304.7169237598
157 21296.1823110471
158 21290.5775636073
159 21288.8797748671
160 21288.2831447115
161 21287.8924070278
162 21286.0038638261
163 21283.9263037989
164 21282.5595689402
165 21279.4340767583
166 21277.1651518911
167 21276.6079544372
168 21276.1920223139
169 21274.9106374534
170 21271.0841728488
171 21269.251355512
172 21268.8305994394
173 21268.0603360681
174 21260.8559322147
175 21259.6546922119
176 21259.3234168901
177 21258.7744517112
178 21256.9579066834
179 21252.5648856054
180 21252.0341384923
181 21250.9158039063
182 21248.4843364561
183 21247.6487656593
184 21247.4181287469
185 21246.6193536392
186 21243.9768921524
187 21242.0124914771
188 21240.7449632144
189 21240.4707479129
190 21237.4424093665
191 21236.8783900924
192 21236.6604903688
193 21236.3675443548
194 21234.4233878129
195 21231.8071283623
196 21230.1618492655
197 21227.3884293887
198 21224.8134370654
199 21223.6475557109
200 21223.3873746614
201 21222.9561565007
202 21221.2404679911
203 21219.5929567505
204 21218.8880140563
205 21217.6693006992
206 21216.6237319834
207 21215.4625964541
208 21215.2714934401
209 21215.0741216456
210 21213.7549289606
211 21212.7554585626
212 21212.1730969014
213 21210.320021003
214 21209.0280487859
215 21208.62628114
216 21208.4222788667
217 21207.8499657703
218 21205.2158934037
219 21204.1382141458
220 21204.1028094636
221 21201.4068791769
222 21199.4863838385
223 21198.7712262198
224 21198.6292061398
225 21198.2996158516
226 21197.0148333411
227 21195.4566661176
228 21194.047145804
229 21192.2434620718
230 21190.5999693751
231 21189.956856718
232 21189.7708480167
233 21189.2624511537
234 21187.6677238072
235 21186.8114235189
236 21186.271668439
237 21184.1825758141
238 21183.3147326627
239 21183.057712261
240 21182.8631672024
241 21182.6035234029
242 21181.8730836342
243 21181.2376255983
244 21180.5197405768
245 21180.092199283
246 21178.4191728779
247 21178.2093227046
248 21178.0774793668
249 21177.7513022763
250 21173.2382581181
251 21172.6773096066
