iter objective
1 30022.2453491009
2 29664.2299409372
3 29322.1968811465
4 28777.4020700899
5 28308.9150932877
6 28082.4525636607
7 27598.521464974
8 27142.7154528277
9 26826.7630668935
10 26445.0378635343
11 25883.2680688483
12 25594.4953038636
13 25126.4308326299
14 24736.894219254
15 24606.2460122478
16 24508.1492711839
17 24326.4668368066
18 24100.0580162181
19 23943.4402032599
20 23917.6270858718
21 23713.4576578192
22 23650.4439003527
23 23616.2882993035
24 23544.9518273534
25 23204.4145059051
26 23051.0383056505
27 22966.2739866681
28 22925.8280759373
29 22891.5587962638
30 22868.4303562965
31 22857.7566691407
32 22821.6979633967
33 22610.4087959262
34 22601.5997527418
35 22518.3293932829
36 22427.3707062328
37 22391.8533134069
38 22381.0432501005
39 22373.6229514798
40 22334.65846614
41 22234.1951195441
42 22199.4946051511
43 22160.8387946026
44 22147.7938894324
45 22103.0581136008
46 22089.2691036075
47 22085.9912731458
48 22070.5523299094
49 22064.9839916057
50 22054.0055145751
51 22029.2902766102
52 21994.4949483409
53 21989.3209101259
54 21985.3685246909
55 21972.6448334596
56 21933.2423001864
57 21915.8672391373
58 21899.4252396922
59 21889.1682563058
60 21866.1105141914
61 21860.5318713286
62 21857.9723461753
63 21854.2623015946
64 21806.7286203044
65 21786.541727215
66 21771.021653204
67 21750.141449875
68 21742.6929409886
69 21737.7274731661
70 21735.0859850679
71 21730.2798924043
72 21710.9856271673
73 21695.338730623
74 21686.3358175016
75 21672.7611719295
76 21665.7790405964
77 21660.7785011666
78 21659.3928113533
79 21655.7510121281
80 21634.6431085523
81 21623.5720108961
82 21609.703242544
83 21595.8714632786
84 21589.5170292156
85 21586.5087171024
86 21584.9487358023
87 21579.5785515976
88 21568.4779884542
89 21558.6997842393
90 21555.9811451912
91 21554.7349739976
92 21540.0833868452
93 21535.9722353978
94 21535.1904150592
95 21533.6696647916
96 21522.7876478866
97 21522.3751925467
98 21516.8131113867
99 21490.1248650206
100 21474.4659794436
101 21470.7300191429
102 21469.6720445396
103 21467.0949662909
104 21462.1111833428
105 21457.9734159304
106 21454.9880542761
107 21452.7711863503
108 21449.2964353052
109 21448.1792219686
110 21447.6290328277
111 21442.5759462787
112 21431.0542801589
113 21426.3813650894
114 21415.1054766332
115 21406.3034060967
116 21403.5484510102
117 21402.5977411517
118 21401.6341203187
119 21397.2754326888
120 21393.8309501012
121 21388.8905220283
122 21382.10134332
123 21381.0064892806
124 21378.2949431007
125 21377.8636013993
126 21376.7004923692
127 21371.7504761405
128 21368.5186969881
129 21366.3197499887
130 21364.9733894002
131 21357.7529184258
132 21356.6379005464
133 21356.2373420114
134 21353.5410444724
135 21343.4568726365
136 21339.0616185857
137 21336.0938588835
138 21330.7354903909
139 21327.7791231839
140 21326.812724113
141 21326.2693608004
142 21324.3205333266
143 21320.021331059
144 21317.6534303062
145 21315.2689566634
146 21314.9313304337
147 21309.6178008734
148 21308.7084720432
149 21308.4120805094
150 21306.7884282882
151 21299.2058782053
152 21295.5424236926
153 21293.0195316469
154 21289.7966096882
155 21287.6208792992
156 21286.9969032259
157 21286.6487938296
158 21285.0086004429
159 21284.9503644904
160 21283.5927656959
161 21283.2109965331
162 21282.0337614519
163 21280.8043659892
164 21280.3531737173
165 21279.9710976433
166 21277.4171833571
167 21267.1733694183
168 21264.3715417309
169 21259.3606960355
170 21253.7763057572
171 21248.6468272278
172 21247.8515896014
173 21247.5692765646
174 21246.8333956379
175 21245.0764533448
176 21243.9033555088
177 21242.9603998666
178 21242.3168974339
179 21240.5026073302
180 21240.0605326002
181 21239.8377066479
182 21238.9889659405
183 21233.2878632723
184 21228.0645167592
185 21226.4250871689
186 21224.7830245744
187 21218.6785592973
188 21216.2873196723
189 21215.8685924241
190 21215.5902269294
191 21214.9145927267
192 21213.8145791571
193 21213.113239448
194 21211.8691003896
195 21211.3779788972
196 21210.9064298355
197 21210.6917552301
198 21210.3789287765
199 21208.958667653
200 21207.6670478084
201 21206.5068613022
202 21203.8913267057
203 21202.0849184053
204 21201.4146823983
205 21201.1896884674
206 21200.8617252137
207 21199.4650960977
208 21196.8962562358
209 21195.3885562832
210 21194.0022257263
211 21191.6880954787
212 21190.83216779
213 21190.6042059699
214 21190.449817191
215 21189.8550090673
216 21187.0344397825
217 21185.6101870814
218 21184.4224691586
219 21183.7054680541
220 21182.3685129201
221 21181.8921363625
222 21181.7753415044
223 21181.4153381535
224 21180.2205079789
225 21179.7954816676
226 21179.4954762259
227 21178.1605842287
228 21177.0818996977
229 21176.9140493059
230 21176.720539133
231 21175.3945183848
232 21173.9398274989
233 21173.3916345903
234 21172.5040915963
235 21171.8621597249
236 21171.2764641382
237 21171.1730635652
238 21170.8485237955
239 21169.5154248636
240 21168.5427075739
241 21167.6796264741
242 21166.6783924794
243 21166.1752631174
244 21165.9911381623
245 21165.8319652162
246 21165.2260493139
247 21163.7063415196
248 21163.1080154772
249 21162.5092789087
250 21161.817306014
251 21159.782438075
252 21159.3839127578
253 21159.2803615566
254 21159.0616108889
255 21158.0694734876
256 21157.1006567509
257 21156.4386836139
258 21155.761710109
259 21155.4426946913
260 21155.1271889604
261 21155.0288812039
262 21154.8699835145
263 21153.443939508
264 21152.3321688316
265 21150.9697337547
266 21149.3858722245
267 21146.9144426927
268 21146.0000663566
269 21145.7603195407
270 21145.5820962129
271 21145.1231885382
272 21145.0703374359
273 21144.6038704337
274 21144.0143344434
275 21143.7451635552
276 21143.6368275273
277 21143.5609220618
278 21142.9093658295
279 21142.6330691013
280 21142.5445601251
281 21141.9567929658
282 21138.8837221938
283 21138.5557003151
284 21138.4441939036
285 21138.2424009404
286 21137.8265448197
287 21137.5690493677
288 21137.2788057939
289 21136.9804841699
290 21136.033330309
291 21135.7832369271
292 21135.7152188335
293 21135.64947563
294 21135.0289119162
295 21133.8828569615
296 21133.7891184657
297 21132.638276131
298 21131.0904036789
299 21130.7948243913
300 21130.6827708951
301 21130.5892954947
302 21130.1821433263
303 21129.850257043
304 21129.4283307824
305 21129.3594776524
306 21128.6468131594
307 21128.1197045992
308 21128.0364153018
309 21127.9887802823
310 21127.6649358662
311 21126.6067096026
312 21126.031907215
313 21125.5348045376
314 21125.4822920292
315 21124.7839808914
316 21124.6480092405
317 21124.5824658983
318 21124.3358496685
319 21123.6333096035
320 21123.1288709352
321 21122.6782564031
322 21122.4129695133
323 21121.9635086091
324 21121.8150868976
325 21121.7682736802
326 21121.7008674838
327 21121.0306711158
328 21120.7366774989
329 21120.5473268481
330 21119.5696364511
331 21119.1745872611
332 21119.0386052477
333 21118.9729786842
334 21118.8195194993
335 21118.2951515436
336 21117.855581444
337 21117.7797259061
338 21117.1389044044
339 21116.7127002375
340 21116.6002248392
341 21116.5427952139
342 21116.4490810133
343 21116.170205309
344 21115.8862964919
345 21115.4778685366
346 21115.2987662218
347 21115.0440822226
348 21114.9118631329
349 21114.8556862638
350 21114.7927376244
351 21114.2733374669
352 21113.6672506409
353 21113.2064462402
354 21112.2867375119
355 21111.4451531629
356 21111.0625786915
357 21110.9562988473
358 21110.915230561
359 21110.7631050543
360 21110.428779884
361 21110.2093952891
362 21109.9883153669
363 21109.7846194842
364 21109.6310320078
365 21109.5882831263
366 21109.5399427314
367 21109.1010583188
368 21108.6390435688
369 21108.5339685299
370 21107.2949021818
371 21106.3054626513
372 21106.0437830817
373 21105.9690842023
374 21105.9199226813
375 21105.7945739801
376 21105.5231204693
377 21105.3976969949
378 21105.2001367303
379 21104.959477326
380 21104.8096449359
381 21104.7718288353
382 21104.7229412095
383 21104.3142797413
384 21104.0810964107
385 21104.0478590688
386 21103.3430231893
387 21102.1085039806
388 21101.8426488864
389 21101.7569988137
390 21101.6242565448
391 21101.5323136115
392 21101.4535593125
393 21101.3799738393
394 21101.1854864343
395 21101.1355078496
396 21101.1109923518
397 21101.0246449755
398 21100.2974027999
399 21100.0629541741
400 21099.7576426755
401 21099.6655900756
402 21099.1661824302
403 21099.0494297773
404 21099.0192070576
405 21098.9869091108
406 21098.6176345642
407 21098.1847146539
408 21097.9059526884
409 21097.8317079618
410 21097.5429066112
411 21097.3292129594
412 21097.2816018069
413 21097.2543737208
414 21097.152682404
415 21096.819769228
416 21096.6778151178
417 21096.5709741204
418 21096.2853227253
419 21095.8993195163
420 21095.8422813326
421 21095.8121943064
422 21095.7860247717
423 21095.4878000637
424 21095.2408733803
425 21095.1895560645
426 21094.9884500979
427 21094.5564574724
428 21094.3999414425
429 21094.3573839443
430 21094.3310356912
431 21094.1704567867
432 21093.9276067396
433 21093.7626178099
434 21093.6097154111
435 21093.4529538738
436 21093.2905889306
437 21093.2679303268
438 21093.2306012319
439 21093.1012685789
440 21092.8096501254
441 21092.7431195594
442 21092.4827525863
443 21092.3446918737
444 21092.2677227662
445 21092.242947219
446 21092.1614454617
447 21091.7763937534
448 21091.5829339987
449 21091.4788122868
450 21091.2815083582
451 21091.2246234962
452 21091.1764306341
453 21091.1579334462
454 21091.0809518113
455 21090.781127398
456 21090.6982378524
457 21090.4899836651
458 21090.2547443316
459 21090.1504069306
460 21090.124844785
461 21090.0966619086
462 21089.9136676014
463 21089.7203440348
464 21089.6989238379
465 21089.4946512037
466 21089.3090115342
467 21089.21255745
468 21089.182794059
469 21089.1659460795
470 21089.0312312369
471 21088.4452053059
472 21088.2844731872
473 21088.0505610719
474 21087.6774196254
475 21087.5589114436
476 21087.5026311645
477 21087.4755745069
478 21087.3674752186
479 21087.2008707467
480 21087.1547769079
481 21087.0552725587
482 21086.8177952461
483 21086.7676623398
484 21086.7373619873
485 21086.7222016323
486 21086.6398826858
487 21086.326327484
488 21086.3024446135
489 21086.1263837738
490 21085.9110125173
491 21085.6366760315
492 21085.5871326861
493 21085.5681544848
494 21085.4798824667
495 21085.3702134181
496 21085.2943153284
497 21085.158248054
498 21085.1199233784
499 21085.0483397445
500 21085.0269397375
501 21085.0139376838
502 21084.8768940036
503 21084.6169970304
504 21084.485231636
505 21084.2430644247
506 21084.0041176605
507 21083.8838065563
508 21083.8550547653
509 21083.8263504259
510 21083.7472848858
511 21083.7090320179
512 21083.6314207863
513 21083.4994578102
514 21083.4105344296
515 21083.3876422634
516 21083.3777035863
517 21083.2987455032
518 21083.034514553
519 21082.8909378612
520 21082.8870711533
521 21082.8190406569
522 21082.496838302
523 21082.4354345447
524 21082.4214010003
525 21082.4015247073
526 21082.1615144359
527 21082.0746642407
528 21081.9492386267
529 21081.6606390101
530 21081.5742500521
531 21081.5009281305
532 21081.4852456495
533 21081.4697253433
534 21081.3976084864
535 21081.3416135935
536 21081.2579328013
537 21081.1288290829
538 21081.0880742948
539 21081.0506425931
540 21081.0384178637
541 21081.0177518935
542 21080.8662572174
543 21080.6857521262
544 21080.6741278387
545 21080.5922160381
546 21080.3525850505
547 21080.207539306
548 21080.1554980162
549 21080.1472691568
550 21080.1224632075
551 21080.0028064388
552 21079.9200501701
553 21079.8677172477
554 21079.8275631882
555 21079.6988810287
556 21079.6756321341
557 21079.6654355899
558 21079.6314660808
559 21079.4804106519
560 21079.4420456858
561 21079.3471867666
562 21079.2745771
563 21079.1395391794
564 21079.0959907083
565 21079.0872838635
566 21079.0501914644
567 21078.9127490107
568 21078.8399781875
569 21078.8054783757
570 21078.7917054013
571 21078.6361388928
572 21078.6180271586
573 21078.6061476631
574 21078.5926111028
575 21078.4667447786
576 21078.0519880827
577 21077.9640284743
578 21077.7265143864
579 21077.5697583155
580 21077.3238008463
581 21077.2908698641
582 21077.2753685993
583 21077.2509550033
584 21077.1824187454
585 21077.1261758454
586 21077.1053003566
587 21077.040606088
588 21077.003413159
589 21076.990894149
590 21076.9748401586
591 21076.9222640597
592 21076.8028639095
593 21076.7382450769
594 21076.6739634228
595 21076.6098950537
596 21076.5882208781
597 21076.5628261718
598 21076.5577627754
599 21076.5236750271
600 21076.3569975175
601 21076.2187915377
602 21076.1631789863
603 21076.023889843
604 21075.9181615945
605 21075.8724811118
606 21075.8632522154
607 21075.8305029653
608 21075.7532462098
609 21075.7072952734
610 21075.6839256203
611 21075.6201547803
612 21075.5803301284
613 21075.5723066383
614 21075.5630739329
615 21075.5238093185
616 21075.3941970316
617 21075.319946425
618 21075.2796344291
619 21075.2405274752
620 21075.1562739857
621 21075.1429260273
622 21075.1347781552
623 21075.0915448122
624 21074.9885944331
625 21074.9277859949
626 21074.8910889681
627 21074.8628165629
628 21074.7621587942
629 21074.7530581424
630 21074.7411971494
631 21074.6779352496
632 21074.5199164438
633 21074.4593115379
634 21074.3618639886
635 21074.2574529047
636 21074.1972892287
637 21074.1839055442
638 21074.1773988686
639 21074.16621395
640 21074.1052646645
641 21074.0665239188
642 21074.0665239188
643 21074.0018313866
644 21073.9863020004
645 21073.9756652087
646 21073.9507382057
647 21073.9058697767
648 21073.8737650889
649 21073.8324910289
650 21073.8101788569
651 21073.7801356226
652 21073.7705664441
653 21073.7656441613
654 21073.7515206724
655 21073.6595394365
656 21073.5330612048
657 21073.5084310588
658 21073.4503155621
659 21073.3180467702
660 21073.2737803228
661 21073.2598775243
662 21073.2529368406
663 21073.2529368405
664 21073.2270892318
665 21073.1546112764
666 21073.1085433821
667 21073.0882712179
668 21073.0592639151
669 21073.0104218393
670 21072.9944703701
671 21072.9900176798
672 21072.9825022515
673 21072.9229106852
674 21072.8778205709
675 21072.8746153764
676 21072.8162427207
677 21072.7405153624
678 21072.7265248463
679 21072.7186567769
680 21072.7035998559
681 21072.6463299342
682 21072.606194375
683 21072.5969964058
684 21072.5244144567
685 21072.4727740497
686 21072.4611789807
687 21072.4535023747
688 21072.4468663257
689 21072.4207407266
690 21072.3545598863
691 21072.3094320628
692 21072.2987558301
693 21072.2563500301
694 21072.1956396806
695 21072.1875577136
696 21072.1821691867
697 21072.1461291716
698 21072.0726223059
699 21072.0355489179
700 21071.99254933
701 21071.9767218172
702 21071.9117066817
703 21071.9030083316
704 21071.8989007989
705 21071.8762632326
706 21071.8150006091
707 21071.7877298842
708 21071.7808241587
709 21071.7226222209
710 21071.7027453188
711 21071.692487818
712 21071.6884803001
713 21071.6759183993
714 21071.5759097619
715 21071.5261304841
716 21071.4816849234
717 21071.4477786257
718 21071.4061829949
719 21071.3964977572
720 21071.3905775511
721 21071.364735434
722 21071.3204556827
723 21071.3118690043
724 21071.279972989
725 21071.2289237332
726 21071.1991941455
727 21071.1826925764
728 21071.1797414687
729 21071.1649195645
730 21071.104382039
731 21071.0723696809
732 21071.0470743881
733 21071.0410917287
734 21071.0006862339
735 21070.9907120816
736 21070.9865179728
737 21070.9714539738
738 21070.9169249629
739 21070.9022455322
740 21070.8608021933
741 21070.8173837959
742 21070.7732429951
743 21070.7669971752
744 21070.7623983597
745 21070.7433183513
746 21070.6657281527
747 21070.632740846
748 21070.6029275193
749 21070.5914502102
750 21070.4918152812
751 21070.4615948763
752 21070.4573127806
753 21070.4485344988
754 21070.4187402018
755 21070.3977420849
756 21070.3870329348
757 21070.3524555034
758 21070.3312792869
759 21070.3243656881
760 21070.3207176242
761 21070.2899324248
762 21070.2490497545
763 21070.2059806503
764 21070.176322322
765 21070.1474404083
766 21070.1026143094
767 21070.0961580631
768 21070.0926287735
769 21070.0782197897
770 21070.0436247626
771 21070.0325969419
772 21070.0156663768
773 21069.9728679438
774 21069.9497023806
775 21069.9409759194
776 21069.9385381017
777 21069.9243711483
778 21069.8718004342
779 21069.8543498651
780 21069.844944749
781 21069.8410994532
782 21069.7712630654
783 21069.7625641318
784 21069.7590510029
785 21069.7470817801
786 21069.7151302592
787 21069.7090407347
788 21069.6909003172
789 21069.6560501126
790 21069.6281431506
791 21069.6223158939
792 21069.6195038588
793 21069.6005506247
794 21069.5484179953
795 21069.5416295883
796 21069.5007413482
797 21069.4451188826
798 21069.4143657352
799 21069.4059588442
800 21069.4025515037
801 21069.3928672912
802 21069.3597351856
803 21069.3378096644
804 21069.3159779667
805 21069.2907617842
806 21069.2796235302
807 21069.2748332639
808 21069.2702782163
809 21069.2521269568
810 21069.2191498419
811 21069.1945112257
812 21069.1740137299
813 21069.1492612468
814 21069.1332138112
815 21069.129471274
816 21069.1252783676
817 21069.1009903488
818 21069.0573476103
819 21069.037471881
820 21069.0155956992
821 21068.9629061764
822 21068.9350756836
823 21068.9302852597
824 21068.9274980381
825 21068.9185649785
826 21068.8957788272
827 21068.877129312
828 21068.8674039965
829 21068.8666716235
830 21068.8289144275
831 21068.823859164
832 21068.8207843555
833 21068.81170003
834 21068.7800607088
835 21068.7580123094
836 21068.7352634089
837 21068.7114290681
838 21068.7017799849
839 21068.6950057785
840 21068.69271259
841 21068.6853987902
842 21068.650146944
843 21068.6283552139
844 21068.6102892744
845 21068.5806047612
846 21068.574448977
847 21068.55646278
848 21068.5545423209
849 21068.5462877498
850 21068.5272476363
851 21068.5164283536
852 21068.5035617603
853 21068.4875271093
854 21068.4766309553
855 21068.4723851432
856 21068.470103822
857 21068.459737421
858 21068.4116589168
859 21068.4053115569
860 21068.3853737886
861 21068.3550061242
862 21068.2937170429
863 21068.2801848008
864 21068.2777026059
865 21068.2721165567
866 21068.2576329816
867 21068.2553867199
868 21068.2412038819
869 21068.2358112416
870 21068.2025340703
871 21068.1959958767
872 21068.1942550511
873 21068.1848416856
874 21068.1503485116
875 21068.1368168454
876 21068.1184153399
877 21068.0966709003
878 21068.0634875457
879 21068.0582108289
880 21068.0558400837
881 21068.0513797129
882 21068.0331390987
883 21068.0217563935
884 21068.0079851039
885 21067.993212159
886 21067.9662981915
887 21067.9520854984
888 21067.9496034477
889 21067.9477614655
890 21067.9341275171
891 21067.90384204
892 21067.8892536465
893 21067.8781824459
894 21067.8466062865
895 21067.8282498585
896 21067.8253978269
897 21067.8221780539
898 21067.8107821841
899 21067.7964061711
900 21067.7847868811
901 21067.7758844739
902 21067.7515572069
903 21067.7438770311
904 21067.742136721
905 21067.7385805095
906 21067.7238698826
907 21067.7202264878
908 21067.7017792379
909 21067.671512815
910 21067.6559157805
911 21067.6510232582
912 21067.6482600216
913 21067.6420482982
914 21067.6245850896
915 21067.612047647
916 21067.6051516712
917 21067.5874199325
918 21067.5755001928
919 21067.5720674566
920 21067.5697299032
921 21067.5628186702
922 21067.5427180248
923 21067.5337913531
924 21067.531847685
925 21067.4986585156
926 21067.4851627208
927 21067.4817998806
928 21067.4789946741
929 21067.4720031387
930 21067.453392488
931 21067.4411291595
932 21067.4369017977
933 21067.4211992287
934 21067.3985585617
935 21067.3935929856
936 21067.3918716275
937 21067.3883896769
938 21067.3734650682
939 21067.3563036497
940 21067.3555506508
941 21067.3091564111
942 21067.2873046093
943 21067.275494458
944 21067.273547298
945 21067.2700406824
946 21067.2599097601
947 21067.2500876729
948 21067.2372038211
949 21067.2186275562
950 21067.2096179543
951 21067.2059790203
952 21067.2039943233
953 21067.200396052
954 21067.1864443769
955 21067.1802223339
956 21067.1739305851
957 21067.1705062015
958 21067.1250704564
959 21067.1198371316
960 21067.1180411729
961 21067.1125380011
962 21067.1018236087
963 21067.0958889194
964 21067.0882775122
965 21067.0818316456
966 21067.0722049221
967 21067.0697483576
968 21067.0687513723
969 21067.064449125
970 21067.0383769948
971 21067.0263570708
972 21067.0151458962
973 21066.9865897552
974 21066.9720022315
975 21066.9698228242
976 21066.9675897268
977 21066.9598460194
978 21066.9528754767
979 21066.9461451735
980 21066.9410500867
981 21066.9394235848
982 21066.9360006091
983 21066.9346249592
984 21066.9321380868
985 21066.9063126625
986 21066.8883373524
987 21066.8776274043
988 21066.8472699073
989 21066.825584907
990 21066.8198921875
991 21066.8180767092
992 21066.8149548305
993 21066.8054131023
994 21066.7993086435
995 21066.793620908
996 21066.7905165013
997 21066.7796759987
998 21066.777285795
999 21066.7761990368
1000 21066.7731912767
1001 21066.7492533419
1002 21066.7308966216
1003 21066.727861624
1004 21066.6975315551
1005 21066.6903254104
1006 21066.677451992
1007 21066.6759956708
1008 21066.6742913789
1009 21066.6681404476
1010 21066.6630285084
1011 21066.6624358405
1012 21066.6610206601
1013 21066.6398833113
1014 21066.6357640233
1015 21066.6347583741
1016 21066.6330160378
1017 21066.6223317027
1018 21066.6117502218
1019 21066.6039586493
1020 21066.5975345017
1021 21066.59206604
1022 21066.5893404046
1023 21066.5881054152
1024 21066.5861220019
1025 21066.5753284367
1026 21066.5680090528
1027 21066.5675121766
1028 21066.5331868739
1029 21066.5143546809
1030 21066.5106189354
1031 21066.508976221
1032 21066.506674362
1033 21066.4987989234
1034 21066.4916301194
1035 21066.4829149948
1036 21066.4684973277
1037 21066.4641960249
1038 21066.4590784744
1039 21066.4580663954
1040 21066.4563612689
1041 21066.4496725671
1042 21066.4387375373
1043 21066.4316285013
1044 21066.422726517
1045 21066.4081028827
1046 21066.4028138569
1047 21066.4015657249
1048 21066.4000905673
1049 21066.3913737197
1050 21066.3872476598
1051 21066.380104859
1052 21066.3597745311
1053 21066.3561167014
1054 21066.3484555163
1055 21066.3475948711
1056 21066.3463873614
1057 21066.3389524532
1058 21066.3301567604
1059 21066.323020067
1060 21066.3028899599
1061 21066.2886508553
1062 21066.2846273334
1063 21066.2833495498
1064 21066.2811575184
1065 21066.2761358894
1066 21066.2716302088
1067 21066.2664328691
1068 21066.2638262673
1069 21066.2621007705
1070 21066.2602536617
1071 21066.2596404862
1072 21066.2548287302
1073 21066.2313866249
1074 21066.2296437742
1075 21066.2168743188
1076 21066.1927792832
1077 21066.1825347739
1078 21066.1796151455
1079 21066.1788606685
1080 21066.1764041029
1081 21066.1660701105
1082 21066.1621257649
1083 21066.1546875762
1084 21066.1502146492
1085 21066.1430652322
1086 21066.1393898587
1087 21066.1388108458
1088 21066.1369019893
1089 21066.1287239581
1090 21066.1256193443
1091 21066.1241503486
1092 21066.1177047269
1093 21066.1064577541
1094 21066.1043595354
1095 21066.103649859
1096 21066.1018635911
1097 21066.0887297963
1098 21066.0817958023
1099 21066.0778378765
1100 21066.0710660738
1101 21066.0631439358
1102 21066.0604165133
1103 21066.0594357416
1104 21066.0586459359
1105 21066.0533115602
1106 21066.0405383314
1107 21066.0362767659
1108 21066.028753209
1109 21066.0194950989
