time objective
327.590802 116614.469216556
725.233127 93476.9435266308
1085.343912 68665.6080318221
1473.93712 62754.8879548893
1833.446608 59399.2248256753
2222.194759 56599.3266451435
2584.413627 55990.4011310286
2989.999762 53089.6609476371
3353.517267 52924.9534495725
3757.495364 49791.0895948915
4155.021761 46503.6955005179
4493.071525 46485.4466781139
4891.454337 44144.2966163391
5289.672854 42495.102218819
5665.812831 42134.9436752025
6062.918075 40944.3689570335
6431.136034 40721.9192656502
6827.371478 39576.4365338876
7194.199616 39346.6967486584
7588.426206 38356.0614000077
7954.148684 38074.3309061229
8349.045892 37267.3247859573
8714.444093 36921.535002091
9116.006678 36297.2222222989
9488.390007 35902.6042696204
9892.577498 35431.5556636027
10236.267388 35201.4476436893
10639.522087 34236.5478813024
11013.468999 33980.8386699815
11416.715466 33531.5266061328
11759.287674 33317.2853013823
12161.05921 32571.7614788641
12532.675558 32310.1554338054
12902.691686 32204.8427540401
13299.880257 31723.3793960598
13668.775493 31488.5986908607
14038.109809 31401.5783515014
14437.312861 30940.9055064988
14777.339122 30692.3755767982
15175.525711 30261.4244337188
15514.298553 30012.5939829829
15911.792638 29647.9795311232
16220.559905 29571.2632082229
16618.289465 28681.0225961864
16956.690166 28513.5265171798
17325.4449 28504.0204614897
17723.290102 28041.9514980429
18061.70552 27938.7022235608
18459.362022 27617.7661863696
18797.59897 27431.4560309509
19269.117148 27378.7507144211
19692.764316 27346.0206862976
20290.174978 26946.0524235846
20915.597197 26782.9327793011
21592.756179 26721.289203227
22436.545309 26662.0933897618
23012.77337 26349.8860262098
23438.405445 26162.3582888682
23911.291557 25817.9323704079
24275.930896 25644.9989873253
24708.071856 25624.9195258624
25109.636486 25556.4968014674
25550.397022 25145.1479150072
25859.155411 25116.1381139527
26294.059912 24390.8269221233
26631.270292 24381.7793626348
27049.11836 24264.6669482004
27481.79193 24154.7256876689
27897.111744 24085.7852927161
28263.283125 23979.9508905088
28615.367433 23907.5644107796
28958.687634 23807.1721405915
29302.359732 23732.6975653994
29647.333322 23639.6126063274
29991.54495 23565.4374851738
30335.583349 23480.3530075376
30678.374283 23408.4026341458
31020.230325 23331.0127749346
31361.072314 23262.428120427
31701.291249 23191.8416320036
32040.337438 23127.0364911455
32378.892177 23062.1145157482
32716.55586 23000.9825632502
33053.463572 22940.5962532751
33362.291155 22929.4891464917
33697.524125 22842.1542853511
34032.014709 22771.8778523192
34365.753241 22701.4266907112
34698.146161 22639.8468231526
35029.466828 22579.831409598
35361.149751 22524.4025921037
35666.435914 22518.9986921195
35998.413809 22441.6518623801
36329.955364 22366.0155541817
36661.457391 22304.4212728801
36992.927012 22246.0937428486
37324.382484 22193.7758995863
37629.199835 22185.6231601926
37960.723514 22110.5002300499
38292.002204 22041.1841198346
38623.156886 21985.0668390425
38954.276188 21933.2007703976
39258.883118 21927.2338598774
39589.898671 21846.0369477407
39921.173145 21786.2169865036
40252.569164 21732.8726007614
40583.916471 21686.6041391254
40888.487207 21661.4184866518
41220.01461 21597.6632523211
41551.364083 21542.8718365887
41882.623582 21497.2981939736
42187.408783 21478.0821789688
42518.83463 21413.5070212119
42849.810368 21359.8332719337
43180.350016 21316.1306987691
43483.942212 21293.7724916011
43814.156071 21232.9626043195
44144.380262 21183.3975607244
44475.240515 21142.7661051263
44779.364772 21111.4082160923
45110.102454 21057.9961942989
45440.83158 21014.3337481487
45745.085839 20996.1552368202
46075.936777 20933.9398712813
46406.519366 20890.1634389191
46710.091599 20880.887407033
47040.269062 20817.3690368785
47370.465178 20770.08791638
47674.027086 20768.0774938805
48004.889346 20697.5223512789
48335.664827 20652.8400860383
48639.768686 20650.2372593199
48970.646627 20584.9116113828
49301.540928 20538.9953395353
49605.639838 20534.2334724654
49936.620369 20468.6047057347
50266.910776 20427.7713566002
50570.699209 20414.9287289561
50901.207459 20359.1821484537
51232.125576 20320.0859783971
51536.260525 20300.0821331359
51867.028763 20249.5439829615
52197.936775 20215.5949960464
52502.259976 20187.2587640523
52833.650043 20145.9152598944
53138.188177 20136.9739411022
53469.434925 20081.789804655
53800.474318 20045.3462979059
54104.517196 20023.0318931917
54435.191147 19978.6378643878
54739.28255 19971.772598723
55070.907043 19915.098077854
55401.99288 19881.922877637
55706.504211 19857.4177779618
56037.41952 19818.1807412657
56345.1153 19806.2653852473
56680.822165 19757.5208247907
57016.035705 19726.2835163145
57323.857921 19698.9920980735
57658.551074 19664.0670203983
57966.234957 19643.1364543378
58300.95815 19603.4471637719
58609.928473 19589.7299754404
58945.936214 19544.3067971395
59254.67806 19538.4221828358
59590.713188 19486.4931768425
59926.77697 19458.0437246879
60235.757953 19431.2510788881
60571.376748 19400.5446089128
60879.147104 19377.686238846
61213.908603 19344.2817056204
61521.902273 19325.6448271379
61857.003274 19289.1786679265
62165.488209 19274.9291374215
62501.258081 19235.1528075485
62810.108785 19225.2977633349
63146.056721 19182.1049598752
63454.75014 19176.4532565724
63790.583054 19129.924741137
64099.003545 19128.0888959291
64433.903311 19078.5118727951
64768.640132 19052.1966826193
65076.363231 19026.8453398868
65411.092417 19000.9281203506
65692.217671 19000.7604534243
66027.897268 18930.1897841909
66363.646976 18902.0089653345
66672.272134 18880.6634220495
67008.047524 18853.1668171285
67316.702017 18831.5949208315
67652.246363 18805.0439096726
67960.149268 18783.0003519822
68295.076768 18757.6326870946
68602.973262 18734.9527075862
68937.865142 18710.9392572813
69218.903445 18708.5584010151
69552.812363 18646.9222302142
69884.568263 18620.7324796088
70193.215568 18599.1670205328
70501.722428 18598.6798270998
70836.587633 18553.3490479452
71143.281143 18547.529500453
71474.816177 18508.3703249778
71778.962896 18497.7989360782
72112.92867 18464.2903787807
72420.705966 18449.6915678952
72755.556184 18421.1225049742
73064.132155 18403.2837920054
73399.815985 18378.8521900895
73708.480048 18358.5375545452
74017.027429 18355.6369252213
74352.683572 18314.786355439
74661.276803 18303.1339790114
