time objective
2.017136 68642.7896425434
4.21479 52350.0999007578
6.584316 44440.0735815578
9.116693 39373.5207693647
11.93452 36701.2188534436
15.035188 34308.7823357537
18.450181 30098.932113324
22.258182 28521.1477057407
26.35867 27341.227267613
30.67395 26186.7937120607
35.255158 25779.2333324075
39.979497 23499.9684604714
45.005785 22214.3245592279
50.10312 21812.1062079456
55.310715 20876.2966176213
60.67506 20735.8793980917
66.185236 20429.7748293077
71.794128 20321.4943083195
77.658174 19478.4432681976
83.586966 19299.9799314228
89.756865 18943.9743459607
96.046386 16968.9133033853
102.413618 16783.184627206
108.875224 16722.7751683168
115.537395 16629.8239350836
122.426257 16160.8571518631
129.441575 16007.9168790066
136.546583 15813.9774054907
143.636113 15225.6689613086
150.955009 15016.1377005714
158.56072 14930.8927439886
166.371237 14897.9550518936
174.256616 14631.4052457427
182.145981 14530.013160125
190.23317 14451.9465411709
198.549992 14258.9008085351
206.961844 14231.2240927477
215.455361 14180.1129574551
224.575987 14160.7617011153
233.450547 13905.1605290902
242.645987 13580.6720741898
252.359509 13347.9033929983
261.836359 13091.5286306116
271.634421 12930.8386969372
281.200383 12918.2246464338
291.184568 12889.2840001742
300.953183 12876.1553458454
311.065593 12824.4815271008
321.281762 12540.6049625167
332.250153 12389.2293369072
343.106717 12270.8061009887
354.117526 12119.9769361864
365.893629 12038.7575361033
378.065897 11968.8917972098
390.024558 11951.6113213749
402.213496 11920.3249103601
414.739891 11853.0474353878
426.520888 11844.7182838618
438.598123 11837.7823477029
450.853928 11749.6908317146
462.635366 11739.4452348787
475.637272 11730.4028178298
488.207511 11615.231047351
500.635897 11513.4870985233
513.618672 11504.6686886157
527.386278 11456.7573385877
540.471319 11219.0885947514
553.505273 11147.7544051866
566.280281 11139.024610974
579.349238 11130.4235894195
594.487807 11050.6533651852
611.913288 11010.1800178594
628.76064 10972.4075425152
644.22239 10946.8564240747
659.216877 10920.7083565178
675.491377 10885.5537472086
690.315724 10881.1626903305
706.259231 10861.2616687626
722.595462 10826.8191002558
739.956084 10722.759420346
757.744298 10661.2763513569
775.329965 10601.9608102396
794.874033 10576.8278029342
811.654869 10572.6383285997
828.600592 10569.4057960205
844.701249 10544.4495902469
860.7862 10476.2799718853
876.879257 10445.197414102
894.320945 10383.9326867958
910.437855 10286.0997943583
927.365244 10272.828008166
944.058291 10259.2028839321
962.257886 10257.3365600027
978.963247 10246.2116255998
996.755425 10233.6013799944
1013.889868 10172.8491948029
1031.925075 10162.6528816147
1048.597818 10153.8892801671
1065.676955 10147.6741580623
1083.149589 10145.1767645922
1101.582168 10134.3216043583
1120.418446 10113.2780696445
1138.947334 10048.8065722105
1156.415829 10038.2387842311
1173.627455 10025.8351482662
1190.38251 10015.3047528436
1207.648712 10006.8699195574
1224.604237 10004.9176478102
1242.333017 10001.5244614168
1259.909745 9912.07866304546
1278.230605 9890.19611848319
1295.812555 9815.58515192331
1314.938671 9780.18787154141
1333.096682 9750.61738764217
1352.570495 9745.48390725483
1370.620947 9743.3531062883
1388.896303 9742.04299550104
1406.893883 9732.20592564832
1425.453558 9713.34799081052
1442.527707 9698.18758773558
1460.0521 9687.26935576479
1478.041159 9678.07816586949
1496.011925 9673.91785583307
1514.398108 9672.00736030602
1532.084286 9670.36895087752
1549.836177 9660.83986214478
1567.335706 9649.34770227724
1587.814029 9639.52674845036
1606.831909 9632.76259624047
1626.160325 9628.94875340226
1645.221538 9627.44786676241
1664.515026 9622.81795603857
1683.042785 9608.36953869609
1701.539785 9605.76815320945
1719.644184 9593.46240442341
1737.46769 9593.29048007277
1755.293995 9586.80280809087
1773.210913 9584.65571944869
1790.753141 9579.67637800536
1808.683449 9568.91506051704
1826.022465 9563.09812366204
1843.621733 9551.82752618014
1862.297731 9548.95217369872
1880.823631 9544.46922406918
1898.859795 9542.32975372535
1916.935929 9540.76969070577
1935.469494 9539.61877648506
1954.35214 9529.5514434881
1972.902079 9452.04956801627
1990.316706 9252.06733004534
