time objective
0.583026 59579.432161515
1.314284 52685.3649489053
2.192557 50918.222440163
3.240178 40122.729590283
4.464767 37197.9319708206
5.924579 35887.6333444204
7.7076 34127.0643043257
9.810461 29480.92869616
12.27194 27623.0391004115
15.916466 25938.8947056769
19.220339 25076.1153450849
22.649727 24395.9682723985
26.048083 23141.2733505126
29.614581 22301.7591928541
33.387702 21079.8087658601
37.462904 20930.1688283827
41.500834 20235.4179564213
45.556012 19978.956681387
49.748947 19760.2042819085
54.096193 19579.6256795967
58.583242 19413.1771515109
63.348358 19039.4728302019
68.279789 18563.3641985363
73.294813 18290.656283439
78.378372 17984.0498705896
83.521564 17442.4001278841
88.76129 17151.3945138642
94.15451 17036.4514941666
100.507403 16885.65553456
106.847572 16709.5616245279
112.780609 16351.4035569487
119.136691 16059.1986347555
125.668297 15792.5184879485
131.900106 15720.3313681504
138.249918 15601.3972292805
144.818623 15444.902313433
151.784872 15201.1126981211
158.614592 14617.4778929799
165.791476 14557.6512414903
172.874738 14173.9496401829
180.060496 14129.3046798257
187.446323 14073.5235627618
195.040744 14020.2114794912
202.946337 13793.5508553494
210.948279 13714.6199538836
218.998476 13424.6874378116
227.073523 13396.3377729447
235.210579 13209.394285308
243.470248 13183.7242834553
252.030213 13157.6299238535
260.936005 12982.6972041173
269.928942 12868.9515493126
278.893948 12811.5083880415
287.651356 12613.6744350315
296.495503 12496.5342719601
305.513211 12302.0164518138
315.031023 12273.0089141521
324.674118 12261.0335939802
334.325066 12055.7173260572
343.696222 11778.4487407496
352.883804 11700.6352254597
362.082034 11488.9323736756
371.973097 11402.2514776823
382.178057 11328.5259934745
392.40121 11321.6917384189
402.724421 11308.5564033934
413.438486 11193.1549454354
425.183054 11152.9466811358
436.012029 11096.8129380353
446.827259 11019.2710022264
458.257093 10963.3380420178
470.611969 10941.2124458059
482.223322 10934.6656548882
493.249043 10903.6063487934
504.666574 10865.0606446574
515.60667 10846.474472154
526.500069 10811.7334910799
538.006464 10792.3855614186
550.30841 10779.2816420315
562.499869 10773.4708793403
575.569972 10766.5842948255
588.984801 10749.5437841314
600.854416 10655.6934799419
613.657668 10650.6249387679
626.285 10564.6172098723
638.60968 10530.3634386099
651.094519 10519.8655729389
664.164676 10515.8876961439
677.341803 10507.5308828965
690.286126 10337.2351151454
702.416697 10235.4595796116
714.873858 10186.376949487
727.829604 10107.6163672354
740.729805 10067.3196336618
753.421609 10052.4639015762
766.21636 10049.1196424986
779.759636 10043.096553443
793.375824 9993.15903899557
806.103361 9958.46006043007
818.833549 9924.90613579937
832.189389 9914.29225203893
845.790712 9848.35894959494
859.052721 9842.75088752192
872.287218 9840.1764509612
886.007182 9812.49060962902
900.147519 9803.14967917916
913.968138 9798.96259703559
927.705016 9791.64313243354
941.913767 9781.84364487799
956.535619 9779.16626603519
970.819267 9775.08058385222
984.942429 9757.37778348825
998.790238 9733.17029325521
1012.553021 9726.89745417865
1025.985619 9635.08179094401
1039.385076 9625.63156568863
1053.153556 9621.38998254445
1067.446351 9609.39843187561
1081.552293 9601.27186532317
1095.440631 9583.18301747135
1109.39116 9577.3951955336
1123.904768 9551.05897661216
1138.087125 9540.39322671858
1152.161076 9538.18493479275
1166.626599 9526.02933193701
1181.380289 9498.38161097205
1195.289801 9468.55368353398
1209.104644 9454.19628870722
1223.653377 9433.19542990205
1238.592868 9426.28266157875
1252.981858 9423.03387481103
1267.436618 9421.67862569611
1282.682183 9413.97792373503
1297.716313 9316.52646220105
1311.371097 9244.27749165887
