time train-error
380.16295 0.770997709340799
726.754149 0.793522524815475
901.150334 0.568401628913209
1077.594854 0.50209977093408
1253.529134 0.42406888945448395
1428.870081 0.35848816492746205
1604.195204 0.31662000509035404
1779.080027 0.255599389157546
1957.285053 0.22524815474675497
2130.041525 0.18844913888181902
2295.732232 0.17243573428353298
2461.928519 0.15425892932892205
2629.424164 0.138648511071519
2796.425588 0.12388648511071498
2963.03785 0.11256044795113296
3130.022987 0.09936794773903501
3316.111808 0.08821158903877202
3496.320416 0.07438279460422503
3673.51343 0.06604734029015003
3850.59535 0.05926020191736703
4027.032817 0.053512344107915055
4200.284663 0.04611012132009795
4375.309102 0.04027742428098802
4548.825752 0.036120302027658036
4722.218326 0.03300246033765997
4897.851775 0.029778569610588
5074.80535 0.027742428098753047
5249.537004 0.024454907949436056
5424.467091 0.02292780181555998
5599.590119 0.02044625434801095
5775.154355 0.01874946975481495
5950.430864 0.017222363620937986
6125.6739 0.01546194960549796
6299.612826 0.014655976923729996
6474.650794 0.012641045219308977
6651.259054 0.012789513871213964
6826.311031 0.010965470433528024
6999.387166 0.010965470433528024
7173.464723 0.009332315262577051
7350.092932 0.009205056418087998
7525.497999 0.008356664121490054
7700.444784 0.007953677780605961
7875.382982 0.007381012980401946
8050.25884 0.006978026639517965
8227.649046 0.006490201068974022
8400.610715 0.0067659285653689505
8573.712705 0.006066004920674994
8748.037025 0.005620598964961032
8923.808825 0.0054509205056419985
9097.407889 0.0053660812759820375
9270.935637 0.005260032238907031
9444.160802 0.005556969542717005
9617.732221 0.0048994655128530296
9792.555236 0.005090353779587997
9966.538412 0.004623738016458989
10139.837769 0.004920675320267964
10314.396448 0.004348010520064949
10488.737912 0.004411639942308976
10663.334137 0.003987443794009948
10838.277428 0.004178332060745027
11013.259853 0.004220751675575007
11189.184721 0.004157122253329981
11364.369938 0.004008653601424994
11539.988544 0.00407228302367002
11714.412111 0.0039026045643509866
11890.151185 0.00407228302367002
12066.92392 0.0039026045643509866
12242.682164 0.0040510732162549745
12593.060589 0.0038389751421059604
12994.547763 0.003881394756936052
13509.779669 0.003711716297616019
13923.368911 0.0036692966827860385
14325.80006 0.0036480868753709927
14732.609112 0.003563247645711032
15209.070908 0.003393569186391998
15631.137451 0.003542037838295986
16030.383496 0.0033511495715620176
16439.011666 0.0036480868753709927
16842.078547 0.003329939764146972
17250.287065 0.003563247645711032
17650.51078 0.003329939764146972
18061.006136 0.003499618223467005
18595.165415 0.0032663103419019457
19057.899826 0.003414778993807044
19582.12531 0.0032875201493169914
20262.620878 0.0033723593789769524
20982.255722 0.0032238907270719652
21718.096855 0.0033511495715620176
22447.782086 0.0031178416899969585
