time train-error
265.745122 0.795219309408671
438.267354 0.617099346737932
608.958732 0.584542292355985
778.494465 0.45584118096207704
948.214322 0.39036650547213003
1117.527593 0.38374904555866596
1285.630174 0.308220921354034
1453.200023 0.28648086875371204
1617.881299 0.273288368541614
1782.861187 0.226648002036142
1947.746694 0.19298803766861805
2112.536364 0.18248918299821804
2277.956341 0.17313565792822605
2442.051259 0.15831000254517702
2604.855211 0.151565283787223
2767.869881 0.13595486552982095
2930.712004 0.140196827012811
3093.439395 0.12093832188003695
3256.090264 0.11423602273691402
3418.522852 0.112221091032493
3580.868334 0.10668533129719204
3742.414553 0.09546534317468403
3902.953875 0.08679053194196995
4063.440672 0.08505132773394397
4223.308025 0.07726732841265804
4382.890921 0.07535844574531303
4541.799305 0.07425553575973498
4700.039949 0.07077712734368402
4856.825939 0.06460507338593402
5011.543127 0.06348095359294104
5165.876505 0.05552727581233596
5319.817081 0.05141257317383596
5472.722754 0.05100958683295198
5624.683454 0.04918554339526604
5775.90683 0.048888606091456954
5925.590206 0.04859166878764698
6072.943785 0.04583439382370402
6219.251291 0.043437685585814956
6358.715319 0.04131670484432004
6494.443025 0.039238143717654994
6629.319914 0.03599304318316798
6763.768983 0.03508102146432501
6898.492991 0.03467803512344103
7030.598015 0.03427504878255705
7161.925434 0.032811572070926
7292.17776 0.032684313226435946
7420.428679 0.030754220751675998
7547.496888 0.029481632306779026
7673.105509 0.028421141936030958
7798.083482 0.028718079239840044
7922.550979 0.02831509289895695
8045.403018 0.02786968694324299
8147.010574 0.025472978705353033
8235.987579 0.02502757274963896
8326.462869 0.02451853737168097
8417.270393 0.023585305845422955
8507.28519 0.023033850852633986
8593.590876 0.02269449393399503
8677.379824 0.022715703741409965
8761.785899 0.02114617799270402
8842.062687 0.02031899550352101
8921.619084 0.020234156273861048
9000.942648 0.018558581488079984
9080.14147 0.01811317553236602
9158.311942 0.017646559769237014
9235.638113 0.01739204208025802
9312.087977 0.016670908628150016
9386.567974 0.017688979384066994
9459.323052 0.017285993043183012
9531.769933 0.016352761516924996
9603.637502 0.015864935946382053
9675.071783 0.01565283787223204
9746.257542 0.015589208449987013
9817.332323 0.015440739798083025
9887.924197 0.014655976923729996
9956.578624 0.014125731738355962
10024.894735 0.014528718079240055
10093.016691 0.013340968864003044
10160.989605 0.012556205989650016
10228.190916 0.011750233307882052
10294.44978 0.011877492152370994
10359.784784 0.011644184270807045
10424.189344 0.01166539407822198
10486.797665 0.01166539407822198
10549.023908 0.011283617544753044
10611.322134 0.011198778315092972
10673.316568 0.010859421396454016
10734.027025 0.010880631203868951
10794.123658 0.010689742937133984
10853.893826 0.010541274285228996
10913.138485 0.010668533129719049
10971.330847 0.010647323322304003
11029.358079 0.01047764486298497
11087.15088 0.009629252566387025
11144.131675 0.010011029099855961
11200.786672 0.009714091796046986
11257.261577 0.009629252566387025
11313.60292 0.009586832951557045
11369.657702 0.009459574107066993
11424.531742 0.009586832951557045
11477.893212 0.009523203529312019
11530.789131 0.008674811232713964
11583.368225 0.00873844065495899
11635.634926 0.008547552388224022
11687.938905 0.008483922965978996
11740.063703 0.008377873928904989
11791.70516 0.008229405277000001
11842.353858 0.008314244506659962
11892.980965 0.008165775854754975
11943.278751 0.00846271315856495
11993.030557 0.007868838550946
12042.397717 0.0077627895138709935
12091.635188 0.007847628743530954
12140.767284 0.00782641893611602
12189.605784 0.008123356239924995
12237.536369 0.007571901247137025
12285.523573 0.007211334521083024
12333.270196 0.007317383558157031
12380.843665 0.007317383558157031
12427.963029 0.007062865869178037
12474.843831 0.007211334521083024
12521.541197 0.0071477050988379975
12567.991393 0.007020446254347945
12613.494648 0.006702299143124035
12657.578156 0.007084075676592971
12701.319307 0.006808348180198043
12744.620067 0.006405361839314949
12787.611796 0.006490201068974022
12830.410834 0.0062993128022400535
12873.048255 0.006235683379995027
12915.557402 0.0062993128022400535
12957.718058 0.005896326461355961
12999.181316 0.006023585305845014
13040.50421 0.006108424535504975
13081.710118 0.006023585305845014
13122.4764 0.006023585305845014
13163.021876 0.0059811656910150335
13203.44634 0.006002375498430967
13243.630223 0.0058326970391110455
13283.358636 0.0059811656910150335
13323.22072 0.005811487231696
13363.0073 0.005663018579791013
13402.647063 0.005641808772375967
13441.941013 0.005599389157545986
13481.104116 0.005641808772375967
13519.977728 0.005535759735301959
13558.559186 0.005556969542717005
13596.519285 0.005281242046321966
13634.426544 0.005663018579791013
13672.353731 0.005684228387205947
13710.080331 0.005535759735301959
13747.385147 0.005281242046321966
13784.400469 0.00521761262407705
13821.289682 0.005260032238907031
