time train-error
612.300346 0.795219309408671
1456.728621 0.761262407737338
2302.318557 0.730550606600492
3148.341997 0.545919233053364
4040.946533 0.524879104097735
4930.954928 0.5031178416899971
5815.25519 0.42262662255026695
6706.223311 0.43068634936794803
7599.701651 0.389581742597777
8490.766445 0.43641299736998396
9451.570851 0.282090438618817
10339.629156 0.305378807160431
11224.332814 0.26514380249427305
12111.140844 0.27604564350555705
13101.017325 0.24787901925850497
14214.401898 0.257296173750742
15290.031336 0.238377025536608
16334.430879 0.242385679138033
17337.569943 0.22787817086620898
18329.302607 0.230359718333758
19808.58586 0.21648850428438104
21061.31322 0.21432510392805604
22185.156782 0.20331721387969803
