time train-error
5.832968 0.885742767455672
10.578685 0.876940697378468
15.832838 0.8075209977093409
21.52608 0.799843047425129
27.670074 0.772821752778485
34.454074 0.6804318316789679
42.231766 0.726796470688046
51.31924 0.579706456265377
61.538055 0.567213879697972
72.612014 0.5106261135148891
84.521701 0.5261092729278021
96.967106 0.467697463307033
109.418843 0.43707050139984704
122.626614 0.491091880885722
136.508883 0.39202087045049605
152.028422 0.37195639263595504
167.161909 0.35534911343005005
182.216047 0.352146432510393
197.190326 0.374098583184865
212.810567 0.31630185797913
228.641946 0.27846356155086105
244.707021 0.252990582845508
261.751237 0.246351913124629
281.181815 0.23735895478069102
300.86205 0.233901756172054
321.248415 0.213582760668533
342.139551 0.206286586917791
363.232313 0.19415457707644002
384.804853 0.18352846356155095
406.838998 0.18153474166454597
428.048514 0.17816238228556902
448.478632 0.17610503096631902
468.69481 0.16501230168830106
489.756411 0.15818274370068697
510.564111 0.16064308136082095
531.812701 0.151310766098244
553.387764 0.14588105540001695
575.428153 0.14422669042165104
597.757986 0.141172478153898
620.506997 0.13256129634342895
643.915695 0.12566810893357105
667.50082 0.121171629761602
691.433357 0.11796894884194498
715.429838 0.11436328158140296
740.090623 0.113557308899635
764.885677 0.11273012641045199
790.210068 0.11273012641045199
815.833315 0.10723678628998001
841.892693 0.10307966403665103
873.233006 0.09682277084924096
902.703454 0.08766013404598305
934.168571 0.08256978026639505
963.367413 0.08074573682871
991.308603 0.08057605836938997
1019.268725 0.07877322473911896
1047.534132 0.07714006956816799
1076.044276 0.07614320861966595
1104.82795 0.076270467464155
1134.061609 0.07467973190803401
1164.469593 0.07327988461864798
1196.759005 0.07302536692966799
1227.5166 0.07274963943327395
1258.48565 0.07084075676592905
1290.142915 0.068401628913209
1322.216961 0.068041062187155
1354.401213 0.06485959107491301
1386.911876 0.06316280648171702
1421.95464 0.06263256129634298
1455.372632 0.06195384745906496
1488.962117 0.060893357088318
1522.926807 0.05894205480614201
1557.41698 0.056290828879273946
1594.745669 0.053830491219139964
1629.975254 0.05228217527784895
1665.134065 0.051327733944176
1700.718826 0.051539832018325016
1736.627412 0.051264104521930975
1773.023293 0.05050055145499299
1809.724319 0.04905828455077599
1846.863127 0.04765843726138996
1884.146615 0.04617375074234298
1921.716505 0.04579197420887404
1959.47586 0.04441333672690295
1997.669553 0.044307287689827946
2036.237921 0.04396793077118899
2075.069548 0.04163485195554395
2114.197978 0.040235004666158036
2153.838338 0.03881394756935597
2193.525218 0.034974972427250006
2233.223031 0.033744803597183015
2273.447202 0.03327818783405401
2313.836903 0.03293883091541505
2354.501736 0.03279036226351095
2395.54995 0.03276915245609602
2436.873469 0.03170866208534795
2478.569176 0.031411724781538974
2520.656412 0.030754220751675998
2562.627664 0.03083905998133496
2604.864446 0.030033087299566996
2647.326924 0.029990667684737016
2690.092682 0.029799779418003047
2733.123941 0.027890896750657035
2776.611864 0.026512259268685945
2822.269594 0.025472978705353033
2866.256291 0.024242809875286042
2910.174258 0.023670145075083027
2954.266418 0.023606515652838
2998.758892 0.023436837193517968
3043.321716 0.023161109697124038
3094.333461 0.02246118605243097
3147.188825 0.02182489182998204
3195.844003 0.021379485874267967
3241.578305 0.020425044540596016
3286.573633 0.02004326800712697
3331.362204 0.01944939339950802
3376.675511 0.019619071858827053
3422.425023 0.019046407058624037
3477.219135 0.019194875710529025
3525.332149 0.018431322643590042
3571.581691 0.017943497073046988
3618.585297 0.017540510732163006
3665.2922 0.01747688130991798
3711.545955 0.017455671502503045
3757.618894 0.017264783235767966
3803.829984 0.017137524391279024
3850.215925 0.015949775176041014
3896.947392 0.016140663442775982
3944.08759 0.015716467294476955
3991.51882 0.015143802494273051
4040.656873 0.01478323576821905
4096.663917 0.014486298464409963
4152.631524 0.014465088656995029
4202.380236 0.014422669042165048
4248.999038 0.013850004241961034
4295.825033 0.013531857130737013
4342.790022 0.01308645117502305
4389.941373 0.013150080597267966
4437.145094 0.012238058878424996
4483.875934 0.012386527530329983
4531.186753 0.012174429456180969
4579.48659 0.012110800033936053
4627.532631 0.012195639263595015
4673.125716 0.01134724696699796
4719.45527 0.011304827352167979
4765.718979 0.011177568507678037
4812.354341 0.011283617544753044
4859.075937 0.010986680240942959
4908.173028 0.010732162551963964
4962.930432 0.01071095274454903
5017.214958 0.010732162551963964
5071.450447 0.010350386018495028
5125.717288 0.010498854670400015
5179.810688 0.010307966403665048
5234.592995 0.010562484092644042
5289.810508 0.009480783914482038
5337.86868 0.00960804275897198
5383.585854 0.00965046237380196
5427.588452 0.00960804275897198
5472.394281 0.009480783914482038
5517.905877 0.009459574107066993
5563.187073 0.009332315262577051
5608.423239 0.00897174853652305
5652.428384 0.009077797573597945
5696.205762 0.00897174853652305
5739.35269 0.008992958343937985
5782.00942 0.00901416815135303
5824.784476 0.008717230847544055
5867.747851 0.00846271315856495
5911.724429 0.008632391617883983
5956.293088 0.008441503351150015
5999.998982 0.008271824891829982
6050.859706 0.008250615084415047
6102.163118 0.008293034699245028
6152.994986 0.008186985662170021
6203.479599 0.00814456604734004
6254.159924 0.007953677780605961
6305.830688 0.007953677780605961
6352.50705 0.007847628743530954
6396.99968 0.007741579706455948
6437.952411 0.007783999321286039
6477.435369 0.007741579706455948
6516.728003 0.0076143208619670055
6555.891311 0.007635530669381052
6595.510731 0.007508271824891999
6636.271484 0.007381012980401946
6676.781526 0.007274963943327051
6717.203891 0.007168914906253043
6756.96774 0.007126495291422952
6795.531502 0.007126495291422952
6833.638956 0.007062865869178037
6871.815027 0.0069143972172730495
6910.660961 0.0069143972172730495
6949.066997 0.007084075676592971
6987.469148 0.006935607024687984
7025.249965 0.00699923644693301
7062.636507 0.006935607024687984
7100.012527 0.0069143972172730495
7137.082536 0.006978026639517965
7175.226566 0.006659879528294055
7214.90464 0.0066810893357089896
7253.950523 0.006575040298633983
7292.148865 0.006702299143124035
7329.583317 0.006702299143124035
7366.469504 0.006638669720879009
7402.937903 0.0066810893357089896
7439.484373 0.006405361839314949
7477.080484 0.006426571646728996
7515.091588 0.006511410876388957
7553.378468 0.006320522609654988
7592.597994 0.0063841520319000145
7631.808454 0.006341732417070034
7670.928981 0.006362942224484969
7709.383423 0.006129634342920021
7748.228966 0.006235683379995027
7787.615117 0.006193263765165047
7827.850427 0.006108424535504975
7863.711441 0.006172053957750001
7897.822231 0.00608721472809004
7931.814484 0.006066004920674994
7965.33113 0.006044795113259949
7998.949573 0.006108424535504975
8032.791359 0.0059811656910150335
8067.580655 0.005938746076186052
8102.470154 0.005811487231696
8136.769413 0.005938746076186052
8169.96123 0.00585390684652598
8203.020747 0.005790277424280954
8236.141067 0.0058326970391110455
8269.308178 0.0058326970391110455
8303.210206 0.005663018579791013
8337.281342 0.0054509205056419985
8370.906441 0.005514549927887025
8405.273195 0.005472130313057044
8438.461794 0.005663018579791013
8470.723331 0.005599389157545986
8502.587449 0.005620598964961032
8534.485659 0.005514549927887025
8566.759258 0.005132773394417978
8599.178647 0.005260032238907031
8632.482761 0.005387291083396972
8665.863639 0.00521761262407705
8698.808134 0.005069143972172951
8730.977605 0.005153983201833023
8762.125487 0.005069143972172951
8793.290016 0.005069143972172951
8824.682677 0.005090353779587997
8856.546833 0.0049843047425129905
8888.67642 0.005069143972172951
8921.316947 0.005047934164758017
8953.262419 0.005090353779587997
8984.496585 0.004963094935097945
9015.162237 0.004963094935097945
9045.681297 0.005047934164758017
9076.156787 0.004920675320267964
9106.704743 0.004857045898023049
9138.906354 0.004729787053533996
9171.009556 0.0048994655128530296
9202.265775 0.004793416475778023
9233.307045 0.00470857724611895
9263.139706 0.004729787053533996
9293.051498 0.004750996860948042
9322.597141 0.004729787053533996
9352.556876 0.004793416475778023
9383.634203 0.004793416475778023
9414.593225 0.004687367438704015
9445.392951 0.004687367438704015
9475.012617 0.004644947823874035
9504.605455 0.00470857724611895
9533.643483 0.00466615763128897
9562.627323 0.004750996860948042
9593.309834 0.00470857724611895
9624.588353 0.004581318401629009
9655.395561 0.004369220327478995
9685.68354 0.0045176889793839825
9715.24225 0.004411639942308976
9744.04057 0.004475269364554002
9772.759393 0.004454059557138956
9801.91936 0.004454059557138956
9830.846766 0.0045176889793839825
9860.42191 0.004432849749724022
9889.430329 0.004496479171969048
9918.275559 0.004475269364554002
9946.779863 0.004432849749724022
9975.047016 0.004475269364554002
10003.422814 0.004369220327478995
10031.540294 0.004475269364554002
10060.676999 0.004496479171969048
10090.389106 0.004454059557138956
10119.547938 0.004241961482990053
10148.96532 0.004284381097820034
10178.19608 0.004305590905234968
10206.436177 0.004326800712650014
10233.973067 0.004263171290404988
10261.770292 0.004241961482990053
10289.580315 0.004199541868159962
10317.568779 0.004241961482990053
10345.983973 0.0041359124459150465
10374.010102 0.004157122253329981
10401.534325 0.004114702638500001
10428.871999 0.004157122253329981
10455.839738 0.004157122253329981
10482.641296 0.0041359124459150465
10510.030758 0.0041359124459150465
10537.96535 0.004263171290404988
10565.919421 0.004199541868159962
10594.262716 0.00402986340884004
10621.869177 0.0041359124459150465
10648.791452 0.003987443794009948
10675.635983 0.004008653601424994
10702.070039 0.00407228302367002
10728.477118 0.0041359124459150465
10756.376553 0.00402986340884004
10784.124859 0.003945024179179968
10810.996527 0.003945024179179968
10838.019529 0.003923814371765033
10864.211878 0.003881394756936052
10890.143168 0.003923814371765033
10916.420987 0.0038389751421059604
10942.418368 0.003923814371765033
10969.917647 0.003860184949521006
10997.155828 0.003881394756936052
11023.446574 0.003945024179179968
11049.662365 0.003966233986595014
11075.341773 0.003881394756936052
11100.774645 0.003881394756936052
11126.705791 0.0038177653346910256
11152.539266 0.0038177653346910256
11178.494109 0.003881394756936052
11205.360274 0.00379655552727598
11231.126586 0.0038177653346910256
11256.919282 0.003881394756936052
11282.713609 0.0038177653346910256
11307.73881 0.0038389751421059604
11333.178484 0.0038177653346910256
11358.58151 0.0036056672605410123
11385.12008 0.0037541359124459994
11411.610425 0.003775345719861045
11438.013511 0.0036692966827860385
11464.140617 0.00379655552727598
11490.237138 0.0037541359124459994
11515.058912 0.003775345719861045
11540.011224 0.003775345719861045
11565.096044 0.0037541359124459994
11590.263261 0.0036056672605410123
11616.300716 0.0036692966827860385
11641.738698 0.0037329261050309537
11667.070624 0.0037541359124459994
11692.215303 0.003711716297616019
11716.639181 0.003711716297616019
11741.199068 0.003626877067955947
11765.830623 0.0036056672605410123
11791.165624 0.003626877067955947
11817.08034 0.0035844574531259665
11842.730519 0.003563247645711032
11868.519289 0.0035208280308810513
11893.43341 0.003542037838295986
11917.487012 0.003542037838295986
11941.644493 0.0035208280308810513
11965.854016 0.0035844574531259665
11990.394581 0.0035844574531259665
12015.658063 0.003499618223467005
12040.307734 0.0035844574531259665
12064.599972 0.003626877067955947
12089.166429 0.0035208280308810513
12112.723043 0.003499618223467005
12136.775386 0.0035208280308810513
12160.503964 0.0035208280308810513
12185.382202 0.003393569186391998
12210.26246 0.0035844574531259665
12233.871817 0.0034359888012219786
12257.844669 0.003478408416051959
12281.449345 0.003478408416051959
12304.841374 0.003478408416051959
12328.617723 0.0034359888012219786
12352.356033 0.0033723593789769524
12377.076906 0.0034359888012219786
12401.456067 0.003393569186391998
12425.144544 0.0034571986086370243
12449.109289 0.0034359888012219786
12472.291476 0.0033723593789769524
12495.682583 0.003393569186391998
12519.037463 0.003329939764146972
12542.791082 0.0031814711122419848
12567.107028 0.0034571986086370243
12591.179405 0.003414778993807044
12615.223688 0.0034359888012219786
12638.794286 0.003308729956732037
12661.611447 0.003308729956732037
12684.87885 0.0033511495715620176
12707.610632 0.003308729956732037
12730.856098 0.0034359888012219786
12755.776518 0.003393569186391998
12779.824898 0.003308729956732037
12803.470393 0.003308729956732037
12826.817788 0.0033511495715620176
12849.63927 0.003308729956732037
12872.565681 0.003308729956732037
12895.004307 0.003329939764146972
12918.235525 0.0031178416899969585
12942.532601 0.0031814711122419848
12966.808886 0.0032663103419019457
12990.122829 0.003245100534487011
13012.720567 0.003308729956732037
13035.416742 0.0032875201493169914
13057.672805 0.0032875201493169914
13080.192391 0.0032026809196570305
13103.474795 0.0031814711122419848
13126.407719 0.003245100534487011
13149.307118 0.0031814711122419848
13171.609431 0.0031814711122419848
13194.086322 0.0032026809196570305
13216.387078 0.003245100534487011
13238.654501 0.003245100534487011
13261.022159 0.003096631882582024
13283.771752 0.0032663103419019457
13306.992817 0.00316026130482705
13329.767257 0.003245100534487011
13353.120235 0.003245100534487011
13375.486855 0.003245100534487011
13397.336881 0.003245100534487011
13419.560693 0.00316026130482705
13441.597866 0.0031390514974120043
13464.77089 0.003308729956732037
13488.260346 0.0031814711122419848
13511.630275 0.0030754220751679773
13535.077141 0.0031390514974120043
13557.411408 0.003096631882582024
13579.516741 0.0031178416899969585
13601.163595 0.00316026130482705
13622.876848 0.0031390514974120043
13644.773195 0.0031390514974120043
13666.856809 0.0031390514974120043
13688.993528 0.003096631882582024
13710.543381 0.0031390514974120043
13732.406557 0.0031390514974120043
13753.761624 0.003096631882582024
13775.257424 0.0031390514974120043
13796.940714 0.0031390514974120043
13818.539726 0.003033002460337997
13841.185068 0.003011792652922951
13862.962066 0.003033002460337997
13884.676943 0.0030542122677530426
13906.116729 0.003096631882582024
13927.561082 0.0030754220751679773
13948.924441 0.003096631882582024
13969.723794 0.0030542122677530426
13990.794306 0.00292695342326299
14012.417413 0.003033002460337997
14034.564808 0.003033002460337997
14055.984826 0.0029905828455080163
14076.917157 0.003033002460337997
14097.577712 0.0030542122677530426
14118.102726 0.003011792652922951
14138.747037 0.003011792652922951
14159.207056 0.0029905828455080163
14180.550284 0.003011792652922951
14201.354427 0.0029905828455080163
14222.331806 0.0030542122677530426
14242.98445 0.0029693730380929706
14263.537998 0.0029693730380929706
14283.846914 0.0029693730380929706
14304.298247 0.002948163230678036
14324.826573 0.002948163230678036
14346.76187 0.002863324001017964
14369.097333 0.0028209043861879834
14390.274219 0.002948163230678036
14411.287973 0.0028845338084330097
14431.568335 0.0029057436158480554
14451.785298 0.0029057436158480554
14471.760951 0.00292695342326299
14492.105124 0.00292695342326299
14512.533535 0.0029057436158480554
14532.721293 0.0029057436158480554
14553.213833 0.0029905828455080163
14573.159219 0.00292695342326299
14593.203022 0.00292695342326299
14613.030375 0.0029057436158480554
14633.029367 0.00292695342326299
14653.269816 0.002948163230678036
14673.746483 0.0029057436158480554
14694.603481 0.0028209043861879834
14715.41343 0.002948163230678036
14735.514052 0.00292695342326299
14755.341843 0.0028845338084330097
14775.139934 0.0029057436158480554
14794.80156 0.002863324001017964
14814.865475 0.0028209043861879834
14835.495032 0.002842114193603029
14855.699326 0.002778484771358003
14876.293525 0.002863324001017964
14896.617781 0.0028209043861879834
14916.240447 0.0028209043861879834
14935.917044 0.0027996945787730487
14955.459243 0.002863324001017964
14975.117651 0.002842114193603029
14995.628142 0.002863324001017964
15015.793187 0.0028209043861879834
15035.843479 0.0028845338084330097
15055.668155 0.0028209043861879834
15075.128876 0.002842114193603029
15094.474617 0.002778484771358003
15113.894562 0.0028209043861879834
15133.250859 0.0027360651565280225
15153.852318 0.0027996945787730487
15174.129025 0.002693645541698042
15194.44218 0.0027996945787730487
15214.249512 0.0027148553491129768
15233.469072 0.0027148553491129768
15252.653128 0.0027572749639429572
15271.816704 0.002778484771358003
15291.342353 0.002863324001017964
15311.00522 0.0028209043861879834
15330.605468 0.0027360651565280225
15349.805675 0.0027360651565280225
15368.965682 0.0027360651565280225
15387.979585 0.002693645541698042
15407.038061 0.0027572749639429572
15426.081652 0.0028209043861879834
15446.411147 0.0027996945787730487
15466.247065 0.002778484771358003
15486.057546 0.0027360651565280225
15505.21803 0.0026724357342839955
15524.177694 0.002693645541698042
15543.07915 0.0027572749639429572
15562.186326 0.0027572749639429572
15581.374152 0.002693645541698042
15600.685172 0.0027148553491129768
15619.893589 0.0027572749639429572
15639.032324 0.002693645541698042
15657.976645 0.002693645541698042
15676.98595 0.002693645541698042
15695.745364 0.0026724357342839955
15714.59873 0.002778484771358003
