time train-error
3.061627 0.885742767455672
5.044538 0.906189021803682
7.507227 0.789662339865954
10.459153 0.810172223636209
14.072851 0.782132858233647
18.792605 0.796322219394248
24.580563 0.7183973869517271
31.622486 0.676147450581149
39.548078 0.633579367099347
48.237554 0.553597183337575
57.95044 0.598074149486723
68.243759 0.47694493933995097
78.494502 0.48443200135742803
88.968325 0.41244591499109196
100.262739 0.45342326291677304
111.517905 0.48515313480953604
123.035923 0.39859591074913003
135.21778 0.319271231017222
147.925381 0.31337490455586703
160.528717 0.29101976754051095
173.42041 0.285081021464325
187.450921 0.27470942563841505
201.529391 0.26618308305760596
215.553983 0.267116314583864
230.08617 0.24147365741919102
245.432699 0.22711461779927
260.481869 0.22164248748621396
276.012325 0.21570374141002802
292.431576 0.197081530499703
309.028576 0.19364554169848103
325.91301 0.190697378467804
343.380526 0.17345380503944996
360.607047 0.161130906931365
378.670868 0.15960380079748904
397.216663 0.158140324085857
415.588546 0.15421650971409195
435.108337 0.15101382879443503
454.521039 0.14569016713328198
474.583632 0.13854246203444498
494.748264 0.13410961228471996
514.929681 0.12986765080173102
536.287605 0.12895562908288805
556.936032 0.12670738949690297
579.106011 0.12148977687282603
600.866323 0.11707813693051705
623.452149 0.11336642063290103
646.118584 0.11343005005514595
669.40497 0.10950623568338003
692.733276 0.10727920590481
716.683515 0.107024688215831
740.759999 0.10602782726732796
765.350669 0.09996182234665296
790.399149 0.09932552812420503
816.555997 0.09054466785441595
841.766456 0.08810554000169701
868.216473 0.08492406888945403
894.100703 0.08409688640027102
921.342161 0.083778739289047
948.2594 0.083057605836939
976.020352 0.07932467973190804
1003.889501 0.07767031475354202
1032.212451 0.07614320861966595
1061.368484 0.075909900738101
1089.650978 0.07302536692966799
1119.239508 0.07257996097395403
1149.203962 0.07196487655892103
1178.837664 0.07022567235089505
1209.837419 0.06543225587511703
1240.870549 0.06269619071858801
1271.894881 0.06070246882158303
1303.909511 0.059132943072876976
1335.57486 0.05743615847968098
1367.857129 0.05705438194621204
1401.457647 0.057033172138796995
1434.094213 0.056948332909137034
1467.601205 0.054721303130568
1502.606953 0.05353355391532999
1537.815124 0.052876049885467014
1573.646912 0.05190039874437902
1609.357924 0.05115805548485597
1645.499004 0.051136845677441034
1682.318676 0.05075506914397199
1718.288457 0.04814626283193302
1755.071212 0.04598286247560901
1792.799042 0.044455756341732044
1830.159543 0.042992279630100994
1867.851294 0.04178332060744905
1904.927869 0.04112581657758596
1943.228493 0.041104606770171026
1982.172925 0.04091371850343595
2020.47206 0.039556290828879015
2059.807339 0.03679901586493595
2099.04495 0.03561126664969905
2137.486383 0.03431746839738703
2176.792565 0.03359633494527903
2216.273828 0.032641893611605965
2255.786521 0.032196487655892
2295.476194 0.03217527784847696
2335.276903 0.031496564011199046
2375.271214 0.029630100958683014
2415.924167 0.02950284211419396
2457.216199 0.02909985577330998
2498.103976 0.028442351743446004
2539.530833 0.028209043861882055
2580.376628 0.02818783405446701
2621.928013 0.028102994824807048
2663.854624 0.027297022143038974
2705.621485 0.026194112157462035
2747.844917 0.025494188512767968
2790.533917 0.02415797064562697
2832.833773 0.023733774497328053
2875.625392 0.023394417578687987
2918.68282 0.02328836854161398
2961.501681 0.022842962585900017
3004.490551 0.022079409518962034
3047.465034 0.021294646644608006
3090.511503 0.021443115296512993
3134.086645 0.021103758377874038
3177.503966 0.02044625434801095
3221.041368 0.02040383473318097
3264.395496 0.02036141511835099
3308.583718 0.02027657588869103
3352.380559 0.019025197251208992
3396.286024 0.01798591668787697
3441.609208 0.017222363620937986
3487.505266 0.01739204208025802
3532.717075 0.01624671247985099
3577.590698 0.016225502672436054
3622.45692 0.016183083057605963
3667.239091 0.016140663442775982
3712.32231 0.01582251633155196
3756.522907 0.015334690761008019
3802.826543 0.014889284805293945
3850.385538 0.01482565538304903
3895.545767 0.01478323576821905
3940.747449 0.01454992788665499
3984.966585 0.014380249427334957
4028.565093 0.014295410197674996
4071.892514 0.014019682701280956
4116.167929 0.013701535590057046
4161.084206 0.013425808093663005
4206.126368 0.01308645117502305
4250.276592 0.013171290404683011
4294.476218 0.013001611945363978
4338.305298 0.012916772715704017
4381.929529 0.012916772715704017
4425.598405 0.012513786374820035
4469.676119 0.012513786374820035
4513.728615 0.012407737337745028
4557.540047 0.012174429456180969
4601.086478 0.012047170611691027
4644.344743 0.012047170611691027
4687.561397 0.012047170611691027
4730.911449 0.011686603885637026
4773.71368 0.010986680240942959
4816.808878 0.010923050818699043
4860.181348 0.011177568507678037
4903.705569 0.010604903707474023
4946.785866 0.010371595825909963
4989.842698 0.010201917366590041
5032.603644 0.010244336981420021
5075.140673 0.010032238907271007
5117.557467 0.009904980062780955
5159.601766 0.009692881988631052
5202.046598 0.009629252566387025
5244.475243 0.009205056418087998
5286.97978 0.009247476032917978
5328.593772 0.009268685840333024
5372.776171 0.009183846610672952
5415.483502 0.009247476032917978
5458.726834 0.008802070077204016
5501.584802 0.00901416815135303
5544.360005 0.009120217188428037
5587.571654 0.008505132773394042
5629.780655 0.00869602104012901
5670.956873 0.008653601425299029
5711.496001 0.00869602104012901
5753.138769 0.00846271315856495
5795.477108 0.008229405277000001
5836.588726 0.008080936625095014
5878.069549 0.008229405277000001
5921.298993 0.008271824891829982
5963.218151 0.008293034699245028
6004.471583 0.008250615084415047
6044.2719 0.008059726817680968
6083.48392 0.007868838550946
6123.79513 0.007741579706455948
6164.569489 0.007783999321286039
6205.241075 0.0076143208619670055
6245.788547 0.0072325443284979585
6287.313558 0.007317383558157031
6327.727261 0.007168914906253043
6366.875299 0.007253754135912005
6405.960134 0.007168914906253043
6445.042527 0.007062865869178037
6483.993706 0.007168914906253043
6523.15567 0.007190124713667978
6562.196355 0.007020446254347945
6601.249621 0.007041656061762991
6640.059062 0.007020446254347945
6678.480208 0.0069143972172730495
6716.825323 0.006235683379995027
6755.515685 0.00608721472809004
6793.36638 0.0062144735725799816
6831.463592 0.006150844150334955
6868.560562 0.006150844150334955
6904.857052 0.006129634342920021
6941.414206 0.006023585305845014
6978.044093 0.00608721472809004
7014.857838 0.0059811656910150335
7052.100264 0.00608721472809004
7088.645534 0.006044795113259949
7124.713635 0.006002375498430967
7161.236189 0.006002375498430967
7197.776239 0.005959955883600987
7233.833533 0.006002375498430967
7269.365242 0.00585390684652598
7306.228806 0.005726648002036039
7343.809959 0.005684228387205947
7381.364772 0.005747857809450974
7419.298482 0.0058326970391110455
7454.999386 0.005811487231696
7490.125055 0.005769067616866019
7526.009331 0.005769067616866019
7562.525275 0.005641808772375967
7599.761813 0.005705438194620993
7636.449246 0.005663018579791013
7672.249882 0.005429710698226953
7708.780877 0.005493340120471979
7744.086603 0.005472130313057044
7779.032687 0.0054509205056419985
7813.390466 0.0054509205056419985
7847.785156 0.005408500890812018
7883.531684 0.005514549927887025
7920.424028 0.0054509205056419985
7955.107954 0.005408500890812018
7989.302134 0.005281242046321966
8024.301078 0.005238822431491985
8059.210102 0.005260032238907031
8093.800556 0.005281242046321966
8127.512428 0.005323661661151946
8161.486452 0.005196402816662005
8195.263872 0.005153983201833023
8228.774074 0.005090353779587997
8261.810277 0.005111563587003043
8295.542507 0.005090353779587997
8329.308036 0.005090353779587997
8362.429396 0.005153983201833023
8395.887659 0.004857045898023049
8430.326613 0.00470857724611895
8464.351784 0.005005514549928036
8497.644223 0.004729787053533996
8530.167244 0.004920675320267964
8562.377455 0.00470857724611895
8594.986205 0.004750996860948042
8626.555462 0.004729787053533996
8658.066114 0.004835836090608003
8690.626664 0.004687367438704015
8723.090467 0.00466615763128897
8754.417286 0.004644947823874035
8786.076825 0.00470857724611895
8817.593996 0.00470857724611895
8847.992878 0.004687367438704015
8879.603267 0.004793416475778023
8911.23515 0.004644947823874035
8942.967448 0.00470857724611895
8973.928574 0.004623738016458989
9006.390733 0.004687367438704015
9037.235265 0.0046025282090440545
9067.929542 0.0046025282090440545
9099.089968 0.0046025282090440545
9129.75033 0.004623738016458989
9159.884568 0.004560108594213963
9191.24879 0.0046025282090440545
9222.312844 0.004390430134894041
9252.62416 0.004348010520064949
9283.071601 0.004454059557138956
9313.544243 0.004454059557138956
9343.403882 0.004454059557138956
9373.701465 0.004411639942308976
9404.60269 0.004284381097820034
9435.168432 0.004241961482990053
9466.007876 0.0045176889793839825
9497.080038 0.004348010520064949
9528.517777 0.004326800712650014
9558.737547 0.004326800712650014
9589.263624 0.004305590905234968
9619.077465 0.004348010520064949
9648.216238 0.004220751675575007
9678.470782 0.004241961482990053
9708.536348 0.0041359124459150465
9737.978585 0.0041359124459150465
9767.730581 0.004263171290404988
9797.342628 0.004241961482990053
9826.066456 0.004220751675575007
9856.053075 0.004114702638500001
9886.678723 0.004093492831084955
9915.383123 0.00407228302367002
9945.186073 0.004263171290404988
9974.704665 0.004178332060745027
10003.82004 0.0041359124459150465
10032.861905 0.004178332060745027
10061.91708 0.004199541868159962
10091.038916 0.00407228302367002
10120.604101 0.004199541868159962
10151.296372 0.00407228302367002
10180.539224 0.0040510732162549745
10210.117028 0.004008653601424994
10238.985295 0.0039026045643509866
10266.915128 0.0039026045643509866
10295.016793 0.003945024179179968
10323.264263 0.003860184949521006
10350.868503 0.003987443794009948
10379.536382 0.003775345719861045
10408.075854 0.0039026045643509866
10436.282124 0.0038389751421059604
10465.556841 0.003881394756936052
10494.155401 0.0039026045643509866
10521.73134 0.003881394756936052
10549.782947 0.003881394756936052
10577.008689 0.00379655552727598
10605.611801 0.0037541359124459994
10634.863621 0.0037329261050309537
10662.867381 0.003775345719861045
10690.917618 0.003775345719861045
10718.634276 0.0037541359124459994
10745.579935 0.0037541359124459994
10773.371198 0.003711716297616019
10800.351149 0.0036056672605410123
10828.161243 0.0036480868753709927
10856.232663 0.0037329261050309537
10883.691585 0.0036692966827860385
10910.998287 0.003690506490200973
10938.355296 0.003690506490200973
10964.724309 0.003690506490200973
10992.122059 0.003690506490200973
11018.935108 0.0039026045643509866
11046.695399 0.00379655552727598
11074.736628 0.0036692966827860385
11101.587291 0.0035844574531259665
11128.535956 0.0036480868753709927
11155.365516 0.0036056672605410123
11181.540697 0.0036056672605410123
11208.505655 0.003711716297616019
11235.088656 0.0036692966827860385
11262.104102 0.0036692966827860385
11289.208727 0.003499618223467005
11315.583672 0.003542037838295986
11342.329414 0.003563247645711032
11368.37676 0.0035208280308810513
11394.838682 0.0035208280308810513
11421.467449 0.0035208280308810513
11447.430432 0.003563247645711032
11476.289409 0.003499618223467005
11503.604997 0.003563247645711032
11530.008214 0.0034571986086370243
11557.493968 0.003499618223467005
11583.139718 0.0035208280308810513
11608.902917 0.003478408416051959
11634.725006 0.0034571986086370243
11660.128688 0.003414778993807044
11686.525792 0.0034571986086370243
11712.594658 0.003478408416051959
11738.635418 0.0034571986086370243
11764.339003 0.0034571986086370243
11789.967668 0.003478408416051959
11816.63327 0.003478408416051959
11842.514526 0.0034359888012219786
11868.535364 0.003542037838295986
11894.501587 0.0033511495715620176
11919.911693 0.003414778993807044
11946.121568 0.003499618223467005
11970.921253 0.003478408416051959
11996.354547 0.003478408416051959
12021.602413 0.003499618223467005
12047.009576 0.0034571986086370243
12073.57355 0.0032663103419019457
12098.878781 0.0034571986086370243
12125.295948 0.0033723593789769524
12150.223179 0.003308729956732037
12176.346532 0.003393569186391998
12202.342621 0.003308729956732037
12227.457864 0.003329939764146972
12253.703163 0.003308729956732037
12278.977359 0.0033511495715620176
12304.202519 0.0032663103419019457
12329.501335 0.003245100534487011
12353.979276 0.0032663103419019457
12379.068548 0.0032663103419019457
12403.439767 0.0032875201493169914
12428.393595 0.003329939764146972
12453.128076 0.0031390514974120043
12478.404941 0.003393569186391998
12504.266286 0.0032875201493169914
12529.212947 0.0032875201493169914
12554.642672 0.0032026809196570305
12579.245848 0.0032663103419019457
12603.661419 0.003245100534487011
12628.251856 0.0032663103419019457
12652.151259 0.003329939764146972
12677.589006 0.0032026809196570305
12701.878868 0.003245100534487011
12726.914277 0.0031814711122419848
12750.865448 0.00316026130482705
12775.046083 0.0031814711122419848
12799.176942 0.0032238907270719652
12822.89873 0.0031814711122419848
12847.303882 0.0032026809196570305
12871.166772 0.003245100534487011
12895.808429 0.0031390514974120043
12919.827634 0.003096631882582024
12944.214439 0.0031814711122419848
12968.340882 0.0031178416899969585
12991.740894 0.0031390514974120043
13015.802933 0.0031178416899969585
13039.208377 0.0031178416899969585
13064.314479 0.003096631882582024
13088.423751 0.0031178416899969585
13112.629161 0.003096631882582024
13136.174017 0.0030542122677530426
13159.449977 0.003033002460337997
13183.312264 0.00316026130482705
13206.532425 0.0031178416899969585
13230.695805 0.00316026130482705
13254.162565 0.0032663103419019457
13278.340363 0.0029905828455080163
13301.611334 0.0031178416899969585
13325.470921 0.003011792652922951
13348.866521 0.003033002460337997
13372.009158 0.0030754220751679773
13396.015337 0.003245100534487011
13419.95894 0.0031390514974120043
13444.798921 0.0032026809196570305
13468.712941 0.003033002460337997
13492.814881 0.003011792652922951
13516.240373 0.003011792652922951
13539.487802 0.0029905828455080163
13562.873379 0.0031178416899969585
13585.684144 0.0030542122677530426
13609.722637 0.0031178416899969585
13633.305057 0.003033002460337997
13656.798359 0.0030542122677530426
13679.471088 0.0029693730380929706
13702.858882 0.0029905828455080163
13725.315665 0.0029693730380929706
13748.730196 0.002948163230678036
13772.370144 0.00292695342326299
13796.382301 0.00292695342326299
13820.695415 0.002948163230678036
13843.56163 0.003033002460337997
13866.906244 0.0029057436158480554
13888.565701 0.002948163230678036
13911.054413 0.0029693730380929706
13932.319921 0.0029905828455080163
13954.816182 0.0030542122677530426
13977.209787 0.003011792652922951
14000.257004 0.0030542122677530426
14022.17264 0.003011792652922951
14044.145775 0.003011792652922951
14065.618471 0.0029905828455080163
14087.266245 0.0029905828455080163
14108.993495 0.003011792652922951
14130.466515 0.00292695342326299
14152.740051 0.0029057436158480554
14174.728634 0.003011792652922951
14196.863036 0.003033002460337997
14218.49638 0.0029693730380929706
14240.484202 0.002948163230678036
14261.621299 0.002948163230678036
14283.779161 0.002948163230678036
14304.856025 0.0028845338084330097
14327.164175 0.0030754220751679773
14349.048324 0.0029905828455080163
14371.476284 0.003011792652922951
14392.903918 0.002863324001017964
14414.906375 0.002863324001017964
14435.877756 0.0028845338084330097
14457.721265 0.0028845338084330097
14478.419609 0.002842114193603029
14500.395683 0.0029057436158480554
14521.316758 0.002948163230678036
14543.57747 0.0029057436158480554
14564.788537 0.0027996945787730487
14586.592993 0.0028209043861879834
14607.401352 0.0028845338084330097
14628.728992 0.002863324001017964
14649.805814 0.002842114193603029
14671.299022 0.0029693730380929706
14692.728027 0.002863324001017964
14714.876096 0.00292695342326299
14735.964677 0.002863324001017964
14756.974738 0.0027996945787730487
14778.130346 0.0027996945787730487
14799.363554 0.0027996945787730487
14820.180095 0.002778484771358003
14841.154616 0.0028845338084330097
14862.4349 0.0028845338084330097
14883.694662 0.0028845338084330097
14904.875691 0.002863324001017964
14925.893195 0.002778484771358003
14946.423287 0.002778484771358003
14967.189656 0.0027572749639429572
14988.21976 0.0028209043861879834
15009.176736 0.0029057436158480554
15030.882368 0.0028209043861879834
15052.06277 0.0029057436158480554
15073.095332 0.0027996945787730487
15093.986292 0.0027360651565280225
15114.840042 0.0027996945787730487
15135.219569 0.0027996945787730487
15155.984249 0.002778484771358003
15176.875297 0.0028845338084330097
15197.794832 0.0029057436158480554
15218.716245 0.002842114193603029
15239.548806 0.002863324001017964
15259.722297 0.002778484771358003
15280.680888 0.0027572749639429572
15301.256438 0.002778484771358003
15321.993657 0.0027572749639429572
15342.497511 0.002693645541698042
15364.271122 0.002693645541698042
15385.159468 0.0028209043861879834
15406.363129 0.0028209043861879834
15426.725347 0.002778484771358003
15447.3497 0.0027360651565280225
15467.345851 0.0027360651565280225
15487.942339 0.0027360651565280225
15508.159522 0.0028845338084330097
15528.812918 0.0027996945787730487
15549.532634 0.0028209043861879834
15570.190523 0.002778484771358003
15590.660892 0.0027148553491129768
15611.082992 0.0027572749639429572
15631.229679 0.0027572749639429572
