time nnz
447.681333 23200
777.721131 23014
1136.632971 20050
1400.162564 16902
1610.873433 12392
1790.842607 10514
1949.356615 9084
2091.792688 8064
2221.775837 7240
2342.887675 6662
2532.863761 9052
2675.678258 8460
2801.388444 6956
2918.098853 6398
3027.536815 5978
3130.178513 5588
3227.145136 5256
3318.959712 4960
3408.793103 4784
3495.021808 4616
3578.570615 4442
3659.564856 4310
3738.482209 4184
3814.943104 4046
3889.38154 3940
3962.275193 3842
4033.109786 3742
4102.472737 3660
4170.709102 3582
4237.513889 3524
4304.261406 3474
4369.245824 3420
4432.926705 3352
4495.922642 3292
4557.810042 3236
4618.642075 3188
4678.982177 3130
4738.603832 3102
4798.118284 3060
4856.650163 3030
4914.368425 2990
4971.442107 2954
5027.548073 2914
5083.519354 2876
5138.714279 2852
5193.148857 2826
5247.19548 2800
5301.346449 2774
5355.134895 2746
5407.659606 2710
5460.544506 2692
5513.194237 2664
5620.904015 4126
5693.488821 4014
5760.544648 3552
5826.31663 3438
5890.091668 3342
5952.236423 3260
6013.437573 3180
6073.363138 3130
6132.806035 3086
6191.353459 3046
6249.173991 3000
6306.356941 2968
6363.187475 2934
6419.827558 2908
6475.792507 2872
6531.310791 2858
6586.514981 2842
6640.941789 2818
6695.594016 2804
6750.389335 2782
6805.965468 2766
6859.669415 2750
6913.679627 2738
6967.118614 2728
7019.907111 2716
7072.942999 2702
7125.916567 2694
7178.32886 2674
7229.856918 2654
7281.509875 2640
7332.887712 2628
7385.077033 2624
