time nnz
67.326688 54984
101.426422 54164
133.846182 46052
166.911081 47908
200.200019 45742
234.182345 49480
267.685555 53084
300.090365 52600
333.050111 48572
366.398024 43724
400.405096 48806
434.039087 51136
466.360425 50944
499.286432 45526
568.077875 46640
636.495186 48288
703.626022 49184
772.604205 48934
841.662945 48424
908.842082 48724
977.315435 48864
1046.238106 49192
1116.107301 49404
1183.327581 49674
1251.401961 49664
1320.818458 49660
1388.81347 49582
1456.343788 49522
1525.232304 49748
1594.21085 49800
1662.184007 49680
1729.594737 49682
1798.807161 49404
1867.569379 49184
1934.342154 48870
2002.963594 48634
2071.831222 48292
2139.460228 48048
2206.923863 47646
2275.581581 47420
2344.385935 47112
2411.388656 46914
2480.171708 46770
2549.426515 46672
2616.45754 46562
2684.77159 46290
2753.602511 46188
2821.076022 45670
2888.461103 45378
2957.151956 44960
3025.507622 44606
3092.606494 44056
3161.533105 43552
3230.633195 43072
3297.852732 42626
3366.867434 42176
3435.741654 41816
3502.694325 41464
3571.365281 41230
3639.906425 40906
3707.457704 40760
3776.152803 40502
3844.672183 40986
3912.029618 41028
3980.464102 40700
4049.266793 40298
4116.316451 40176
4184.791294 40006
4253.252806 39798
4320.085306 39578
4388.866912 39354
4456.845115 38874
4523.722318 38336
4592.648178 37836
4660.365037 37450
4727.479514 36818
4796.101294 36302
4863.404116 35704
4933.327561 35216
5052.976045 34868
5128.901626 34524
5204.24508 34210
5280.075222 33946
5351.601115 33618
5423.089877 33312
5494.668836 32910
5564.728453 32526
5636.818447 32144
5708.450942 31826
5779.992048 31322
5851.542168 30900
5925.07176 30588
5999.29615 30242
6071.97017 29950
6145.158617 29642
6340.102126 29334
6487.955466 29108
6577.182332 28546
6679.980571 28230
6775.70753 27748
6876.157867 27350
6970.745263 26836
7060.137304 26468
7157.043818 26080
7254.505496 25722
7356.434552 25408
7453.068984 25130
7553.173078 25144
7645.445449 24930
7733.262427 24666
7830.242422 24504
7931.375187 24382
