time nnz
51.075795 55026
79.198559 55014
106.419393 54376
133.308913 53965
159.897411 53509
186.193945 52868
212.085035 51983
237.472901 50616
262.365918 49423
286.750545 48422
310.844266 47598
333.461894 46356
354.877289 44627
375.724067 41982
396.101124 39868
414.375959 39010
432.670382 37983
451.558941 37070
468.137784 36190
485.444493 34905
501.389469 32528
515.789588 30922
530.489329 29951
544.24572 29480
558.648926 29334
572.015083 28693
586.501822 27684
599.69866 25876
612.689367 24263
623.998775 23291
635.741567 22871
646.38958 22707
657.44562 22302
668.382756 21796
677.99814 21093
687.994082 19907
697.24771 18780
705.386612 17862
714.096561 17469
723.026227 17299
730.87656 17243
739.208263 16944
747.350256 16583
755.457263 16093
762.429402 15234
769.678149 14644
776.353569 13879
783.065719 13732
789.261606 13676
795.852444 13509
802.486515 13414
808.874298 13247
814.881901 13006
820.647102 12534
826.675081 12172
832.436276 11870
838.143527 11785
843.487537 11639
848.809204 11492
854.395346 11382
859.886632 11257
865.160288 11077
870.256685 10819
874.907564 10155
879.542643 9958
884.486922 9887
889.232685 9871
893.855218 9811
898.445342 9744
902.81436 9634
907.157969 9419
911.663242 9126
915.842677 8746
919.891364 8652
924.025752 8634
928.005336 8569
931.883027 8526
935.816332 8523
939.978657 8433
943.925882 8253
947.662133 8013
951.342822 7769
954.99654 7702
958.480487 7657
961.908155 7568
965.398445 7523
969.105942 7467
972.601065 7420
975.97746 7171
979.205096 6890
982.422512 6771
985.511006 6750
988.541013 6691
991.543694 6650
994.611991 6568
997.819522 6425
1000.72527 6254
1003.696455 6141
1006.606558 6133
1009.481996 6088
1012.301673 6011
1014.993247 5954
1017.664985 5911
1020.297031 5820
1022.96887 5730
1025.510285 5487
1027.96407 5278
1030.418853 5214
1032.84689 5202
1035.239003 5199
1037.63817 5158
1040.027498 5139
1042.377825 5121
1044.641069 4975
1046.843805 4831
1049.040027 4807
1051.301159 4800
1053.527081 4797
1055.936817 4747
1058.099872 4700
1083.364533 7312
1086.901916 7129
1090.211424 7124
1093.366345 6739
1096.434575 6697
1099.511181 6587
1102.546367 6523
1105.439051 6453
1108.187693 6121
1110.811589 5849
1113.356358 5430
1116.05336 5397
1118.523851 5293
1120.959551 5272
1123.382185 5223
1125.754441 5192
1151.029606 6786
1154.138268 6701
1157.065926 6380
1159.768691 5796
1162.385649 5588
1164.956172 5506
1167.442504 5376
1169.821622 5294
