time nnz
125.329516 54984
237.88915 54142
355.305631 56834
468.448157 57118
591.428718 57978
701.482472 56366
825.744334 57326
938.772343 55004
1060.511244 56464
1174.614962 53190
1304.448927 55516
1416.891105 51590
1538.426644 54436
1655.914403 49958
1774.406521 53238
1891.810596 48386
2014.202522 51752
2122.422077 46768
2243.94627 50142
2363.884447 45332
2488.331875 48356
2589.68782 43712
2715.245535 49146
2833.651008 43150
2961.821448 47518
3072.182585 41948
3204.012324 46000
3313.071018 40844
3436.935989 44606
3534.441718 39386
3653.172131 44938
3765.79874 39144
3892.335047 43308
4001.988085 38196
4120.938349 41768
4235.789333 37148
4365.246319 40204
4461.178146 35926
4591.018757 40748
4703.825959 38148
4804.228712 37082
4906.667448 36462
5018.744601 37950
5119.494806 35240
5247.75311 37210
5366.125288 34430
5491.56021 36554
5594.707213 33734
5722.461572 35810
5832.253738 33116
5943.694548 35012
6044.645583 32380
6171.070246 36222
6276.559566 32500
6390.32682 35486
6496.319825 31996
6613.169589 34790
6715.201344 31438
6827.206882 34000
6929.189354 30894
7042.398784 33158
7131.606319 30202
7243.078703 34050
7374.705801 30414
7490.526559 33408
7593.658876 29920
7709.280077 32646
7811.821205 29468
7914.694335 31916
8030.186343 31630
8132.708596 30810
8247.934673 31268
8350.103808 29894
8463.719597 30800
8553.615157 28798
8669.076356 32064
8770.776384 28892
8884.022284 31306
8985.161019 28358
9114.086909 30620
9210.303033 27602
9323.140944 31384
9423.830485 27854
9536.294447 30660
9626.719823 27366
9743.849197 31712
9852.588349 27670
9970.908187 31014
10082.578472 27338
10198.808958 30362
10297.956348 26986
10408.538204 29642
10496.221488 26210
10606.375312 30296
10705.347602 26486
10815.436764 29516
10902.794024 26016
11012.123138 30360
11110.274826 26276
11220.26836 29656
11318.995013 25996
11439.075779 28980
11527.418315 25344
11637.328896 29774
11736.403806 25598
11847.30724 28944
11945.935564 25358
12054.879702 28234
12141.921317 24644
12251.907676 28738
12350.388012 24948
12459.78812 28048
12546.675941 24412
12655.182125 28588
12753.098738 24762
12861.512731 27886
12948.429638 24304
13057.154444 28720
13154.076029 24562
13261.708049 27924
13359.032937 24328
13467.57414 27240
13552.905373 23550
13660.134809 27746
13757.304445 23860
13865.756887 26940
13950.670394 23246
14057.691583 27396
14154.342882 23568
14261.821337 26606
14346.348784 22942
14453.224604 27076
14549.140174 23274
14655.500428 26248
14740.983308 22590
14847.143057 26662
14943.131781 22954
15039.030133 25988
15144.654046 25350
15240.494495 25042
15346.325022 24868
15430.158386 23946
15536.891088 26588
15630.423489 23806
15736.87841 25388
15820.082045 22906
15925.603474 26096
16020.195134 22986
16114.89204 25190
16219.63195 24892
16314.137947 24022
16407.27405 24774
16512.833908 25270
16605.794125 23660
16711.170284 24620
16793.919983 22558
16898.475839 25668
16992.166392 22550
17086.126948 24838
17189.723478 24516
17282.255434 23646
17386.858212 23906
17468.998282 22316
17572.765074 25282
17668.662087 22226
17761.940718 24360
17865.322741 24004
17958.048907 23304
18051.201505 23696
18154.010211 24458
18246.018518 22502
18342.601328 24020
18444.987739 23948
18537.04505 22930
18639.789121 23312
18721.772719 21844
18823.884201 24614
18915.388164 21772
19007.906701 23576
19109.511867 23426
19199.910424 22410
19292.698383 23052
19396.005449 23538
19488.71154 21910
19580.065639 22918
19682.181447 23044
19773.52629 21760
19864.413364 22670
19966.527999 22808
20047.071174 21608
20148.381176 24512
20239.089575 21576
20340.078615 23396
20420.718055 20654
20521.463442 24110
20611.880144 20870
20702.72563 23192
20803.303036 22720
20893.414257 22014
20983.91163 22344
21084.308555 23026
21174.308146 21168
21264.333684 22272
21364.788722 22294
21444.437294 21136
21544.395455 24028
21634.43733 21166
21734.51984 22954
21813.919079 20008
21913.385759 23610
22002.462775 20110
22091.585506 22730
22190.651307 22056
22279.791742 21642
22368.349954 21518
22467.229671 22522
22546.01524 20280
22644.689338 23646
22733.051401 20336
22831.562634 22622
22909.912648 19222
23008.233818 23118
23086.595354 19190
23184.888255 23522
23273.545195 19730
23371.9343 22608
23450.126605 18766
23548.779767 22980
23627.204183 18888
23725.830298 23402
23814.664722 19436
23913.240879 22540
23991.946135 18544
24090.635992 22928
24169.189275 18732
24267.818797 23360
24356.158159 19278
24454.987326 22498
24533.760118 18350
24632.476596 22888
24720.892205 18854
24809.511993 22090
24910.078227 21112
25002.097433 21064
25096.532274 20580
25200.773567 21916
