time nnz
0.270134 40
0.534826 80
0.879162 120
1.241262 160
1.562686 200
1.990412 239
2.434057 279
2.883794 319
3.369815 355
3.864158 395
4.353843 435
4.926961 473
5.476759 505
6.034747 532
6.593476 535
7.219049 574
7.833031 609
8.480545 645
9.104974 678
9.750666 688
10.408767 686
11.073452 725
11.748219 752
12.422745 791
13.105697 827
13.814992 865
14.529276 862
15.226233 820
15.927415 857
16.639974 864
17.38038 904
18.125813 934
18.870262 952
19.620807 981
20.389893 1001
21.16509 1021
21.936069 1044
22.730919 1065
23.517381 1098
24.330706 1128
25.150373 1111
25.996796 1149
26.856422 1182
27.729665 1219
28.630794 1259
29.523239 1285
30.437684 1318
31.368298 1342
32.286155 1349
33.228135 1260
34.156092 1213
35.037832 1252
35.955886 1275
36.876859 1307
37.839898 1344
38.785541 1368
39.753737 1374
40.724931 1300
41.65696 1328
42.57848 1358
43.578728 1396
44.558348 1423
45.574775 1450
46.691763 1460
47.739111 1407
48.745787 1237
49.684147 1273
50.622433 1313
51.574629 1345
52.551346 1379
53.538457 1408
54.533387 1412
55.563092 1413
56.554963 1422
57.558763 1456
58.559338 1468
59.582219 1488
60.60437 1507
61.642158 1325
62.598147 1255
63.535478 1290
64.458708 1318
65.379537 1355
66.325349 1391
67.284492 1419
68.252385 1429
69.236326 1452
70.224986 1448
71.223708 1475
72.231687 1513
73.244999 1486
74.247157 1476
75.241279 1456
76.224301 1443
77.211888 1446
78.233563 1473
79.226598 1482
80.25441 1497
81.285567 1494
82.279455 1440
83.25101 1312
84.196678 1336
85.183981 1365
86.155053 1387
87.16017 1420
88.163005 1452
89.152728 1473
90.159284 1493
91.157579 1449
92.160997 1462
93.183289 1489
94.211572 1438
95.195211 1441
96.177912 1453
97.28278 1463
98.30255 1448
99.305831 1400
100.358878 1415
101.345736 1392
102.358479 1400
103.364197 1436
104.386031 1446
105.389505 1469
106.414837 1485
107.436986 1494
108.460444 1408
109.437949 1303
110.398264 1332
111.351449 1368
112.307446 1379
113.267586 1391
114.229582 1404
115.195498 1418
116.161294 1397
117.129364 1415
118.091092 1346
119.039082 1377
119.977617 1370
120.90644 1384
121.840891 1392
122.780037 1391
123.726916 1372
124.66707 1325
125.598001 1352
126.555797 1387
127.5092 1403
128.471359 1413
129.428085 1417
130.412377 1432
131.389857 1423
132.344965 1354
133.283043 1324
134.228041 1361
135.190896 1385
136.133494 1398
137.084237 1426
138.060136 1433
139.051617 1390
140.004575 1366
140.987714 1377
141.960632 1391
142.930503 1396
143.889357 1406
144.850587 1408
145.867347 1323
146.833068 1352
147.906971 1379
148.88219 1393
149.878518 1408
150.858565 1417
151.830812 1394
152.813098 1404
153.793563 1381
154.787742 1365
155.761474 1370
156.731502 1381
157.735769 1392
158.697943 1392
159.665493 1382
160.622018 1327
161.557924 1284
162.506785 1319
163.435141 1348
164.387383 1367
165.325315 1369
166.254178 1373
167.17985 1353
168.107803 1319
169.029963 1282
169.936283 1304
170.850065 1318
171.752955 1306
172.651427 1305
173.550495 1318
174.451992 1324
175.354227 1299
176.269506 1285
177.194727 1304
178.097199 1308
178.998524 1316
179.937157 1318
180.854816 1324
181.753038 1320
182.673285 1331
183.622487 1345
184.563614 1362
185.575999 1373
186.514254 1342
187.452403 1360
188.368588 1356
189.320737 1348
190.238719 1309
191.178986 1316
192.122304 1276
193.088949 1296
194.017693 1312
194.945557 1342
195.90186 1351
196.844367 1348
197.808031 1287
198.807118 1296
199.74456 1312
200.69178 1300
201.607584 1290
202.5299 1298
203.449449 1299
204.363996 1305
205.272326 1303
206.176704 1272
207.074509 1217
207.980952 1234
208.877833 1239
209.775205 1263
210.688345 1296
211.590828 1304
212.505172 1304
213.430169 1289
214.328473 1277
215.271243 1289
216.182616 1296
217.080758 1294
217.978869 1286
218.863052 1282
219.757072 1281
220.650832 1277
221.534196 1267
222.407411 1263
223.28821 1269
224.170521 1279
225.052701 1291
225.946073 1291
226.831909 1296
227.752126 1290
228.647786 1293
229.545047 1284
230.467976 1286
231.356412 1273
232.240467 1281
233.15187 1287
234.036556 1288
234.930745 1290
235.826488 1283
236.702754 1289
237.723484 1299
238.658994 1304
239.571492 1311
240.517513 1299
241.434496 1257
242.36537 1274
243.292863 1284
244.223144 1313
245.140328 1312
246.051484 1309
246.990746 1279
247.89902 1274
248.884493 1274
249.827906 1275
250.738114 1280
251.655538 1290
252.5677 1292
253.510642 1283
254.419926 1238
255.320338 1255
256.24755 1267
257.166635 1272
258.067089 1259
258.962494 1259
259.854507 1259
260.737167 1249
261.614111 1220
262.512079 1223
263.403286 1230
264.263327 1224
265.149766 1233
266.014787 1237
266.886382 1223
267.742112 1212
268.59792 1182
269.466268 1197
270.319841 1189
271.173068 1199
272.024506 1206
272.874558 1210
273.72151 1205
274.568626 1178
275.42263 1197
276.287212 1209
277.139152 1209
277.994321 1204
278.837051 1206
279.735092 1192
280.571936 1167
281.423995 1178
282.367314 1191
283.251267 1188
284.099371 1181
284.989742 1181
285.880041 1189
286.755209 1190
287.636142 1186
288.493812 1174
289.368845 1178
290.251239 1184
291.105591 1184
292.046724 1182
292.953401 1186
293.827274 1184
294.691054 1180
295.562147 1154
296.421297 1142
297.322793 1161
298.270335 1185
299.173044 1195
300.071717 1202
300.972455 1194
301.853857 1167
302.721236 1161
303.587783 1171
304.447335 1175
305.293056 1174
306.134365 1176
306.977157 1177
307.818793 1176
308.676867 1181
309.559793 1167
310.418585 1185
311.276431 1187
312.128947 1185
312.977223 1180
313.862604 1175
314.707596 1168
315.612932 1161
316.515899 1179
317.40796 1179
318.245705 1178
319.157636 1177
320.033279 1174
320.987382 1168
321.860969 1166
322.736819 1174
323.669605 1184
324.563204 1190
325.450602 1187
326.330756 1180
327.168937 1183
328.009572 1169
328.857593 1176
329.687615 1179
330.52635 1182
331.374106 1190
332.203574 1189
333.034145 1196
333.871178 1185
334.696102 1172
335.531684 1187
336.348149 1191
337.168713 1191
337.994147 1187
338.819428 1183
339.642474 1176
340.46007 1190
341.279644 1196
342.12342 1214
342.953428 1213
343.773847 1207
344.598969 1201
345.427518 1183
346.253657 1159
347.081452 1177
347.907767 1184
348.718945 1172
349.553284 1182
350.405279 1180
351.215071 1182
352.055683 1167
352.89541 1170
353.732315 1178
354.611211 1177
355.429714 1175
356.284261 1170
357.103881 1165
357.935027 1168
358.816434 1172
359.634067 1166
360.468468 1171
361.286404 1166
362.10594 1167
362.946885 1164
363.782838 1166
364.60022 1166
365.402898 1167
366.237985 1169
367.055484 1158
367.975008 1171
368.802278 1168
369.624256 1165
370.435626 1166
371.258526 1150
372.092012 1156
372.903133 1151
373.732205 1160
374.58484 1169
375.398167 1168
376.210812 1167
377.0396 1171
377.8474 1169
378.673504 1172
379.50503 1156
380.331377 1165
381.142013 1162
381.95696 1160
382.783462 1160
383.589297 1164
384.394851 1159
385.226811 1162
386.047313 1175
386.864726 1174
387.683086 1178
388.498594 1173
389.304776 1176
390.107814 1175
390.908427 1150
391.713491 1162
392.524648 1163
393.323618 1169
394.120088 1167
394.924403 1165
395.726595 1161
396.536857 1161
397.342451 1157
