time nnz
1.437286 40
2.838128 80
4.248182 120
5.638675 160
7.03838 200
8.437092 240
9.858459 280
11.284641 319
12.73294 358
14.217124 397
15.713135 436
17.200986 475
18.676718 505
20.145552 543
21.639529 580
23.194894 616
24.916639 653
26.479004 678
28.046941 707
29.637296 730
31.253559 768
32.885995 801
34.525639 836
36.180353 872
37.858966 909
39.562167 892
41.268885 930
42.976313 969
44.659472 1003
46.341432 1040
48.012783 1079
49.690009 1118
51.375291 1147
53.146754 1185
54.900484 1197
56.835229 1232
58.623891 1256
60.432035 1284
62.274308 1322
64.144971 1337
66.037224 1323
67.948179 1359
69.875317 1394
71.82832 1433
73.785598 1460
75.726451 1491
77.656634 1501
79.548961 1476
81.433246 1479
83.317315 1519
85.270064 1552
87.208952 1589
89.321422 1602
91.316727 1579
93.313593 1616
95.340636 1654
97.37569 1683
99.431197 1710
101.514128 1741
103.613632 1774
105.728075 1808
107.820268 1832
109.912165 1659
111.907749 1697
113.902483 1736
115.938698 1765
117.972631 1800
120.196724 1832
122.296639 1853
124.408216 1861
126.531877 1860
128.662419 1873
130.80477 1906
132.977131 1943
135.170182 1980
137.391303 2016
139.57832 2038
141.746685 1963
143.891048 2001
145.99815 1948
148.216019 1987
150.578087 2027
152.789914 2059
155.007963 2093
157.269848 2066
159.536244 2104
161.840383 2138
164.148392 2178
166.46149 2185
168.733163 2204
170.986317 2222
173.229184 2251
175.487228 2291
177.830667 2045
180.197162 2084
182.416056 2100
184.640285 2118
186.886297 2144
189.169567 2172
191.466497 2205
193.781967 2239
196.135284 2096
198.406497 2130
200.646512 2098
202.852669 2138
205.046083 2169
207.282169 2203
209.539787 2235
211.983999 2160
214.245519 2191
216.507641 2133
218.798295 2173
221.104118 2204
223.418058 2230
225.755373 2238
228.131109 2278
230.450956 2170
232.715028 2209
234.962031 2212
237.194104 2223
239.469641 2243
241.754673 2234
244.194442 2240
246.508348 2280
248.833505 2302
251.17745 2323
253.535506 2353
255.929011 2368
258.332659 2221
260.666577 2245
262.978894 2277
265.287456 2316
267.581428 2356
269.916632 2368
272.259841 2366
274.774322 2365
277.136232 2307
279.463055 2178
281.780706 2215
284.105666 2253
286.452035 2293
288.819161 2323
291.215478 2360
293.580626 2336
295.903928 2247
298.13537 2201
300.379999 2238
302.683729 2273
304.986695 2306
307.307975 2343
309.661232 2380
312.045181 2301
314.396971 2278
316.753785 2317
319.132756 2347
321.533622 2375
323.919308 2354
326.25649 2252
328.527013 2283
330.809537 2320
333.196334 2360
335.543356 2392
338.065656 2416
340.461453 2367
342.85692 2407
345.240327 2359
347.661073 2396
350.085371 2417
352.525266 2437
354.927352 2462
357.328466 2485
359.710781 2408
362.005121 2305
364.354112 2333
366.694601 2373
369.212988 2391
371.596403 2414
373.995127 2419
376.405964 2405
378.823195 2397
381.222227 2384
383.635889 2344
386.013309 2316
388.34571 2350
390.679936 2390
392.989335 2413
395.352871 2439
397.730323 2464
400.285234 2484
402.719652 2376
405.130225 2416
407.535389 2354
409.937068 2387
412.346505 2414
414.784044 2448
417.212977 2485
419.623146 2468
421.990381 2393
424.314038 2364
426.6707 2398
429.048563 2438
431.591983 2473
433.992954 2509
436.429262 2537
438.906843 2531
441.385581 2459
443.82541 2357
446.254627 2391
448.650584 2430
451.019344 2450
453.381486 2483
455.72423 2510
458.136782 2456
460.532673 2494
463.088619 2528
465.512393 2472
467.938265 2512
470.383039 2536
472.847446 2572
475.338309 2601
477.855554 2430
480.249372 2354
482.598189 2387
484.91416 2411
487.221176 2443
489.608361 2468
491.995756 2458
494.531543 2414
496.890875 2395
499.284521 2432
501.692144 2434
504.127558 2474
506.577028 2485
509.03633 2496
511.452682 2437
513.796748 2375
516.094142 2302
518.361518 2331
520.709226 2371
