time nnz
3020.514386 90384
3141.155828 89347
3258.715247 88929
3374.384063 88259
3487.871594 86248
3601.412092 84069
3709.428912 81149
3810.630404 75935
3903.522422 67765
3986.395597 60927
4064.017494 56751
4138.267645 54004
4209.563786 51416
4272.649181 45002
4325.280118 36598
4373.147247 32917
4418.4787 30971
4463.075558 30402
4507.228246 30054
4550.951252 29669
4593.700519 29117
4635.264886 26302
4674.400906 26266
4707.675051 20080
4738.016491 19906
4767.479623 19143
4795.839181 18473
4823.477693 17879
4851.978299 16791
4878.122998 16750
4903.176208 14254
4925.634025 14094
4947.323908 13664
4968.912339 13460
4990.357706 13302
5011.455271 13132
5031.10367 12014
5051.630228 11005
5069.770832 10932
5087.704249 10762
5105.323092 10668
5122.973671 10613
5140.690191 10522
5160.368346 10189
5180.306865 10169
5197.366799 10166
5214.008896 9913
5230.714824 9846
5247.999189 9794
5265.60873 9742
5283.226231 9641
5304.870766 9120
5323.740333 9039
5342.788605 9035
5358.52449 9033
5373.653167 8976
5388.868433 8946
5404.151809 8914
5418.947085 8725
5438.473134 8515
5453.086865 8498
5467.48765 8461
5482.215283 8448
8372.757809 9139
8392.618314 8800
8407.592922 8800
8422.415762 8752
8437.145137 8726
8451.991418 8709
8466.789805 8688
8481.527753 8625
8498.928695 8568
8513.561761 8560
