time nnz
32.298249 11705
84.80548 23410
144.442314 35115
213.528419 46403
293.830303 56507
387.444433 68167
492.011143 78882
595.58314 84718
699.766801 84408
803.384024 87065
908.94901 82260
1011.858196 87582
1113.09063 92845
1215.737644 97756
1319.087828 98506
1420.262772 98703
1518.938766 97990
1620.54627 103208
1724.46081 103980
1830.342395 107707
1937.489146 112591
2046.447078 117429
2158.863684 121492
2276.3568 125829
2396.250588 130447
2519.448266 134935
2644.058489 139598
2774.31701 144609
2904.995116 149297
3038.66932 153991
3174.632999 158009
3313.384768 161728
3456.811259 166465
3600.623172 170652
3746.757107 174757
3895.700075 178618
4047.084829 182515
4200.320093 186031
4355.820373 189044
4513.028301 190295
4674.373534 194196
4834.731688 197476
4996.342971 200288
5160.238619 202760
5325.062856 205575
5491.341963 208294
5659.452873 208867
5827.540426 206133
5998.261226 208824
6168.993281 211390
6337.14687 211213
6504.928354 213044
6673.181931 214684
6843.466264 215878
7015.468323 217065
7189.948782 219033
7362.336674 212694
7534.651341 214412
7703.188554 215198
7875.714516 217086
8045.835328 218058
8216.625926 218703
8388.300417 216463
8560.60506 218092
8734.30655 220087
8909.529023 221449
9079.473528 217188
9246.384623 216224
9413.270896 216603
9580.295613 216269
9746.979188 211337
9912.577446 212474
10079.829691 213805
10247.653962 215047
10412.799258 212412
10575.311004 211845
10737.707956 211792
10900.218676 211601
11062.547488 211141
11227.217725 211996
11389.980939 208605
11552.908324 209412
11713.992315 209170
11874.29656 209043
12034.917396 209275
12195.43265 209313
12356.203905 207960
12517.717279 208562
12686.496653 209377
12847.486435 207675
13008.23614 207300
13167.884405 207611
13327.526609 207727
13487.198012 207553
13646.763356 205265
13805.365284 199968
13966.450007 200926
14124.777262 201682
14280.503804 201693
14436.218902 201917
14591.87151 202092
14745.732956 201735
14898.892659 198160
15054.196147 198902
15209.378153 199629
15363.306916 199226
15515.399461 199126
15667.470246 199244
15819.225782 199094
15971.344675 195755
16126.384095 196157
16279.440711 196706
16432.751998 197168
16583.920475 196488
16734.248332 196258
16884.270479 196216
17035.25656 194212
17187.320421 190826
17346.578442 191458
17501.115252 192110
17654.519208 192431
17807.439628 192604
17960.728823 192718
18113.779945 191217
18267.550567 191479
18422.999424 191981
18575.581793 190251
18726.900841 190135
18877.704011 190084
19028.624539 189998
19179.633149 189618
19333.11394 189840
19485.924906 187440
19641.730409 187929
19792.696978 187995
19943.498783 188028
20094.057206 187891
20244.65042 187204
20394.040717 186003
20542.987532 185053
20694.271757 185390
20843.07975 185393
20991.31697 185383
21138.350882 185408
21286.696075 185250
21437.087949 183345
21588.792415 183714
21745.138471 184291
21897.518833 184842
22045.630873 184291
22208.573596 184150
22372.301298 183707
22526.808737 183846
22680.478212 184157
22836.544726 184673
22992.49418 185061
23145.273077 182793
23296.051063 182223
23446.283575 181908
23596.76735 181526
23746.512004 179290
23895.398216 177174
24050.117787 177735
24200.837836 177809
24348.94941 177860
24503.453508 178050
24650.74392 178103
24797.726927 177954
24943.183126 176834
25103.943224 177125
25252.433424 177363
25400.777347 176508
25549.070135 176300
25695.785179 176188
25842.312216 176131
25989.146423 176001
26139.761443 175089
26289.84801 174164
26443.971391 174474
26592.366 174467
26741.735535 174408
26890.381304 174421
27038.005645 174352
27185.574108 173976
27331.778278 172316
27480.518994 172646
27629.34113 173025
27778.195817 173245
27923.949947 172990
28069.146923 172737
28213.903092 171664
28358.859039 170519
28509.15703 170816
28656.276308 171075
28800.781954 171047
28944.614275 170965
29088.921003 170934
29232.928232 170928
29376.617176 170799
29544.479245 170980
29688.698303 170288
29833.791532 168244
29979.991587 168588
30125.997126 168988
30271.68433 169362
30415.169822 169266
30558.896315 169193
30702.173842 169128
30844.969869 168468
30987.275078 167427
31132.343312 167647
31276.985588 167898
31417.977087 167513
31558.954891 167488
31699.133401 167402
31839.997532 166491
31986.662164 166663
32127.696176 166199
32268.095878 166068
32407.102474 166114
32545.121928 166162
32684.897371 166179
32826.828362 166193
32967.902846 166177
33116.888036 166269
33260.412749 166349
33404.589835 166580
33552.309719 166896
33695.256589 166285
33837.129549 166164
33978.611589 166082
34120.113424 165827
34263.735708 165870
34404.61979 163594
34547.574502 163945
34690.081393 164171
34830.424195 164225
34970.402395 164225
35110.076902 164239
35249.707178 163917
35398.031097 163972
35538.607459 163588
35681.226939 163676
35820.820987 163342
35960.673345 163330
36099.608423 163297
36238.862045 163256
36378.159279 163067
36516.993977 161802
36663.09611 161958
36807.047607 162140
36983.10103 162298
37146.811462 162148
37298.193967 162124
37448.47586 162084
37598.437693 161993
37751.916937 161612
37988.101517 160305
38229.267897 160539
38441.602547 160715
38636.88761 160760
38852.806223 160772
39059.880706 160751
39262.426022 160726
39690.116443 160685
39881.64734 159943
