time nnz
72.65273 11705
172.97364 23410
287.80451 35115
420.45468 46803
572.800373 58508
754.0999 70212
936.802469 77746
1143.146755 84416
1359.22391 91617
1587.167821 91730
1803.633407 94550
2032.099816 96050
2266.073126 98687
2515.554304 95881
2760.521825 100127
3011.71411 103976
3270.574089 106515
3536.022873 111790
3799.167401 109043
4071.194796 112184
4347.491268 116486
4623.484519 121168
4907.085267 125765
5206.783391 130273
5510.155245 135014
5816.009611 139895
6135.561145 144608
6455.529471 148461
6780.732295 153564
7117.060468 158608
7449.062729 161636
7796.060772 166286
8146.875259 170984
8500.752717 175633
8859.975224 180182
9226.485903 184166
9595.091635 187665
9975.105269 191773
10357.764895 195046
10717.979931 198284
11140.534885 201308
11573.307271 204013
12005.441458 206557
12441.392247 208045
12885.20852 209242
13324.677905 211277
13768.443868 213702
14213.522225 215692
14658.193851 217507
15109.474654 219167
15559.754092 219725
16012.971533 219229
16472.756417 221122
16928.505869 221486
17386.02359 223218
17845.572235 224323
18304.935513 225143
18765.670403 225065
19231.422803 219307
19693.401273 221157
20153.690596 223084
20580.234131 222834
21035.740354 223421
21495.102036 224041
21960.815106 224349
22422.228074 222106
22882.567259 223290
23339.610208 219802
23795.161153 220793
24246.521362 220665
24696.137192 220942
25146.071375 221367
25595.613162 221632
26047.224298 216283
26494.126695 217644
26939.890616 218805
27380.687925 218456
27730.283888 218371
28077.3535 218351
28424.248776 217821
28771.205426 213611
29116.518537 214503
29463.787484 215512
29811.221493 216240
30157.640305 215351
30501.670121 215052
30845.642748 214591
31190.582621 215066
31533.374563 208279
31876.288611 209093
32245.938104 209313
32603.245654 209330
32953.788677 209466
33303.706793 209455
33650.155409 208039
33993.921008 206974
34337.147532 206645
34681.207999 206855
35021.733216 206887
35366.819655 206992
35712.118834 207038
36048.206767 206624
36385.027967 202434
36716.897768 203112
37045.2338 203670
37377.233269 204186
37705.027402 203893
38030.491806 203566
38357.527459 202750
38684.77441 200599
39008.880396 198219
39336.667185 198741
39667.847259 199458
39993.421589 199075
40318.120019 198923
40639.504947 198697
40960.776883 198302
41281.652132 197258
41600.852528 197477
41924.827284 197819
42248.432465 198211
42567.043627 196093
42886.033625 196152
43203.246377 195969
43517.635387 195716
43837.45835 195856
44154.983555 191281
44471.14842 192127
44786.428968 192173
45099.741341 192202
45409.487919 192165
45722.245051 191978
46033.544576 191648
46342.119094 190625
46652.601231 190001
46964.613452 190346
47275.039641 189812
47586.957487 189612
47895.926221 189515
48202.417366 189257
48510.756955 188816
48826.502473 189020
49135.51605 188260
49447.995994 188576
49755.593853 188449
50060.512896 188476
50366.46335 188422
50677.741206 187745
50984.693377 184437
51290.453761 184799
51598.250318 185590
51900.039005 185003
52200.449606 184951
52504.306491 184925
52807.650596 184816
53108.582971 184356
53410.13521 182449
53708.441537 181620
54009.331261 181906
54308.890229 182115
54609.98094 182077
54907.873514 182088
55206.521593 181755
55505.522218 181846
55801.210302 180431
56104.047278 180745
56405.751473 180601
56702.614027 180519
57000.179947 180426
57295.808192 180229
57588.760455 178563
57883.545297 178789
58181.067018 179057
58480.61707 179508
58778.056286 179713
59074.238951 179603
59368.373205 179429
59660.623798 178920
59954.618991 178144
60252.646701 178222
60546.273185 176880
60843.755846 177031
61134.520488 176936
61423.223436 176861
61713.916301 176667
62006.506421 176263
62298.145795 176375
62588.98834 175509
62880.425722 175759
63168.714637 175635
63456.186875 175546
63745.955507 175529
64038.00627 175255
64326.599162 172941
64619.181147 173235
64908.313919 173589
65195.9759 173794
65482.838064 173734
65770.819067 173720
66056.650339 173345
66343.82978 173213
66628.734149 173013
66913.399923 172961
67196.392876 172881
67481.968587 172791
67771.154536 172294
68059.330795 172387
68348.391043 172504
68636.68178 172702
68922.983001 172912
69207.030315 172097
69493.874014 172178
69780.552131 171869
70064.678619 171457
70348.133017 170320
70630.05865 170033
70912.048585 170191
71195.424687 170070
71480.286475 170052
71761.147972 170051
72042.991973 169988
72325.846259 170025
72605.007964 169445
72886.034279 169539
73167.915669 169414
73452.670874 169315
73734.047365 169360
74015.344944 169306
74295.678643 168967
74573.057478 168331
74856.145009 168459
75137.764281 168612
75422.614588 168759
75702.795261 168477
75983.802024 168525
76262.270628 168440
76538.926148 168413
76818.869581 168334
77098.530574 166619
77378.90217 166776
77659.508694 166961
77943.478606 167238
78221.084511 167261
78496.489672 167064
78774.218354 166777
79052.886766 166409
79328.332436 165911
79608.147947 166003
79886.102738 166116
80160.202415 165576
80433.215465 165426
80708.362124 165258
80985.83854 164753
81261.947785 164842
81540.968469 165037
81819.060114 165277
82091.826249 164927
82364.611589 164879
82638.343631 164767
82916.053145 164651
83190.59564 164268
83464.832247 163741
83740.40061 163836
84016.862428 163999
84292.139516 164127
84567.184147 164266
84843.4099 163929
85117.015521 163641
85390.224701 162912
85661.369836 162367
85937.805375 162509
86209.854516 162562
86480.830408 162549
86754.214461 162493
87026.254846 162021
87298.485282 161134
87570.714574 161390
87842.462777 161803
88111.833984 161789
88381.25465 161805
88653.17964 161776
88922.98982 161738
89192.965595 161354
89461.073429 160746
89729.737035 160879
89999.160844 161001
90267.194955 160822
90537.938513 160777
90806.677614 160734
91074.859754 160611
91341.510308 160094
91609.115947 160187
91880.701715 160369
92147.900231 159987
92419.024817 160088
92687.071343 160063
92954.285747 160032
93220.569502 159979
93485.058061 159824
93749.257685 159001
94017.352076 159089
94290.26577 159323
94560.999603 159611
94831.403258 159884
95098.333079 159732
95362.973596 159625
95627.105781 159494
95892.952848 158740
96164.18412 158810
96432.717909 158915
96699.424587 158331
96964.648479 158289
97227.127693 158282
97489.122443 158257
97753.885013 158213
98021.795333 157759
98285.561667 156993
98555.491467 157122
98824.939571 157248
99086.158874 157257
99347.179362 157281
99611.194461 157294
99876.354772 157185
100154.736753 157212
100420.488329 157123
100683.568972 156732
100943.460682 155741
101214.322199 155986
101482.892997 156215
101746.437409 156319
102008.529584 156391
102272.868431 156360
102533.162937 156308
102792.686625 155801
103054.425619 155898
103319.518408 155995
103582.167656 155909
103844.305751 155878
104106.089172 155844
104366.41892 155740
104626.5493 155355
104887.168071 155419
105150.775823 155563
105416.391593 155758
105682.39865 155939
105945.520859 155984
106207.839183 155940
106468.04036 155591
106726.57446 155211
106985.677436 155024
107250.78503 155080
107513.903345 154986
107773.631564 154885
108034.660884 154693
108297.009136 154746
108557.741094 154851
108818.360044 154958
109082.03753 155050
109347.220011 154988
109615.725157 154856
109879.129824 154605
110140.092693 154017
110397.404829 153835
110662.97874 154015
110924.777053 154073
111186.258464 154069
111446.229658 154003
111708.469981 153863
111970.14579 153891
112227.673296 153671
112489.888282 153795
112750.742047 153835
113009.420141 153794
113270.604104 153721
113531.018585 153242
113795.888743 153358
114057.382702 153494
114317.188039 153650
114574.820091 153611
114833.247139 153541
115096.33463 153520
115353.799527 153509
115613.894908 153476
115873.309911 153289
116128.837222 152678
116400.715331 152794
116660.61277 152872
116919.583234 152918
117177.501591 152919
117438.105024 152891
117702.602435 152913
117958.106556 152715
118216.134822 152782
118475.795912 152694
118738.206925 152802
118997.430832 152812
119256.597926 152801
119514.381576 152777
119771.11437 152615
120026.948317 152246
120284.066514 151945
120548.020673 152078
120809.002282 152182
121066.805561 152219
121324.584169 152242
121582.307551 152239
121836.936729 152164
122091.527939 151868
122352.285677 151947
122615.358064 152069
122875.221677 152181
123138.753869 152238
123395.626458 152163
123649.290376 152080
123903.348042 151711
124164.26495 151744
124424.861096 151859
124686.318048 152048
124945.412056 151908
125201.820663 151869
125457.142282 151838
125710.642565 151803
125966.462035 151740
126220.740927 151534
126478.553113 151260
126735.493714 151369
126994.87339 151473
127250.320948 151470
127503.216676 151420
127755.715466 151393
128012.034819 151361
128267.309125 151236
128523.153318 150831
128786.463998 150907
129047.24604 151040
129305.160279 151180
129560.645681 151295
129817.973959 151268
130073.102349 151264
130330.028402 151187
130587.438337 150861
130841.73159 150714
131101.25624 150788
131353.565721 150838
131606.45282 150850
131859.843863 150830
132114.765709 150801
132368.888564 150732
132628.508204 150743
132883.209411 150584
133142.747406 150623
133394.374011 150608
133646.856092 150582
133899.001653 150508
134154.951097 150404
134416.38664 150429
134670.180632 150278
134928.157817 150377
135180.734021 150366
135432.712313 150369
135684.468453 150349
135938.733678 150298
136191.779389 150209
136447.829951 149995
136704.345673 150062
136961.574753 150120
137216.133843 150211
137467.913002 150201
137720.001926 150140
137975.320618 150065
138233.019073 149857
138489.911253 149893
138744.223525 149963
138998.769569 150059
139253.224901 150157
139505.249643 150122
139760.768046 150090
140016.791869 150009
140268.423477 149732
140520.900774 149557
140772.726643 149631
141024.806523 149735
141274.064184 149693
141523.359071 149683
141776.976981 149666
142032.569477 149563
142284.535381 149465
142534.144381 149382
142788.766873 149470
143037.681953 149445
143286.653124 149428
143539.259805 149413
143792.890597 149406
144043.504086 149359
144293.096698 149197
144542.104194 149102
144796.167979 149176
145044.988109 149212
145294.131467 149249
145547.610509 149277
145802.705712 149249
146054.190792 149245
146302.88764 149231
146551.04587 149158
146799.118429 148764
147068.790736 148854
147320.846043 148935
147574.556794 148935
147825.760188 148897
148074.183781 148833
148322.278896 148762
148570.316261 148756
148821.181134 148859
149070.007943 148847
149322.905754 148877
149577.115222 148881
149827.895351 148854
150075.915532 148815
150323.660441 148631
150571.604367 148562
150825.03682 148650
151075.731154 148718
151329.438989 148772
151581.372551 148770
151829.371983 148724
152077.13901 148514
152325.010694 148487
152578.145307 148589
152826.243732 148597
153081.520421 148655
153335.147811 148625
153585.413331 148630
153833.19531 148608
154080.614158 148402
154330.807578 148443
154581.210693 148517
154833.669133 148599
155087.951404 148591
155341.107843 148613
155588.979623 148577
155836.942455 148511
156084.676862 148233
156337.509065 148307
156587.996626 148382
156843.57648 148500
157097.137274 148484
157347.148908 148462
157594.801106 148435
157842.284283 148328
158089.424367 148149
158341.964049 148211
158592.939461 148266
158847.024398 148241
159099.817438 148259
159347.382843 148276
159594.793198 148265
159842.179566 148266
160089.346785 148253
160336.706637 148159
160591.897119 148162
160855.214177 148228
161103.052333 148182
161350.579607 148149
161598.275708 148158
161845.725802 148141
162093.234058 148133
162341.594544 148112
162590.597317 147946
162839.891484 147773
163108.022566 147834
163355.959974 147889
163605.860625 147949
163852.890122 147950
164100.297022 147940
164351.310994 147892
164600.909839 147825
164850.552192 147834
165100.373014 147884
165347.6193 147874
165594.495048 147888
165841.180723 147867
166090.643638 147791
166338.265739 147688
166588.865011 147732
166841.229649 147788
167088.465933 147831
167335.374817 147813
167582.257318 147798
167829.356577 147784
168079.861059 147654
168331.32063 147675
168578.662476 147570
168830.768775 147664
169077.770153 147698
169324.860131 147728
169571.618254 147722
169821.796276 147720
170069.724929 147702
170316.73038 147572
170566.194135 147592
170815.948116 147662
171065.589082 147721
