iter objective
1 53672.386429889
2 38941.2057845582
3 32910.3647088386
4 29933.4327371679
5 28861.8765769876
6 28356.9878099829
7 27989.7438719642
8 27796.090821898
9 27678.0388979914
10 27609.9463723245
11 27565.7164906925
12 27538.1364555243
13 27518.7592918703
14 27501.7553775381
15 27489.2417642477
16 27480.2130135072
17 27474.0368174742
18 27468.8167868089
19 27465.1665152508
20 27462.260786446
21 27460.0241559959
22 27458.1899288794
23 27456.8423204081
24 27455.7576146232
25 27454.9621581686
26 27454.3826913142
27 27453.9350887796
28 27453.5619741895
29 27453.2505647002
30 27453.0015631901
