iter objective
1 133465.189671373
2 74403.0585825994
3 61772.3537296332
4 53533.6235726705
5 51378.6057330835
6 49603.9288326039
7 47928.621508831
8 46302.0753032528
9 44676.5326547043
10 43650.2916155728
11 42574.1139489508
12 41791.3656429832
13 40909.1354691048
14 40248.1355233977
15 39365.2694714096
16 38724.9282091178
17 38209.7545981674
18 37826.3587481642
19 37410.3532371461
20 37050.3642758623
21 36583.4271777077
22 36264.8107641709
23 35843.3628594421
24 35557.8816893465
25 35198.4795935493
26 34881.2391925688
27 34515.4232955012
28 34083.3552418062
29 33593.212921184
30 33110.3251058103
31 32690.5184467919
32 32422.0623983538
33 32174.2760448184
34 31875.4150090938
35 31594.0218929099
36 31301.2380917932
37 31096.7468563357
38 30891.7472905794
39 30788.0542731466
40 30647.6009589709
41 30458.2908241982
42 30119.8611000827
43 29946.922577573
44 29882.3593280296
45 29808.6806083393
46 29688.2857920635
47 29545.0025148731
48 29487.9199050145
49 29397.3770841698
50 29336.2545314602
51 29301.3182774888
52 29275.9358652086
53 29206.964136324
54 29160.3545430119
55 29106.1617567152
56 28999.510081128
57 28929.9833117986
58 28907.8509799183
59 28792.6389059356
60 28760.3058399754
61 28722.1540608839
62 28642.993852307
63 28541.561920287
64 28503.8604469876
65 28482.0980502978
66 28417.3082535889
67 28372.4725671244
68 28328.0132034481
