iter objective
1 119002.408418169
2 69057.9122641447
3 59011.0707201659
4 55910.7718552205
5 54588.9396045047
6 53095.7918587349
7 51012.2452801477
8 47813.0474591875
9 47037.9156026117
10 45800.0460971515
11 45469.4174873992
12 44488.1643051401
13 42530.0996228883
14 42474.504207233
15 41776.3951974001
16 41603.5673428633
17 41220.9297734889
18 40191.0318070738
19 39743.9191492719
20 39317.888961125
21 38382.3860576129
22 37902.3593186882
23 37821.5049910796
24 37663.2270300132
25 36906.8447078887
26 36187.5729836781
27 35554.7656188413
28 35118.5238947438
29 34854.9328931757
30 34779.0751436935
31 34685.0207217847
32 34291.2101864409
33 33945.3517210266
34 33837.1583274233
35 33828.8126175901
36 33235.3674100438
37 33190.4381398994
38 33069.5734282938
39 32944.0106694823
40 32547.6681578489
41 32416.4387146104
42 32340.6627726935
43 32278.4194895015
44 32070.4645632069
45 31936.7805116996
46 31443.2236113886
47 31333.2067578351
48 31119.4755182779
49 31066.1863029668
50 31009.7104553362
51 30815.0589456836
52 30760.7773859461
53 30654.7468533839
54 30525.4640971726
55 30454.1418499993
56 30434.0578270602
57 30392.5570269282
58 30366.706758269
59 30187.8861667584
60 30133.2120639548
61 29971.502520479
62 29962.3880918205
63 29648.2170512444
64 29614.8788287182
65 29596.5654094222
