iter objective
1 57583.5440982758
2 47802.8169214274
3 45811.8713201571
4 42933.4690427756
5 41913.7911121734
6 40733.4735507049
7 39367.3713850582
8 38791.002495197
9 38104.3768177357
10 37221.7303066685
11 36861.1879337946
12 36599.406356424
13 35493.6030444854
14 35300.7823354596
15 34922.4972394336
16 34417.6706824251
17 34041.9016099481
18 33993.2554429034
19 33638.3560559747
20 32890.9381929859
21 32777.3753084655
22 32760.504771318
23 32489.5359607326
24 32248.8869005132
25 32210.3498007456
26 32157.373804047
27 31661.4081643633
28 31409.1228813683
29 31263.4552856515
30 31152.0889256271
31 30907.4237747379
32 30877.6841012459
33 30830.4271828608
34 30786.2898653283
35 30602.9340630083
36 30107.4685859304
37 29931.0989913323
38 29917.399791437
39 29826.7831968738
40 29543.2781742448
41 29465.9460803256
42 29426.7761070976
43 29351.3143126878
44 29213.5478659648
45 29171.8999959215
46 29159.9777566329
47 29101.8950932975
48 29082.4935521601
49 29006.8881118263
50 28874.7144503237
51 28816.8988274985
52 28741.5812306317
53 28686.2141972802
54 28635.7895095186
55 28633.284855495
56 28565.221524969
57 28542.302474679
58 28523.3507265117
59 28512.7116702145
60 28481.8500171554
61 28407.8958694323
62 28407.8958694322
63 28358.3080442755
64 28352.7621860536
65 28297.8974818383
66 28263.2524729967
67 28246.8089436376
68 28225.8115928386
69 28130.7412407341
70 28069.2914040934
71 28034.3041965455
72 28024.7501555737
73 27982.3296354996
74 27972.6688281493
75 27958.3790446827
76 27926.2226412032
77 27926.1119819949
78 27867.095283774
79 27853.3181980356
80 27811.5696213401
81 27797.0995837417
82 27789.0787517163
83 27779.5617478912
84 27775.5920491741
85 27767.0096399584
86 27761.9279266998
87 27761.9279266993
88 27738.1996941897
89 27720.4068526937
90 27720.4068526915
91 27705.9920885895
92 27688.7087668396
93 27664.4135228671
94 27656.398619409
95 27646.4616883742
96 27629.45116549
97 27623.4463631126
98 27608.4930919938
99 27597.8934068584
100 27593.8605244539
101 27585.5337284109
102 27583.6150883519
103 27580.3397553323
104 27572.0741134869
105 27570.6812417851
106 27569.8869451628
107 27552.8681915034
108 27549.7938263573
109 27544.7137571523
110 27539.2895745828
111 27539.2895745827
112 27534.868209646
113 27533.1788834081
114 27531.3077554637
115 27529.5430479753
116 27525.6638387326
117 27522.2608109129
118 27517.9755346746
119 27515.6975077246
120 27514.1141790555
121 27511.1971685354
122 27509.5893945219
123 27508.8287272548
124 27504.2839131274
125 27504.283913126
126 27502.0702699853
127 27500.1644111731
128 27499.1029626479
129 27498.1095507469
130 27497.3260406766
131 27494.9931891806
132 27487.2581202764
133 27486.0629187005
134 27481.3253188289
135 27479.8616941126
136 27478.86839487
137 27478.0185492846
138 27477.4782615064
139 27477.4782615039
140 27476.2965130243
141 27475.6489891906
142 27474.7506161965
143 27473.9259748087
144 27473.2476040876
145 27472.9968215153
146 27472.4338477495
147 27472.263687752
148 27471.4802882587
149 27470.7111937527
150 27470.0636333972
151 27470.0636333947
152 27468.5134522732
153 27468.1053835848
154 27467.7207956284
155 27467.1351850831
156 27467.0228668991
157 27466.3372790596
158 27465.8814553348
159 27465.3702828741
160 27464.3493695507
161 27463.6157918541
162 27463.3567889954
163 27462.9860033263
164 27462.5198629165
165 27462.0812046583
166 27461.0520447456
167 27460.7963868788
168 27460.217875529
169 27459.8193793855
170 27459.5918618259
171 27459.5143176347
172 27459.4461978298
173 27459.1270869374
174 27458.9322979148
175 27458.7020208561
176 27458.4998429309
177 27458.1132300795
178 27457.9951724645
179 27457.8474768318
180 27457.8474768314
181 27457.7238401884
182 27457.6696305605
183 27457.2990623897
184 27456.9888558523
185 27456.7608236782
186 27456.6963578463
187 27456.3929309563
188 27456.2566744901
189 27455.8946513634
190 27455.7786803228
191 27455.567401409
192 27455.4940255426
193 27455.4147004112
194 27455.2420280652
195 27455.1701003139
196 27455.1101096263
197 27455.0162157874
198 27454.9926903992
199 27454.7754866162
200 27454.7147467431
201 27454.6884265204
202 27454.571795262
203 27454.5717952619
204 27454.3947103009
205 27454.3432903506
206 27454.1336720145
207 27454.0893870494
208 27454.0721007826
209 27453.9338610592
210 27453.8765152576
211 27453.8424444867
212 27453.788671227
213 27453.7560677476
214 27453.7004672792
215 27453.6712260807
216 27453.610436535
217 27453.4880141607
218 27453.4386478696
219 27453.3680683931
220 27453.2813380573
221 27453.2342073984
222 27453.1956312637
223 27453.1670845629
224 27453.1368872526
225 27453.0665551633
226 27453.0530140407
227 27453.0106385935
228 27452.9819954293
229 27452.9507609826
230 27452.9163817877
231 27452.8443111618
232 27452.779416308
233 27452.7487750021
234 27452.7004297992
235 27452.679545551
236 27452.662762988
237 27452.6416713519
238 27452.6272534432
239 27452.5877185951
240 27452.5792326665
241 27452.5452332676
242 27452.5318553431
243 27452.4201322289
244 27452.4080110464
245 27452.3885776217
246 27452.374876895
247 27452.3514626459
248 27452.3514626457
249 27452.3362217875
250 27452.3053120672
251 27452.2592463709
252 27452.2486089854
253 27452.2330995462
254 27452.2172292073
255 27452.1713789194
256 27452.1695300477
257 27452.13482498
258 27452.1228600639
259 27452.111586427
260 27452.1006125205
261 27452.0966598714
262 27452.072640701
263 27452.0668965803
264 27452.0591787623
265 27452.0535148337
266 27452.0404027668
267 27452.0307427506
268 27452.0112425244
269 27452.0080863496
270 27451.9920319454
271 27451.9877176328
272 27451.9785702921
273 27451.9715380035
274 27451.9666741242
275 27451.9491172241
276 27451.9450246165
277 27451.9375115425
278 27451.9314728147
279 27451.9255898192
280 27451.9179220384
281 27451.9103792354
282 27451.9016734025
283 27451.896486445
284 27451.8892492338
285 27451.8836702274
286 27451.8790741656
287 27451.8722690996
288 27451.8621107969
289 27451.8585800848
290 27451.8505049319
291 27451.8489227427
292 27451.8407433362
293 27451.8359661769
294 27451.8311130183
295 27451.8273798149
296 27451.8184281732
297 27451.8057348947
298 27451.8051240986
299 27451.7990954681
300 27451.7878284071
301 27451.7808049502
302 27451.7758052312
303 27451.7735977371
304 27451.7717793903
305 27451.7617086833
306 27451.7617086832
307 27451.7535977327
308 27451.7456664054
309 27451.7402915586
310 27451.7291249033
311 27451.7230961764
312 27451.7211984011
313 27451.7163372625
314 27451.7077217806
315 27451.7050418052
316 27451.7043875592
317 27451.6983306212
318 27451.6937820125
319 27451.6923200908
320 27451.6897457346
321 27451.6895796106
322 27451.6895796101
323 27451.6831326094
324 27451.6814631688
325 27451.6790887859
326 27451.6774765168
327 27451.6721688756
328 27451.6657369471
329 27451.6632104942
330 27451.6595639535
331 27451.6582800157
332 27451.6548097205
333 27451.6533188696
334 27451.6517496944
335 27451.6512874708
336 27451.648701307
337 27451.6483061426
338 27451.6467397798
339 27451.6457185251
340 27451.6427144989
341 27451.6421821792
342 27451.6387075087
343 27451.6353560143
344 27451.6338087278
345 27451.632413713
346 27451.6310586223
347 27451.6297940529
348 27451.6291241281
349 27451.6268502946
350 27451.6240680365
351 27451.6227005125
352 27451.6219699489
353 27451.6205671636
354 27451.6200778632
355 27451.6174075709
356 27451.6173932972
357 27451.6153427254
358 27451.6143527497
359 27451.6136610852
360 27451.6126804973
361 27451.6112094667
362 27451.6102828245
363 27451.6094433298
364 27451.6094428322
365 27451.6091339814
366 27451.6084201013
367 27451.6072965706
368 27451.6066496782
369 27451.6059942788
370 27451.6049774156
371 27451.6045533456
372 27451.60438322
373 27451.6021728823
374 27451.6015472071
375 27451.6009044379
376 27451.6002092092
377 27451.5993246114
378 27451.5987923822
379 27451.5983325451
380 27451.597503621
381 27451.5973938607
382 27451.5962917594
383 27451.5959733295
384 27451.5950125623
385 27451.5935181571
386 27451.5929058633
387 27451.5928296677
388 27451.5916972572
389 27451.5912933491
390 27451.5909917452
391 27451.5904653823
392 27451.5904433949
393 27451.5892281188
394 27451.5887638443
395 27451.5885435269
396 27451.5882508483
397 27451.5877566565
398 27451.5874789841
399 27451.5870726966
400 27451.5867070127
401 27451.586476285
402 27451.5855748523
403 27451.5852494855
404 27451.5848515381
405 27451.5844919604
406 27451.5843604338
407 27451.5835142477
408 27451.5831594436
409 27451.5830351147
410 27451.5826243811
411 27451.5821248394
412 27451.5819362889
413 27451.5816474375
414 27451.5810632394
415 27451.5808894517
416 27451.580677947
417 27451.5804061656
418 27451.5800343931
419 27451.5797008018
420 27451.5795030672
421 27451.5793477843
422 27451.5790333693
423 27451.5788686259
424 27451.5788380333
425 27451.5784206951
426 27451.5778883116
427 27451.5776853995
428 27451.5775253009
429 27451.5774606097
430 27451.577229488
431 27451.5769853395
432 27451.576910007
433 27451.5765753906
434 27451.5764282182
435 27451.5763058498
436 27451.5761516666
437 27451.5761151749
438 27451.5758034437
439 27451.5755785928
440 27451.5754274373
441 27451.5752721724
442 27451.5750659683
443 27451.5750141488
444 27451.5748515086
445 27451.5746275307
446 27451.574525849
447 27451.5744046276
448 27451.5743603508
449 27451.5741899873
450 27451.5740133077
451 27451.5739909432
452 27451.5737833888
453 27451.5736464182
454 27451.5735515104
455 27451.5734455873
456 27451.573275269
457 27451.5732115856
458 27451.5730129141
459 27451.5729343101
460 27451.5728530415
461 27451.5728378442
462 27451.572510489
463 27451.5721544686
464 27451.5720828948
465 27451.5719510398
466 27451.5719377718
467 27451.5718097899
468 27451.5717456165
469 27451.5716272458
470 27451.5715906417
471 27451.5715113722
472 27451.5714636052
473 27451.5713488528
474 27451.5712741375
475 27451.5711937772
476 27451.5711060513
477 27451.5710075105
478 27451.5709516331
479 27451.5708808631
480 27451.5708708425
481 27451.57075968
482 27451.5707060487
483 27451.5706098687
484 27451.5705930635
485 27451.5705302063
486 27451.5704665585
487 27451.5703661646
488 27451.5703055493
489 27451.5702533932
490 27451.5701675658
491 27451.5701370822
492 27451.5700611562
493 27451.5700184992
494 27451.5700024835
495 27451.5699180019
496 27451.569874129
497 27451.5698374379
498 27451.5697248199
499 27451.5696784568
500 27451.5696769585
501 27451.5695707835
502 27451.5695017381
503 27451.5694727748
504 27451.5694268242
505 27451.5693760856
506 27451.5693150227
507 27451.569276166
508 27451.5692272665
509 27451.5691969863
510 27451.5691576391
511 27451.5691253801
512 27451.5690769071
513 27451.5690350868
514 27451.5690349172
515 27451.5689459426
516 27451.5689242125
517 27451.5688898345
518 27451.5688517713
519 27451.5688478946
520 27451.5687847553
521 27451.5687565359
522 27451.5686932654
523 27451.5686751684
524 27451.5686464237
525 27451.5686218976
526 27451.5685686879
527 27451.5685684965
528 27451.5685167745
529 27451.5684652351
530 27451.5684462732
531 27451.5684112587
532 27451.5683893219
533 27451.5683883375
534 27451.568337034
535 27451.5683085912
536 27451.5682980596
537 27451.5682640727
538 27451.5682481108
539 27451.5682190325
540 27451.5682052934
541 27451.5681779213
542 27451.5681708678
543 27451.5681301784
544 27451.5681098165
545 27451.5680937172
546 27451.5680796372
547 27451.5680723931
548 27451.5680456874
549 27451.5680304366
550 27451.568023239
551 27451.5679988107
552 27451.567992805
553 27451.567981025
554 27451.5679780778
555 27451.5679577175
556 27451.5679413005
557 27451.5679123998
558 27451.5678932748
559 27451.5678772614
560 27451.5678681079
561 27451.5678482848
562 27451.5678383789
563 27451.5678270136
564 27451.5678225775
565 27451.5677949315
566 27451.5677885753
567 27451.56777838
568 27451.5677684876
569 27451.5677541624
570 27451.567738826
571 27451.567718964
572 27451.5677129844
573 27451.5676936995
574 27451.5676904476
575 27451.5676751005
576 27451.5676692768
577 27451.5676608048
578 27451.5676433581
579 27451.5676151553
580 27451.5676135474
581 27451.5675966278
582 27451.5675871106
583 27451.5675781919
584 27451.5675710832
585 27451.5675586609
586 27451.5675482724
587 27451.5675471862
588 27451.5675353339
589 27451.5675284326
590 27451.5675184185
591 27451.567513466
592 27451.5675030679
593 27451.5674989663
594 27451.5674915944
595 27451.5674831795
596 27451.5674759497
597 27451.5674717721
598 27451.5674626414
599 27451.5674599277
600 27451.5674499436
601 27451.5674441831
602 27451.5674369906
603 27451.5674366853
604 27451.5674246849
605 27451.5674205129
606 27451.5674146788
607 27451.5674131866
608 27451.5674086765
609 27451.5674067107
610 27451.5674021391
611 27451.5673952368
612 27451.5673894647
613 27451.5673850192
614 27451.5673780481
615 27451.5673663259
616 27451.5673583212
617 27451.5673545824
618 27451.5673440072
619 27451.5673398382
620 27451.567338207
621 27451.5673329645
622 27451.5673298165
623 27451.5673240783
624 27451.5673239502
625 27451.5673162046
626 27451.5673117025
627 27451.5673068229
628 27451.5673064388
629 27451.5672985062
630 27451.5672976469
631 27451.567292292
632 27451.5672912946
633 27451.5672881347
634 27451.567285221
635 27451.5672819524
636 27451.5672813662
637 27451.5672738659
638 27451.567271207
639 27451.5672695514
640 27451.5672661853
641 27451.5672641628
642 27451.5672617252
643 27451.5672608553
644 27451.567256644
645 27451.5672556404
646 27451.5672523407
647 27451.5672492646
648 27451.5672492556
649 27451.5672451463
650 27451.5672428269
651 27451.5672399337
652 27451.5672390104
653 27451.5672373006
654 27451.567235402
655 27451.5672330773
656 27451.5672284676
657 27451.5672281315
658 27451.5672243956
659 27451.5672225932
660 27451.5672215732
661 27451.5672194078
662 27451.5672181989
663 27451.5672148584
664 27451.5672123151
665 27451.5672116634
666 27451.567210037
667 27451.5672084632
668 27451.5672060237
669 27451.567201134
670 27451.5672003977
671 27451.5671977834
672 27451.5671950223
673 27451.5671935302
674 27451.5671929385
675 27451.5671906037
676 27451.567189489
677 27451.5671871523
678 27451.5671865779
679 27451.567184843
680 27451.567182395
681 27451.5671799115
682 27451.5671764428
683 27451.567175175
684 27451.5671750409
685 27451.5671717552
686 27451.5671702988
687 27451.5671688639
688 27451.5671675482
689 27451.5671669637
690 27451.5671652219
691 27451.5671648679
692 27451.5671631404
693 27451.5671621677
694 27451.5671614165
695 27451.5671590497
696 27451.5671575976
697 27451.5671558739
698 27451.5671554308
699 27451.5671542415
700 27451.5671522383
701 27451.5671514599
702 27451.5671490636
703 27451.5671488151
704 27451.5671470481
705 27451.5671464334
706 27451.5671450981
707 27451.5671443093
708 27451.567143703
709 27451.5671424329
710 27451.5671411402
711 27451.5671398625
712 27451.5671392087
713 27451.5671376553
714 27451.5671375524
715 27451.5671357827
716 27451.567135307
717 27451.5671344045
718 27451.567133866
719 27451.5671329834
720 27451.5671320301
721 27451.5671310117
722 27451.5671302976
723 27451.5671292605
724 27451.5671285764
725 27451.5671278181
726 27451.5671273528
727 27451.5671264311
728 27451.5671250806
729 27451.5671245653
730 27451.5671240283
731 27451.5671227512
732 27451.5671220054
733 27451.5671213355
734 27451.5671209173
735 27451.5671199787
736 27451.5671192367
737 27451.5671186709
738 27451.5671177319
739 27451.5671175174
740 27451.5671172592
741 27451.5671170484
742 27451.5671160261
743 27451.5671154461
744 27451.5671152025
745 27451.5671144921
746 27451.5671142643
747 27451.5671137929
748 27451.5671136214
749 27451.5671131031
750 27451.5671129728
751 27451.5671124658
752 27451.5671120915
753 27451.567111583
754 27451.5671114121
755 27451.5671109993
756 27451.5671100487
757 27451.5671097097
758 27451.5671090005
759 27451.5671089319
760 27451.5671086693
761 27451.5671084365
762 27451.5671075397
763 27451.5671072609
764 27451.56710685
765 27451.5671065715
766 27451.5671060937
767 27451.5671055478
768 27451.5671054218
769 27451.5671049349
770 27451.56710471
771 27451.5671045407
772 27451.5671041054
773 27451.5671036074
774 27451.5671035662
775 27451.5671031133
776 27451.5671029186
777 27451.5671026363
778 27451.5671024855
779 27451.5671024602
780 27451.567102013
781 27451.5671014291
782 27451.5671012584
783 27451.5671010123
784 27451.5671008018
785 27451.5671006433
786 27451.5671000092
787 27451.5670998863
788 27451.5670997188
789 27451.5670993934
790 27451.567099222
791 27451.5670990587
792 27451.5670986501
793 27451.5670983035
794 27451.567098176
795 27451.5670979649
796 27451.5670978828
797 27451.5670977013
798 27451.5670976455
799 27451.5670974514
800 27451.5670973078
801 27451.5670972955
802 27451.5670971424
803 27451.5670969554
804 27451.5670966772
805 27451.5670965499
806 27451.5670963944
807 27451.5670963113
808 27451.5670961615
809 27451.5670960491
810 27451.5670958901
811 27451.5670957977
812 27451.5670956595
813 27451.5670955684
814 27451.5670953647
815 27451.5670952581
816 27451.5670951078
817 27451.5670949462
818 27451.5670948209
819 27451.5670947382
820 27451.567094476
821 27451.5670944349
822 27451.5670942979
823 27451.5670942392
824 27451.567094134
825 27451.5670941325
826 27451.5670939341
827 27451.5670939222
828 27451.5670937501
829 27451.5670936945
830 27451.5670936491
831 27451.5670935122
832 27451.5670934633
833 27451.5670933502
834 27451.567093277
835 27451.5670932149
836 27451.5670931554
837 27451.567093002
838 27451.5670929643
839 27451.5670928522
840 27451.5670928214
841 27451.5670926921
842 27451.5670926705
843 27451.5670925593
844 27451.5670924845
845 27451.5670923513
846 27451.5670923397
847 27451.5670922343
848 27451.5670921978
849 27451.5670921641
850 27451.5670920781
851 27451.5670920555
852 27451.5670920523
853 27451.5670919213
854 27451.5670918543
855 27451.5670918163
856 27451.5670917663
857 27451.5670916648
858 27451.56709161
859 27451.5670915562
860 27451.5670914962
861 27451.5670914736
862 27451.5670914064
863 27451.5670913387
864 27451.567091302
865 27451.5670912574
866 27451.5670912477
867 27451.5670911083
868 27451.5670910384
869 27451.5670909766
870 27451.5670909267
871 27451.5670907439
872 27451.5670906767
873 27451.5670906437
874 27451.5670905824
875 27451.5670905512
876 27451.5670904863
877 27451.5670904256
878 27451.5670904053
879 27451.5670903339
880 27451.5670903174
881 27451.5670902587
882 27451.5670902537
883 27451.5670901654
884 27451.5670901584
885 27451.5670901056
886 27451.5670900731
887 27451.5670900512
888 27451.5670900225
889 27451.567090002
890 27451.567089971
891 27451.5670899287
892 27451.5670898856
893 27451.5670898666
894 27451.5670898431
895 27451.5670898013
896 27451.56708975
897 27451.5670897114
898 27451.567089675
899 27451.5670896443
900 27451.5670896148
901 27451.5670895962
902 27451.5670895379
903 27451.5670894906
904 27451.5670894508
905 27451.5670894382
906 27451.5670894066
907 27451.5670893827
908 27451.5670893806
909 27451.5670893631
910 27451.56708933
911 27451.5670893027
912 27451.567089281
913 27451.5670892658
914 27451.5670892453
915 27451.5670892339
916 27451.5670892062
917 27451.5670891329
918 27451.5670891064
919 27451.5670890866
920 27451.5670890602
921 27451.5670890343
922 27451.5670890142
923 27451.5670890053
924 27451.5670889538
925 27451.5670889253
926 27451.5670889072
927 27451.5670888851
928 27451.5670888607
929 27451.5670888435
930 27451.5670888366
931 27451.567088796
932 27451.5670887775
933 27451.5670887631
934 27451.5670887466
935 27451.5670887187
936 27451.5670887163
937 27451.5670886823
938 27451.5670886608
939 27451.5670886054
940 27451.5670885793
941 27451.567088535
942 27451.5670885062
943 27451.5670884585
944 27451.5670884429
945 27451.5670884252
946 27451.5670884068
947 27451.5670884016
948 27451.5670883826
949 27451.5670883701
950 27451.5670883515
951 27451.5670883369
952 27451.5670883335
953 27451.5670883129
954 27451.5670882949
955 27451.567088285
956 27451.5670882844
957 27451.5670882504
958 27451.567088236
959 27451.5670882224
960 27451.5670882221
961 27451.567088209
962 27451.5670882043
963 27451.5670881981
964 27451.5670881829
965 27451.5670881756
966 27451.5670881603
967 27451.5670881516
968 27451.5670881498
969 27451.5670881394
970 27451.5670881302
971 27451.5670881163
972 27451.5670881089
973 27451.5670881027
974 27451.5670880676
975 27451.5670880586
976 27451.56708805
977 27451.5670880422
978 27451.5670880403
979 27451.5670880262
980 27451.5670880104
981 27451.567088004
982 27451.5670880027
983 27451.5670879901
984 27451.5670879894
985 27451.5670879701
986 27451.5670879606
987 27451.5670879548
988 27451.567087915
989 27451.5670879141
990 27451.5670879007
991 27451.5670878957
992 27451.5670878853
993 27451.5670878817
994 27451.5670878769
995 27451.5670878687
996 27451.5670878665
997 27451.5670878608
998 27451.5670878577
999 27451.5670878461
1000 27451.5670878304
