iter objective
1 63297.0662577974
2 54032.5532889931
3 48495.6960023898
4 45564.3057007765
5 43785.5100931117
6 41265.1971346113
7 39761.6344279387
8 38854.6381355897
9 37756.618986598
10 37197.3814936348
11 36847.9579529927
12 36300.9884242161
13 35279.47817222
14 34865.7282479861
15 34749.1516426075
16 34363.2364050722
17 34272.8958018863
18 34210.4176298427
19 33765.7083327135
20 33216.9962631994
21 32664.3218229272
22 32211.5695523482
23 32114.8753670522
24 32049.0601676947
25 31963.208991607
26 31689.9670407999
27 31450.7913692651
28 31330.2290350056
29 31090.5775130317
30 30942.6806665388
31 30727.0829673997
32 30697.2689250984
33 30664.4598376634
34 30607.9164294701
35 30150.6995653455
36 29928.5211175013
37 29778.3917140786
38 29416.455918325
39 29340.708516538
40 29268.8491167275
41 29245.7066598785
42 29147.8583985218
43 29061.8623252712
44 29055.5730940179
45 29023.4832088536
46 28972.6160334773
47 28913.8067815806
48 28907.1078406396
49 28856.4697135401
50 28798.6776507503
51 28727.1433747452
52 28679.9984512836
53 28588.3359776225
54 28555.6554107269
55 28542.2651821947
56 28483.6245963317
57 28458.8746485564
58 28349.1731886444
59 28327.1151481891
60 28316.3605425156
61 28284.6262354995
62 28272.9772901831
63 28263.6447223809
64 28249.4120605305
65 28086.0546889046
66 28066.5710387726
67 28034.5510450382
68 28001.442809959
69 27972.510074912
70 27951.6652943334
71 27940.17374684
72 27925.4832642806
73 27864.4385363015
74 27863.8389563897
75 27835.6914197033
76 27833.2547127209
77 27818.9612732358
78 27815.8573134639
79 27794.8474912386
80 27758.7251734235
81 27756.3598503294
82 27728.2887040028
83 27700.9825712618
84 27679.5895091581
85 27671.7136119948
86 27659.0932450639
87 27656.8244078931
88 27647.6963900733
89 27633.7189926633
90 27631.6812424884
91 27628.2859829335
92 27624.5024702515
93 27609.0863626099
94 27609.0863626084
95 27586.8526520779
96 27579.3792153862
97 27571.949990551
98 27568.9559464116
99 27556.3408250307
100 27552.3431639435
101 27550.8695819893
102 27546.2622100049
103 27539.7038895362
104 27536.0626315597
105 27534.0215447794
106 27530.3731093342
107 27525.0077255505
108 27525.0077255504
109 27524.0683874016
110 27519.6953868339
111 27518.4608686101
112 27514.3579585807
113 27504.9095937112
114 27502.0273565028
115 27501.5435603115
116 27496.8110072094
117 27495.0462800285
118 27493.5465644047
119 27492.8976875243
120 27492.3328299385
121 27488.9535262177
122 27484.7658642657
123 27480.4706013917
124 27480.4706013917
125 27478.4371393045
126 27478.0884494819
127 27476.5243872008
128 27475.9929617381
129 27475.8330342342
130 27472.8995392925
131 27471.4138659955
132 27471.0402937756
133 27469.6517038236
134 27468.6393734144
135 27468.1643802999
136 27467.9285705013
137 27467.6766669093
138 27466.5611439266
139 27465.3994206301
140 27465.2213458276
141 27464.5130240267
142 27463.2828033075
143 27463.0274843324
144 27462.7157097536
145 27462.387349229
146 27461.8081699111
147 27461.5678244843
148 27461.2941192388
149 27461.1809878424
150 27460.9318840909
151 27460.5340346327
152 27459.4799085794
153 27459.4626528205
154 27459.2204691312
155 27458.8785866865
156 27458.6697902677
157 27458.5933147101
158 27458.2129661208
159 27457.4232962907
160 27457.0164987664
161 27456.8511763676
162 27456.5929176911
163 27456.362655148
164 27456.3189533416
165 27456.1644028176
166 27455.8426593782
167 27455.4754648198
168 27455.3857762643
169 27455.3580016358
170 27455.1115931433
171 27454.968179206
172 27454.9452988357
173 27454.8789356733
174 27454.615604853
175 27454.5338392271
176 27454.490298331
177 27454.1908883832
178 27454.0817464627
179 27454.0529164953
180 27454.0219479297
181 27453.968113297
182 27453.7216724002
183 27453.5878358843
184 27453.412999643
185 27453.3222662002
186 27453.1838806184
187 27453.153891616
188 27453.1419973363
189 27453.1064201876
190 27452.9905642444
191 27452.8412828223
192 27452.7853325337
193 27452.7507024293
194 27452.6998351723
195 27452.6333813273
196 27452.6217093711
197 27452.6086995036
198 27452.5084239674
199 27452.4753189071
200 27452.4560840815
201 27452.4061107386
202 27452.3807503651
203 27452.3747008204
204 27452.3583274167
205 27452.2965518531
206 27452.2894327704
207 27452.2348726833
208 27452.1862943753
209 27452.1537915313
210 27452.1411914985
211 27452.1211161694
212 27452.1196046508
213 27452.0942157273
214 27452.0842122973
215 27452.0713963993
216 27452.0505602287
217 27452.0300739769
218 27452.0110480778
219 27452.0008335808
220 27451.9968929246
221 27451.9612380782
222 27451.9419293704
223 27451.9401576625
224 27451.9245644143
225 27451.9198118755
226 27451.9125832544
227 27451.9065254655
228 27451.8864806066
229 27451.8840238196
230 27451.8673627188
231 27451.8654282756
232 27451.8610993147
233 27451.8582048138
234 27451.8502134695
235 27451.8415031866
236 27451.8145694193
237 27451.8042635862
238 27451.8001565477
239 27451.7896180533
240 27451.7852226419
241 27451.7808654267
242 27451.7794252712
243 27451.7698845204
244 27451.7519599533
245 27451.7314452615
246 27451.7258871942
247 27451.7227409336
248 27451.7164000339
249 27451.7132278231
250 27451.712362531
251 27451.7103778178
252 27451.7010478245
253 27451.6895056392
254 27451.6844695752
255 27451.6784689172
256 27451.6735623522
257 27451.6722913657
258 27451.6708679501
259 27451.6690428151
260 27451.6650774346
261 27451.6616202346
262 27451.6586894173
263 27451.6574346632
264 27451.6536809055
265 27451.6522743805
266 27451.651205992
267 27451.6506265253
268 27451.6502359769
269 27451.6405220839
270 27451.6318544367
271 27451.6276468013
272 27451.6237271473
273 27451.6223613286
274 27451.6210135293
275 27451.6205771401
276 27451.6187236617
277 27451.617241052
278 27451.6144883187
279 27451.6141274874
280 27451.6131177123
281 27451.6125591766
282 27451.6110156141
283 27451.6056099995
284 27451.6043722668
285 27451.6026788966
286 27451.6002558155
287 27451.599021445
288 27451.5988006989
289 27451.5976635952
290 27451.5972127169
291 27451.5959986245
292 27451.5947339833
293 27451.5938331075
294 27451.5933335833
295 27451.5930421104
296 27451.5927564886
297 27451.591875762
298 27451.590889017
299 27451.5897017574
300 27451.5894392662
301 27451.5891146456
302 27451.5877178266
303 27451.5871958167
304 27451.5870790195
305 27451.5869256024
306 27451.5851323684
307 27451.5837194573
308 27451.582528514
309 27451.5821914841
310 27451.5812682672
311 27451.581094017
312 27451.5809084972
313 27451.5804388856
314 27451.5802183157
315 27451.5797427747
316 27451.5795868552
317 27451.5793774262
318 27451.5792398081
319 27451.5785219894
320 27451.5772945794
321 27451.5766631974
322 27451.5761160565
323 27451.5759004022
324 27451.5757268338
325 27451.5754106967
326 27451.5747255769
327 27451.5747240985
328 27451.574673185
329 27451.5742387374
330 27451.5741734633
331 27451.574138362
332 27451.5735021959
333 27451.5729343788
334 27451.5727922149
335 27451.5722535374
336 27451.5720457999
337 27451.5719939436
338 27451.5718636982
339 27451.5718341392
340 27451.5717697455
341 27451.5717045411
342 27451.5712233147
343 27451.570934475
344 27451.5707237771
345 27451.570621566
346 27451.5704784572
347 27451.5704332569
348 27451.5704007193
349 27451.5702792661
350 27451.5698850752
351 27451.5698744429
352 27451.5697321615
353 27451.5696645165
354 27451.5696381051
355 27451.5696098492
356 27451.5694940409
357 27451.5694285327
358 27451.5691689567
359 27451.569063508
360 27451.5690156008
361 27451.568950632
362 27451.5689324716
363 27451.5689198938
364 27451.5688398568
365 27451.5688208705
366 27451.5687969253
367 27451.5686780055
368 27451.5685396477
369 27451.5685222439
370 27451.5685069897
371 27451.5684877723
372 27451.5684170017
373 27451.5684128902
374 27451.5682948034
375 27451.5682575692
376 27451.5681844808
377 27451.568174143
378 27451.5681580428
379 27451.5681570136
380 27451.5680815996
381 27451.5680521578
382 27451.5680144022
383 27451.5680033705
384 27451.5679517955
385 27451.5679157522
386 27451.5679020216
387 27451.5678663612
388 27451.5677776641
389 27451.5677670379
390 27451.5677547445
391 27451.5676981326
392 27451.567693554
393 27451.5676858052
394 27451.5676654837
395 27451.5676625319
396 27451.5676425047
397 27451.5676011921
398 27451.5675862672
399 27451.5675793813
400 27451.5675757023
401 27451.5675653545
402 27451.5675351
403 27451.5675100325
404 27451.5674992795
405 27451.5674502346
406 27451.5674447666
407 27451.5674391392
408 27451.5674368917
409 27451.5674157641
410 27451.5674047734
411 27451.5673909115
412 27451.5673816826
413 27451.5673793794
414 27451.5673617603
415 27451.5673589041
416 27451.5673577792
417 27451.5673523208
418 27451.5673328674
419 27451.5673206996
420 27451.567314362
421 27451.567311678
422 27451.5673084392
423 27451.5673066838
424 27451.5672974982
425 27451.5672881988
426 27451.5672679943
427 27451.5672647594
428 27451.5672562559
429 27451.5672517172
430 27451.5672501456
431 27451.5672482843
432 27451.5672431071
433 27451.5672323061
434 27451.5672226879
435 27451.5672180479
436 27451.5672043932
437 27451.5671992812
438 27451.567197458
439 27451.5671959638
440 27451.5671940899
441 27451.5671921817
442 27451.5671895747
443 27451.5671871171
444 27451.5671841499
445 27451.5671801171
446 27451.5671785059
447 27451.5671773974
448 27451.5671770497
449 27451.5671744604
450 27451.567173197
451 27451.5671703829
452 27451.5671700044
453 27451.567167932
454 27451.567166065
455 27451.5671639207
456 27451.567163463
457 27451.5671630142
458 27451.5671614415
459 27451.5671568009
460 27451.5671509677
461 27451.5671479514
462 27451.5671444989
463 27451.5671427921
464 27451.5671418747
465 27451.5671414413
466 27451.5671392098
467 27451.5671372242
468 27451.5671369697
469 27451.5671367168
470 27451.5671360697
471 27451.567133125
472 27451.5671329148
473 27451.5671323424
474 27451.5671314875
475 27451.567128385
476 27451.5671277322
477 27451.5671269933
478 27451.5671264449
479 27451.5671256341
480 27451.5671252626
481 27451.567124344
482 27451.5671214695
483 27451.5671206268
484 27451.5671193847
485 27451.5671189566
486 27451.5671159287
487 27451.5671159122
488 27451.5671151289
489 27451.5671150413
490 27451.5671143762
491 27451.5671121185
492 27451.5671116175
493 27451.5671114594
494 27451.5671096039
495 27451.5671086538
496 27451.56710824
497 27451.5671080412
498 27451.5671077162
499 27451.5671058031
500 27451.5671046705
501 27451.5671042168
502 27451.5671026237
503 27451.5671023739
504 27451.5671020795
505 27451.5671019676
506 27451.5671018871
507 27451.5671017135
508 27451.5671000511
509 27451.5670989616
510 27451.5670981959
511 27451.567096531
512 27451.5670961773
513 27451.5670952525
514 27451.567095104
515 27451.567094753
516 27451.5670944563
517 27451.5670944038
518 27451.5670940751
519 27451.5670938799
520 27451.5670937076
521 27451.5670936627
522 27451.5670936425
523 27451.5670934271
524 27451.5670931644
525 27451.5670929275
526 27451.5670927435
527 27451.5670925204
528 27451.56709247
529 27451.567092414
530 27451.5670919713
531 27451.5670919307
532 27451.5670915447
533 27451.5670911838
534 27451.5670907018
535 27451.5670905082
536 27451.5670904577
537 27451.5670904206
538 27451.5670902337
539 27451.567090219
540 27451.5670901193
541 27451.5670900898
542 27451.5670900357
543 27451.5670900013
544 27451.5670898184
545 27451.5670897797
546 27451.5670896628
547 27451.5670895346
548 27451.5670894073
549 27451.567089389
550 27451.5670893684
551 27451.5670893334
552 27451.5670892898
553 27451.5670891967
554 27451.5670891715
555 27451.5670891106
556 27451.5670890522
557 27451.5670890396
558 27451.567089018
559 27451.5670889658
560 27451.5670889308
561 27451.5670889094
562 27451.5670888399
563 27451.5670888247
564 27451.5670887954
565 27451.5670887867
566 27451.567088777
567 27451.5670886274
568 27451.5670886
569 27451.5670885511
570 27451.5670883948
571 27451.5670883677
572 27451.5670883413
573 27451.5670883307
574 27451.5670883219
575 27451.5670882994
576 27451.5670882364
577 27451.5670881949
578 27451.567088148
579 27451.5670881474
580 27451.5670880708
581 27451.5670880609
582 27451.567088056
583 27451.5670880275
584 27451.5670880202
585 27451.5670879685
586 27451.5670879616
587 27451.5670879465
588 27451.5670879374
589 27451.5670879279
590 27451.5670879147
591 27451.5670878733
592 27451.5670878468
593 27451.5670878341
594 27451.5670878312
595 27451.5670878069
596 27451.5670878061
597 27451.5670878005
598 27451.5670877938
599 27451.5670877536
600 27451.5670877354
601 27451.567087708
602 27451.5670876814
603 27451.5670876712
604 27451.5670876495
605 27451.5670876466
606 27451.5670876453
607 27451.5670876407
608 27451.5670876286
609 27451.5670876175
610 27451.5670876161
611 27451.5670876104
612 27451.5670876096
613 27451.5670876061
614 27451.5670875972
615 27451.5670875878
616 27451.5670875803
617 27451.5670875757
618 27451.567087565
619 27451.5670875634
620 27451.5670875588
621 27451.5670875497
622 27451.5670875415
623 27451.5670875398
624 27451.5670875394
625 27451.5670875261
626 27451.5670875217
627 27451.5670875204
628 27451.5670875184
629 27451.5670875037
630 27451.5670874869
631 27451.5670874826
632 27451.567087472
633 27451.5670874715
634 27451.5670874707
635 27451.5670874703
636 27451.5670874676
637 27451.5670874632
638 27451.5670874541
639 27451.5670874466
640 27451.5670874437
641 27451.5670874416
642 27451.5670874376
643 27451.5670874356
644 27451.5670874338
645 27451.5670874324
646 27451.5670874311
647 27451.5670874253
648 27451.5670874248
649 27451.5670874237
650 27451.5670874236
651 27451.5670874226
652 27451.567087418
653 27451.5670874148
654 27451.5670874135
655 27451.5670874134
656 27451.5670874134
657 27451.5670874134
658 27451.5670874134
659 27451.5670874129
660 27451.5670874126
661 27451.5670874119
662 27451.5670874115
663 27451.5670874109
664 27451.5670874066
665 27451.5670874066
666 27451.5670874065
667 27451.5670874057
668 27451.5670874055
669 27451.5670874053
670 27451.5670874052
