time objective
239.248609 13709.5950426523
482.447321 10586.1682298638
737.523693 9446.68632608368
969.049422 8871.2413342097
1183.765095 8584.0850039494
1413.499371 8409.49863981151
1619.753224 8298.73227612141
1815.601022 8227.35684201877
2006.685735 8178.63349964226
2191.776739 8144.24681598137
2370.912907 8118.79421467274
2547.054478 8099.3804554627
2718.859648 8084.53515288907
2890.452567 8072.75947055946
3060.244338 8063.14868102629
3228.501779 8055.45639079073
3394.442329 8048.96956506017
3557.846259 8043.58602451503
3720.924911 8039.0513786009
3883.518965 8035.25236331782
4044.658433 8031.97430432118
4204.318002 8029.22443764472
4363.866635 8026.76912844868
4521.165434 8024.64743288973
4680.238462 8022.79592655863
4838.086511 8021.15852737951
4995.708528 8019.73068179874
5151.961372 8018.4838105872
5333.826839 8015.88474368993
5496.798101 8013.97592688535
5659.613863 8012.44687128441
5822.283375 8011.15187485922
5984.193729 8010.01839414684
6145.655924 8009.02163415609
6305.433705 8008.11822668372
6465.258978 8007.3116985169
6625.799153 8006.57501059642
6786.524128 8005.91052476542
6946.581178 8005.30384886345
7105.841794 8004.74819515766
7263.293253 8004.24309358338
7422.008141 8003.77658761427
7580.347622 8003.33715725814
7739.50097 8002.92518854403
7899.155864 8002.54044993022
8058.797361 8002.1892316775
8215.959424 8001.86477722322
8373.665286 8001.55790545534
8531.760997 8001.27791916774
8690.235477 8001.00821662694
8848.10082 8000.75525235773
9005.136368 8000.51964972123
9162.655182 8000.30012209742
9320.033322 8000.09057623539
9478.111549 7999.89566995314
9635.740323 7999.70882005954
9813.837608 7999.53123065579
9969.157194 7999.36772169574
10161.869926 7999.20683877212
10374.765271 7999.05968840904
10538.20008 7998.92726539662
10698.155173 7998.78535723918
10858.42657 7998.65676441505
11019.256983 7998.53653495399
11177.411021 7998.42206775604
11335.183671 7998.31358800117
11493.524538 7998.2106399857
11652.015318 7998.1138933181
11810.559489 7998.02157993429
11988.944102 7997.93310833508
12155.344328 7997.84896803052
12316.113772 7997.7707444032
12474.307376 7997.69376121079
12631.754367 7997.62007113629
12790.711912 7997.55065156256
12947.405862 7997.4846051014
13104.970196 7997.42026596159
13261.582206 7997.35973106454
13417.42744 7997.30242692927
