time objective
328.046115 15783.0237374863
672.59464 11721.9059372833
1066.385303 10427.9074379173
1401.513803 9809.93786562098
1692.541861 9534.74454716229
1957.58293 9388.29086132789
2269.364325 9287.99031274271
2535.093024 9224.34410011514
2787.846414 9183.65202178068
3031.284884 9155.43865651569
3271.341236 9135.50522560666
3505.105988 9120.74496617481
3734.45396 9109.7794907622
3965.195596 9101.54667165153
4193.619749 9095.07690388858
4420.229086 9089.93285033403
4644.325292 9085.78658684488
4867.051638 9082.48053604373
5087.642605 9079.52949237807
5297.667555 9077.07399853506
5505.858387 9075.01237131509
