time objective
87.2631 30417.8575847258
130.23397 29370.5927353241
173.007013 28118.4556741072
216.054494 27875.2761456259
258.929987 26668.7846373836
301.869482 26207.8384961534
344.51504 25989.0753537417
387.278997 25682.105621614
430.033362 25337.0621123543
472.982283 25040.819936001
515.868392 24756.8049032464
558.674461 24354.9253004868
601.726947 24121.3647686759
644.733241 23938.9887098058
687.595721 23709.3701805819
730.552646 23573.5734622875
816.914463 23402.4789671082
859.745503 23387.1032358471
945.613411 23246.6698167011
988.352099 23177.7418988153
1074.499629 23077.2693020507
1117.582127 22995.6741811067
1160.414237 22974.7475935409
1246.388701 22904.4927006624
1289.257785 22882.8017167521
1332.696386 22863.5238275162
1375.86222 22834.5000375561
1419.252237 22812.6030767755
1462.138513 22788.2473176621
1504.924131 22749.1152549478
1547.875226 22740.080641808
1590.760956 22729.0609425613
1633.901554 22720.9155162896
