time objective
45.271742 30177.7901420316
68.141866 27071.3684893336
89.888997 25095.8918601997
111.184152 24106.9018120288
132.397229 21544.8748268474
153.496999 20379.3676682802
174.389911 19255.6162780342
195.257121 18550.3731288026
216.30287 17497.9511887487
237.094959 16727.6943688819
257.749816 16239.1051827252
278.264842 15722.9427473911
298.576914 14937.9853458096
318.868417 14490.0296987087
339.037346 14131.0283472449
359.321231 13846.549955393
379.597926 13541.1355747483
399.920882 13207.8710076669
420.336804 12860.5507072976
440.629005 12602.8362243215
460.932867 12322.0275728164
481.259513 12106.465444242
501.442903 11892.572660334
521.743444 11642.4041755015
542.040238 11425.8776339539
562.344066 11253.7224819912
582.696862 11120.1007720046
602.987046 11000.9587258705
623.228432 10870.8780440418
643.549782 10746.9238537997
663.735299 10629.5693131736
684.04391 10533.5045686787
704.317381 10456.9508051813
724.56868 10375.4856309673
744.964087 10286.5443923186
765.360137 10210.1232589461
785.578971 10132.5754874604
805.87251 10068.7074097533
826.183278 10008.6992544173
846.46313 9945.56245432568
866.81639 9891.16802566203
887.1029 9833.00351170269
907.517937 9777.3762149121
927.965885 9731.5022907181
948.161512 9692.04071618199
968.500038 9651.00021846018
988.755779 9612.31649343887
1009.085599 9571.65830745689
1029.504135 9533.97884200148
1049.857612 9500.37211943997
1070.41082 9469.34598765855
1090.856539 9436.16081660659
1111.159587 9406.36761580979
1131.432331 9376.37637575824
1151.816843 9345.61363878629
1172.015454 9321.00108940635
1192.339706 9297.24047938833
1212.669266 9273.22268462206
1232.962328 9248.2097714638
1253.413842 9222.73068359941
1273.844275 9197.52410698507
1294.094868 9175.18963336935
1314.394823 9152.37409812251
1334.704995 9131.69166930528
1354.969025 9108.86101698231
1375.31415 9087.65021764562
1395.554488 9067.19263059098
1415.960204 9053.45949936837
1436.45389 9031.01353482481
1456.708691 9017.36860961254
1477.046472 8998.34606473526
1497.362562 8984.09521247804
1517.565492 8967.27916429712
1537.893843 8955.39543155722
1558.218729 8935.95741391342
1578.512967 8924.94332815573
1598.927935 8907.83825146329
1619.356365 8897.04935160775
1639.619672 8882.84024385574
1659.91561 8873.94575228762
1680.206027 8858.95323834737
1700.48863 8849.79540704915
1720.83713 8837.08846599094
1741.078183 8829.81005860669
1761.733068 8816.1291954774
1782.456193 8808.59241342192
1802.882453 8796.66233761971
1823.314913 8790.03528682904
1843.646728 8778.40488353066
1863.858891 8772.9368581602
1884.180872 8761.13907034763
1904.495302 8755.90572169213
1924.793512 8744.66892865286
1945.20962 8739.4113213541
1965.671287 8729.20696752616
1985.949225 8725.49313153322
2006.266012 8714.85820449932
2026.546558 8710.25691651281
