time objective
33.275127 29739.8175050008
53.111545 26840.0030518082
72.961527 25681.0747134043
92.586322 24498.119569429
112.337433 22766.7470807381
132.103727 21362.1288434186
151.776052 20442.8620543347
171.54848 20207.9954765955
191.348085 19251.6698505197
210.913709 18983.0789052421
230.913611 18506.2708510989
250.955597 17744.3951736255
270.39373 17692.3169590351
289.929645 16987.9556060691
309.220715 16426.1639981088
328.630055 15947.0897666023
348.079634 15825.3689804633
367.411355 15695.311051614
386.431737 15478.0401465536
405.228626 15224.2383068566
423.897902 15076.8112958852
442.677913 14815.5974068901
461.435225 14660.3836041268
480.03648 14605.062022447
498.643414 14544.5459317731
517.023647 14196.6915640303
534.92279 14125.237477801
553.414854 13781.3508873392
571.391849 13297.2739673253
589.047434 13045.3190725518
606.432115 12981.3672100713
623.740669 12940.1687694331
640.374966 12881.6780797398
656.881576 12724.5394023708
673.123097 12635.1902428306
689.199281 12539.5054132642
705.28477 12405.9292807944
721.476137 12328.6076491659
737.673235 12301.0584657501
753.152666 12278.9976095446
768.354618 12206.1540084584
783.199639 12045.2958934026
797.820177 11994.3305834268
812.342252 11904.508719541
826.833949 11806.1422681062
841.279819 11714.2964851413
855.813907 11685.2128587565
870.00845 11675.9005493569
884.027279 11664.5627828147
897.899697 11562.7278108973
911.415172 11424.3038951876
924.48932 11301.9375024464
937.469588 11234.8037498669
950.453068 11109.5148115483
963.348724 11045.0605329021
976.136501 11032.1369029054
988.65436 11023.7099177867
1000.961424 11010.6321170975
1013.274497 10972.3205607239
1025.204378 10903.8961362928
1036.83033 10863.1408138452
1048.322117 10835.596430074
1059.915884 10816.8417517313
1071.483321 10778.2401275146
1082.921492 10770.3832603821
1094.342233 10764.6670435451
1105.523444 10722.8203617684
1116.602301 10631.5677609432
1127.415723 10590.4179229408
1138.216827 10589.5989100413
1148.94146 10434.7531169927
1159.56775 10379.8146000496
1170.147184 10366.2063265273
1180.71807 10357.3175811118
1191.142228 10345.6588929269
1201.473096 10328.5267155244
1211.513829 10314.1206982387
1221.46991 10306.9300718719
1231.272296 10291.9432035185
1241.061801 10270.2429599189
1250.772541 10262.5855224962
1260.505403 10258.463669257
1270.100159 10251.8820509962
1279.616848 10208.1332064544
1289.001892 10165.1495388021
1298.491796 10123.0885899545
1308.002027 10080.9856240165
1317.421973 10046.7937540918
1326.845961 10037.53677937
1336.113334 10031.5192202119
1345.391462 10028.7020649885
1354.657362 10017.4772343422
1363.703744 9959.64187659566
1372.435217 9910.48492754346
1381.092867 9870.43349500048
1389.631437 9788.10859548115
1398.008945 9740.54939091853
1406.294004 9717.50761415635
1414.837289 9708.96093413258
1423.072925 9706.13752209147
1431.293258 9697.52063924883
1439.541366 9687.56281942928
1447.66893 9683.79419702048
1455.69198 9681.46998522557
1463.712911 9662.74948289747
1471.771301 9656.45313853501
1479.782412 9654.85355049535
1487.775077 9649.79210110455
1495.816409 9621.45057161715
1503.589513 9615.8280799128
1511.310508 9600.88831972932
1519.006165 9565.88397761511
1526.67234 9548.22764560285
1534.266822 9540.31835835256
1541.86783 9538.06385045183
1549.372373 9535.0053605151
1556.803434 9523.34780240635
1564.166207 9508.04811586101
1571.370184 9499.74926344094
1578.582625 9478.4132098029
1585.740309 9469.63778148994
1592.942242 9464.52283951534
1600.10176 9462.66220341724
1607.199817 9460.32965041777
1614.312074 9455.03898834129
1621.386651 9444.40298963469
1628.380449 9437.23290165743
1635.339077 9429.68994212762
1642.408539 9420.40398154348
1649.385966 9415.3374136274
1656.347795 9413.49853380076
1663.246796 9411.89404576435
1670.239207 9408.85395359354
1677.253194 9383.25828904762
1684.063225 9339.12583404394
1690.658582 9328.86689826353
1697.330162 9287.71856762426
1703.96131 9251.14543348375
1710.456841 9231.5850515463
1716.926371 9226.42506885815
1723.387629 9224.97051448666
1729.83525 9220.610430128
1736.274198 9216.75155454865
1742.561224 9215.1000529505
1748.94282 9205.73335026974
1755.283574 9200.90590695558
1761.660389 9198.71801920088
1767.99227 9197.63631426581
1774.313327 9196.38442353782
1780.663826 9186.97804883786
1786.966783 9170.00413981812
1793.243123 9162.50624219685
1799.434141 9146.69391100124
1805.500159 9141.10900610346
1811.583933 9129.27459633676
1817.625687 9125.82321093356
1823.645193 9125.20379684444
1829.663771 9122.57658874053
1835.662372 9114.7181032225
1841.685444 9107.07501790925
1847.688411 9102.05634209412
1853.633393 9095.09972172743
1859.535219 9090.95224984691
1865.424827 9089.17386832787
1871.259459 9088.19868949994
1877.116454 9086.18520442048
1882.930707 9069.23424056726
1888.691813 9052.91571711967
1894.346088 9043.65998281692
1900.024028 9018.09687081353
1905.630248 8999.73304241539
1911.201859 8997.05213061679
1916.713652 8992.6432859103
1922.232935 8991.76839052291
1927.758131 8988.73598269564
1933.270133 8984.92495016944
1938.796288 8982.17989534354
1944.307372 8978.62690409351
1949.828132 8977.43283596916
1955.332366 8975.22556472006
1960.81743 8974.50760355814
1966.3039 8973.6494400904
1971.68762 8968.31187635972
1977.059813 8956.88544492885
1982.393918 8950.30937455097
1987.770073 8938.61366108454
1993.114498 8925.29861235654
1998.410468 8913.77980044757
2003.685297 8912.11638583964
2008.945486 8911.41336863393
2014.240319 8910.62474121549
2019.512727 8906.06104823544
2024.789444 8902.54716002613
2030.00467 8900.36944893467
2035.184353 8899.93512394136
2040.335541 8893.59204051673
2045.508373 8892.42998035252
2050.678973 8891.82485501212
2055.866786 8890.42457307247
2061.020348 8879.04699964343
2066.115535 8872.00868479648
2071.235617 8865.116994858
2076.396821 8856.12473447329
2081.486394 8850.26405231495
2086.576908 8846.69581757856
2091.583815 8845.88749844951
2096.617751 8844.53930202352
2101.642514 8840.50839034757
2106.627164 8836.42563059535
2111.627287 8832.14898450098
2116.584304 8826.31798117123
2121.52039 8824.5253896286
2126.39714 8823.16338607965
2131.319002 8822.45058748836
2136.200291 8821.33731203344
2141.147204 8815.34690640184
2145.990472 8810.44596644976
2150.810054 8805.72220935754
2155.586022 8796.64403336969
2160.32381 8785.82459824666
2165.07561 8782.89979675844
2169.86763 8782.02891340154
2174.635105 8781.14963079256
2179.403705 8778.45823479065
2184.128929 8776.95621330807
2188.876696 8774.56908144146
2193.593763 8770.46199488658
2198.295092 8768.78614517774
2203.015107 8768.20177521359
2207.692512 8767.73026739224
2212.388402 8765.54393474953
2217.068683 8758.5133639461
2221.717282 8753.47490299094
2226.4359 8749.88375563284
2231.084489 8749.61601978525
2235.738822 8741.1425792865
2240.397422 8739.22311412263
2245.022497 8738.80199417286
2249.643589 8737.86579060743
2254.247138 8733.95568362568
2258.841054 8729.23447718778
2263.397544 8724.49919521837
2267.948465 8720.25073128908
2272.451921 8711.59136902207
2276.946714 8709.37774323311
2281.438386 8708.83363080143
2285.940441 8707.08635013619
2290.438044 8704.31829689736
2294.940706 8702.20314245542
2299.428942 8699.88048903531
2303.921389 8697.46714220202
2308.387788 8696.05018863834
2312.846665 8695.51082202279
2317.299415 8694.97756887428
2321.710447 8691.78610279106
2326.092621 8682.9966875823
2330.462559 8679.54166314903
2334.861023 8673.27958803224
2339.196929 8668.22317724396
2343.55598 8664.16856385989
2347.907441 8662.98097883287
2352.24397 8662.60049397929
2356.586684 8661.06604246193
2360.89617 8658.91098784594
2365.211286 8657.95352709138
2369.604412 8655.50710279662
2373.925183 8653.06020470639
2378.22609 8652.21317837417
2382.507227 8651.90471764805
2386.777809 8650.84664128419
2391.02535 8644.27892484003
2395.256482 8639.017470809
2399.510441 8636.31876909965
2403.804118 8631.46924829385
2408.055628 8628.41390471654
2412.327815 8625.33604428578
2416.558609 8624.82141085184
2420.769697 8624.50887046968
2424.977959 8623.18063650221
2429.169083 8620.13497027581
2433.350114 8617.67578657894
2437.563696 8616.99001834161
2441.719276 8614.09669762991
2445.85501 8611.68530319914
2449.988868 8611.12477314708
2454.091801 8610.7370350352
2458.208406 8609.27957333953
2462.341679 8604.20139753662
2466.451602 8601.31678284982
2470.625618 8598.59577846881
2474.731195 8597.67391746632
2478.823285 8593.03993264087
2482.907673 8590.93382492649
2486.9842 8590.61305366084
2491.052917 8590.20603733303
2495.11151 8588.30459390056
2499.140886 8583.93364137031
2503.152576 8583.19498561096
2507.217363 8579.22050401568
2511.237595 8576.37680325362
2515.237573 8573.69615257714
2519.298483 8572.87055383773
2523.329582 8572.59309174351
2527.317847 8571.70242903487
2531.338927 8569.11127784975
2535.299358 8566.97974998214
2539.311072 8565.73308888979
2543.344626 8563.2794150849
2547.327979 8562.45578610008
2551.30196 8561.96022626934
2555.246993 8561.64740376904
2559.170994 8561.27973835771
2563.090056 8558.79249273981
2567.006132 8550.70357408775
2570.919535 8547.37079334471
2574.875262 8543.33915296384
2578.779737 8543.25053613279
2582.66765 8537.31854336321
2586.558695 8535.63515167594
2590.437625 8535.33177035915
2594.303205 8534.73548034218
2598.172818 8533.01304204218
2602.025863 8532.51998501302
2605.883421 8532.41275364546
2609.736428 8530.84294547044
2613.567021 8526.01217622549
2617.380352 8525.32234511648
2621.193436 8525.08509408644
2625.003624 8524.46638398581
2628.795239 8521.50313124314
2632.588874 8519.68808730436
2636.392499 8515.92040402922
2640.172342 8513.77558518127
2643.922434 8507.60100734666
2647.7279 8504.36883651893
2651.45842 8503.90060119473
2655.214218 8503.58780108477
2658.972948 8502.49306766735
2662.737938 8502.23783236601
2666.478222 8500.9428823467
2670.176935 8500.92105328188
2673.880732 8498.48253219933
2677.572673 8497.5891617133
2681.280956 8497.42200298628
2684.984991 8497.03190761627
2688.672775 8494.17657059912
2692.391117 8491.60621943724
2696.135596 8489.97914104855
2699.868232 8488.66069820751
2703.558749 8485.93379714597
2707.241447 8484.74998047938
2710.924613 8484.5141017699
2714.597117 8483.66129061053
2718.291808 8482.47671000543
2721.984258 8481.66586360756
2725.657403 8480.00779600519
2729.304429 8479.24011775156
2732.924213 8478.64278942856
2736.55051 8478.42641773955
2740.157865 8478.18750209815
2743.76296 8477.33871327509
2747.375289 8473.45502071805
2751.001522 8470.20409369914
2754.666364 8468.78545275444
2758.305005 8464.92293741058
2761.916751 8462.61961843293
2765.524946 8461.98483645326
2769.136828 8461.68832769892
2772.735091 8461.37745778111
2776.324188 8460.12890761476
2779.907828 8456.89048012668
2783.503838 8455.18807111974
2787.058824 8455.1473316278
2790.61736 8452.52880612503
2794.175272 8451.19213753578
2797.714158 8450.81125708241
2801.263063 8450.5640525572
2804.791711 8449.98782906568
2808.338202 8447.94346780051
2811.886475 8447.2751145334
2815.43677 8446.17839435435
2818.988726 8443.82415513973
2822.51534 8442.89187011965
2826.023236 8442.56028819522
2829.571361 8442.2948808837
2833.103277 8441.2621566914
2836.632354 8439.08535828661
2840.149598 8437.72534465011
2843.64807 8437.52689559652
2847.107746 8434.52057285403
2850.56433 8433.0642220127
2854.03408 8432.66113630168
2857.488655 8432.51146541985
2860.957715 8432.23941306958
2864.423597 8429.72399037318
2867.928375 8427.51576595107
2871.439272 8426.14997161034
2874.921323 8424.37923411259
2878.383903 8423.07028519294
2881.878865 8422.28158577167
2885.356775 8422.07361064537
2888.804937 8421.7899438711
2892.257306 8419.74131562352
2895.687909 8417.95552650493
2899.130382 8416.0353448782
2902.529203 8412.5878971591
2905.918277 8411.18526868861
2909.282864 8410.1578663181
2912.653365 8409.95569314811
2916.023254 8409.77050002559
2931.735101 8409.63094398701
2935.194691 8409.49343851785
2938.654723 8408.9380012379
2942.115989 8408.77326483714
2945.593866 8408.60507973471
2949.062858 8407.91484860671
2952.526769 8405.47812606728
2956.006985 8403.66145756877
2959.509654 8403.12659445981
2962.997688 8400.61515227277
2966.492619 8398.02640561337
2969.939888 8397.50437059669
2973.362918 8397.25292647784
2976.800992 8396.63671598112
2980.265083 8394.93019744403
2983.76037 8393.75636134346
2987.246904 8392.77922807011
2990.733265 8391.16731590996
2994.2036 8390.19068911449
2997.665967 8389.81954876498
3001.09744 8389.66582177773
