time objective
78.177999 29739.8175050008
162.765683 29699.5147707845
238.754413 27192.9354831467
322.732631 25081.4144780321
406.435406 23904.7978744264
482.257306 23418.5752605205
565.967111 22686.9158086167
649.824296 21985.1601932062
725.501399 21621.775483637
809.380408 21263.9063039063
885.087156 21109.7816718193
969.02384 20699.4202758879
1044.828671 20673.4674513726
1128.68867 20227.8654704776
1212.617273 20027.3900680274
1288.398121 19919.3976628031
1372.335897 19750.5439392367
1456.102962 19503.3474797469
1532.096849 19446.9622552361
1615.868145 19183.3770400217
1699.722379 19055.481060685
1775.538248 19019.699493633
1859.414595 18887.557706189
1943.236696 18672.8402656876
2019.220064 18656.5510332879
2103.014825 18432.1256635109
2186.584149 18329.5589372018
2262.038672 18311.0218934382
2345.464561 18196.1997026903
2428.913172 18030.3015651411
2504.369075 18024.6805496756
2587.904615 17839.6613544804
2671.171505 17755.618125517
2746.910351 17736.3353538019
2830.264436 17637.5536598539
2913.825954 17512.8582942873
2989.291937 17505.4176806017
3072.798514 17356.4786392168
3156.192711 17286.6607477884
3234.623554 17263.6727948077
3320.222098 17179.1230468
3404.96328 17083.8677272264
3481.332864 17070.0119874062
3565.904875 16951.8785883755
3650.367522 16893.1244153508
3726.737772 16865.6531983677
3811.469365 16793.6294250439
3895.689728 16719.7814614668
3972.522993 16698.0916115123
4056.537426 16605.7176422733
4141.283442 16555.9036046389
4217.253312 16523.5330324555
4302.09747 16462.8697182673
4386.132004 16405.1454517472
4462.69022 16375.7201492294
4547.009057 16304.653688684
4623.312258 16302.2427713024
4707.735207 16209.3917725959
4792.047365 16165.2362707326
4868.668281 16141.1780253629
4952.875498 16086.6517981296
5037.409329 16037.1587054795
5113.636526 16010.8452585573
5198.377271 15951.3316775586
5274.490422 15944.6366178809
5359.214382 15869.4687783744
5443.190536 15832.026664619
5519.804494 15806.5099666137
5604.100713 15760.9058484969
5688.619469 15721.5343946185
5765.127231 15692.2272872822
5849.29203 15646.4671953648
5926.080275 15630.1434451703
6010.234511 15574.6153844012
6087.090125 15572.1156518037
6171.137679 15505.3011718905
6255.870312 15473.1277904134
6331.973671 15450.0335995938
6416.696738 15411.3344646741
6500.747654 15379.2661106668
6577.510796 15350.8978555326
6661.618159 15314.8778062941
6738.200581 15294.5493890421
6822.596262 15252.8285280078
6898.962365 15241.125785722
6983.454446 15192.7956087401
7059.645237 15189.6356399643
7144.399501 15134.4486157849
7228.456446 15107.6438627415
7305.355378 15085.4150970442
7389.359091 15054.0693196225
7466.277051 15047.6142128601
7550.332905 15006.7917352228
7634.991363 14975.3785528142
7711.093907 14956.770896013
7795.652607 14922.417718504
7872.012822 14909.1391858327
7956.432276 14870.927689686
8032.794943 14862.6448800713
8117.117549 14820.7008723315
8193.622789 14816.8885677117
8277.849036 14771.6030642557
8354.559679 14771.4828271461
8438.499027 14723.5412858604
8523.267642 14701.309928423
8599.308925 14681.8568861996
8684.040067 14656.5978832693
8760.13822 14645.7679589252
8844.74337 14614.9269274165
8928.857312 14592.2831398374
9005.437247 14571.9574588645
9089.763314 14548.1998713779
9166.187207 14530.1439018405
9250.53785 14505.1154012465
9326.787729 14489.132736104
9411.315026 14462.9579373799
9487.477825 14448.8452395705
9572.193332 14421.6780860635
9648.178978 14409.1762021366
9732.997307 14381.2254438905
9809.056592 14370.0493331915
9893.774265 14341.5621525771
9969.84748 14331.4228550314
10054.404275 14302.6549737139
10130.509359 14293.272120907
10215.04431 14264.4778670904
10291.417503 14255.5943719134
10375.824347 14227.0122223314
10452.160273 14218.3862611585
10536.547187 14190.2231296652
10613.198386 14181.6376951494
10697.312549 14154.104770644
10774.111367 14145.4007748612
10858.076192 14118.6442647417
10934.950133 14109.6878589783
11018.978668 14083.8277612617
11095.716873 14074.5110884115
11179.799326 14049.6393384568
11256.435509 14039.8760866197
11340.760627 14016.0532625464
11417.278958 14005.7902506882
11501.719888 13983.0577045036
11578.042477 13972.2757185285
11662.607695 13950.6476724045
11738.813746 13939.3333300751
11823.638427 13918.8026863682
11899.640978 13906.9634360929
11984.486379 13887.51838593
12060.636571 13875.1487621949
12145.367214 13856.7700200111
12221.479032 13843.8897942184
12306.037277 13826.5451567955
12382.261317 13813.1808645128
12466.786794 13796.8352761492
12543.211697 13783.0114035197
12627.626036 13767.622642536
12697.935622 13765.9905253479
12786.507453 13725.869062503
12873.784342 13711.4515174581
12955.07771 13698.8788655331
13045.055288 13684.0514179269
13126.219982 13672.5100882348
13222.513978 13657.1271521402
13312.087522 13646.488759673
13402.973431 13630.6307606701
13481.86822 13620.8794887188
13574.923194 13604.5514894051
13653.575353 13595.6958743852
13738.682028 13578.8769919972
13816.35245 13570.9371346349
13900.842695 13553.6020162799
13978.704764 13546.6004994047
14063.203156 13528.7122937951
14140.880453 13522.6774916605
14226.202684 13504.1987995817
14302.93524 13499.1540674099
14388.72625 13480.0552135467
14465.480024 13476.0249724183
14550.557675 13456.2683571965
14628.02853 13453.2741168133
14712.710644 13432.8293055477
14790.630077 13430.8865816219
14875.814075 13409.7265603035
14954.817929 13408.8526073952
15043.965829 13386.952005066
15128.688476 13374.536601336
15197.752288 13371.3511648723
15283.662802 13340.6059530154
15360.383477 13339.7271952158
15446.349213 13316.83199977
15523.139265 13311.7739243841
15608.390938 13293.8488652399
15685.788711 13286.0766938649
15770.719258 13271.4603335974
15848.506868 13261.8503642542
15933.089385 13249.5583018959
16002.238826 13246.7465554481
16087.655681 13217.9289270849
