time objective
157.884135 30728.1161670601
349.613886 28929.0682756056
507.134899 28789.807118747
680.036338 28207.2405138917
852.906223 27370.5885591889
992.936367 27318.2442903487
1165.934219 26964.6739259599
1355.570976 26676.4938067922
1528.425883 26548.8147510087
1685.183734 26504.3012135191
1857.772407 26351.9180575907
2012.358333 26336.1267145891
2182.589703 26191.8287067022
2336.669457 26186.8190023063
2507.026856 26055.5701501062
2660.949764 26045.8024702732
2831.270682 25936.8357098309
2985.406245 25917.8943988035
3155.604938 25831.8302114671
3309.673956 25801.8415902394
3479.932022 25738.3211368948
3633.978414 25699.853836885
3804.223926 25655.9062191317
3942.461833 25606.7387446455
4112.818037 25547.7738185554
4245.85565 25529.8852410132
4409.13171 25457.0938656184
4556.991698 25431.1566483027
4720.288746 25396.577028155
