time objective
1.355591 30036.6374585255
2.625228 29683.3641380912
3.957789 29372.1470428135
5.345904 28933.8861437895
6.78467 28643.1347605075
8.27631 28374.2485622187
9.823176 28109.731948711
11.478416 27875.2458833302
13.208554 27497.9055717636
15.071791 27078.2986675713
17.073478 27013.4504630244
18.947572 26598.8659565409
20.970185 26012.2766020233
23.08872 25844.8564550845
25.235058 25767.4807743552
27.427232 25675.7238798578
29.640591 25472.61890597
31.917069 25279.1813403088
34.263837 25168.4475796823
36.593418 25080.761185782
38.948426 24996.5353997862
41.343883 24954.4034751532
43.735308 24923.9791013985
46.217136 24834.421959682
48.722166 24622.2927408047
51.302135 24558.2184588177
53.863543 24445.5143972454
56.378463 24375.8318043065
58.940138 24360.2524701121
61.548639 24347.4705671952
64.164843 24309.3914745097
66.641729 24201.3347977496
69.286075 24175.7102847107
71.970711 24109.4969313709
74.635752 24036.4308958208
77.242697 24001.9532217323
79.855284 23993.0234867458
82.481097 23984.9984501365
85.074614 23964.4201370151
87.636151 23908.5768037179
90.193835 23905.3326290455
92.763197 23854.3005448359
95.299909 23776.2531529744
97.795114 23739.689540091
100.226555 23722.8741871647
102.649271 23719.701254029
105.043667 23709.8774188659
107.433711 23681.7723253714
109.817548 23669.5985031097
112.263801 23663.5555663072
114.610147 23645.0963366165
116.997402 23628.6094650114
119.326769 23625.0967834559
121.650132 23618.8653917729
123.926905 23597.0457568115
126.212983 23592.6389967071
128.519002 23571.9194631366
130.735381 23549.6924979678
132.978058 23518.3274097433
135.191042 23511.14861971
137.37565 23509.1934084584
139.584214 23505.6541046959
141.741622 23483.2443981175
143.939717 23462.034012852
146.164589 23448.5006985248
148.327873 23436.0503663637
150.50249 23429.6365773809
152.638057 23425.412137972
154.756556 23423.8293444444
156.872441 23413.8999717807
158.972799 23387.146331904
161.105364 23374.6552308179
163.213488 23366.7111118827
165.252754 23352.7519721941
167.308742 23341.0995036089
169.327117 23338.9586709836
171.358744 23336.9828677813
173.37543 23327.1252640546
175.396393 23314.4975731422
177.442991 23308.8372315387
179.482042 23304.7014834711
181.530801 23286.3888915474
183.519402 23276.6399384576
185.505013 23274.8346292858
187.474991 23273.5388496163
189.445709 23265.5985993231
191.392117 23244.9763099759
193.383471 23233.7295050381
195.314455 23232.0259013734
197.257197 23219.3997791317
199.160909 23204.3389992296
201.025493 23202.2744809846
202.883772 23201.1882129001
204.734833 23198.1808108672
206.612096 23190.7065075296
208.486985 23184.775823758
210.388519 23180.019802035
212.255422 23179.8146154791
214.122484 23171.8960129336
215.971669 23169.1060856663
217.809229 23168.4329836576
219.647178 23165.806574349
221.425218 23151.0545902403
223.271398 23142.677814775
225.145055 23135.442298926
226.97591 23123.5656915288
228.791447 23117.6086393736
230.611023 23115.0690762402
232.410239 23114.2113961436
234.215063 23111.2445894642
236.000051 23104.7546689304
237.82626 23103.4411252758
239.574169 23101.040951965
241.312407 23097.3202488229
243.045396 23094.4605709041
244.789046 23093.6342186652
246.517247 23092.7127473631
248.271165 23082.6793127269
249.993338 23054.7478398183
251.741802 23053.1606647297
253.467906 23049.4710822875
255.16162 23028.1846714987
256.872568 23014.0244882088
258.541726 23012.294072053
260.212037 23010.7140851594
261.881635 23008.1494027426
263.553955 23006.2029217016
265.250919 23004.2064930834
266.926692 23003.4599284856
268.61369 23000.6850424952
270.288879 22999.8521693868
271.965488 22999.2426493392
273.64378 22997.4469772601
275.314909 22992.1072405469
276.998654 22990.5023407038
278.681909 22988.58760066
280.335674 22983.1275667918
282.00529 22978.4483560178
283.638092 22977.164474474
285.261558 22976.8782690562
286.908909 22975.1158687621
288.536814 22969.2258078486
290.180051 22967.1245041951
291.841225 22962.7319780387
293.451994 22962.3520034802
295.093273 22955.1564936291
296.712035 22953.5411368255
298.324544 22953.1765523676
299.895763 22951.8798028691
301.462744 22946.7165119297
303.059034 22942.7814828296
304.669534 22942.7421649916
306.282035 22936.4241825263
307.880049 22931.446168715
309.469914 22930.2769905266
311.05398 22929.8102333998
312.642832 22928.9162027467
314.223405 22925.671557933
315.793297 22923.9307679861
317.402393 22921.0354526683
318.9828 22914.6687410145
320.544105 22910.6228323842
322.107236 22909.5800749936
323.646395 22908.9962181471
325.20777 22907.8048052015
326.747165 22905.0707187005
328.301992 22902.6939526181
329.861251 22901.0334101276
331.425131 22898.4153613923
332.958762 22897.0965555208
334.492804 22896.6153776702
336.027956 22896.1163870921
337.561742 22895.1721261773
339.093741 22892.8000225275
340.644377 22891.0040119275
342.198502 22890.3664439576
343.729043 22888.7608558899
345.280051 22886.1691370034
346.830978 22885.3608062843
348.387634 22885.1016885173
349.954604 22884.0369766723
351.516159 22875.6436283451
353.108885 22871.2287851938
354.700838 22868.5434651889
356.273767 22865.9484876211
357.826315 22861.9160376904
359.377066 22861.0757431548
360.923224 22860.6508771264
362.458999 22860.346514351
364.021801 22859.1386644969
365.54768 22856.0414580256
367.077097 22855.9282974923
368.627594 22853.5594753863
370.093061 22849.4076461304
371.586449 22848.2996279979
373.075466 22847.7047718388
374.566682 22847.4972458276
376.058879 22846.0053918139
377.547006 22843.135589111
379.053028 22841.8853796757
380.572522 22840.1119371759
382.05775 22838.1783373898
383.558637 22835.3909617661
385.041627 22834.7955053258
386.522875 22834.6140642773
388.006763 22833.8710062173
389.487517 22832.2934461539
391.017293 22831.5566155808
392.55282 22829.8669767668
394.069358 22827.7882527057
395.577693 22827.1574718861
397.080984 22826.8957240986
398.593278 22826.6008329595
400.100861 22824.8801664892
401.589281 22821.4093210499
403.148294 22819.7377840103
404.668357 22818.3050753788
406.155582 22814.9027066514
407.636092 22813.0787246428
409.108689 22812.7307519601
410.583544 22812.5187657989
412.054875 22811.7280019591
413.530386 22810.3401136766
415.026235 22810.2484423215
416.52605 22808.2532303246
417.999626 22806.7885907293
419.461044 22806.4602371475
420.937112 22806.241973065
422.433922 22805.7559973656
423.920286 22803.5789726432
425.395213 22801.5136571705
426.9335 22800.0269723688
428.451031 22798.5959186673
429.928674 22797.6236509492
431.410839 22797.1794339857
432.904347 22796.9422681179
434.405956 22796.6050772993
435.925199 22796.533388943
437.428903 22795.383067166
438.949445 22794.8847428922
440.443478 22794.4284894419
441.959913 22793.7578154775
443.459194 22793.1498748593
444.954106 22793.0406829225
446.45012 22792.8336764364
447.95373 22789.5646889702
449.46722 22786.2448742738
451.001024 22785.0411182733
452.533105 22782.1165450036
454.020751 22778.8152489428
455.501993 22777.8248044081
456.983906 22777.451995872
458.467295 22777.2889426938
459.951684 22776.8519633129
462.292407 22776.8519633128
463.787939 22776.5098196944
465.281873 22775.3662828096
466.793911 22774.5242640242
468.302941 22773.9030804542
469.806665 22772.6119025093
471.290234 22772.0054218837
472.746985 22771.7861747543
474.210839 22771.5546699268
475.6874 22770.4623075902
477.16543 22767.4788493255
478.687475 22766.0118857983
480.200024 22764.3098238429
481.666822 22763.3144064814
483.13781 22761.9299347427
484.607592 22761.6317026072
486.07742 22761.5085136553
487.546454 22761.2865432411
489.013689 22760.2919314908
490.509575 22758.7204403513
492.0405 22757.8163524193
493.545563 22756.2804535599
495.029487 22755.0302987441
496.509812 22754.398534318
497.99575 22754.233158054
499.475561 22754.0418473853
500.901841 22753.1855904532
502.342002 22752.7844571701
503.803634 22751.8464419163
505.242908 22751.3437088247
506.693476 22749.9842352917
508.142756 22749.6433543003
509.583835 22749.5381930598
511.024046 22749.4380018188
512.460239 22748.2376209969
513.917077 22746.5845551435
515.402154 22746.0424110455
516.873331 22745.1688258939
518.317739 22744.0625035793
519.79527 22743.3490266588
521.24726 22743.1625925542
522.697291 22743.0178276473
524.146912 22742.4545744146
525.595946 22741.4224708339
527.06236 22741.191702935
528.532363 22740.3237556292
529.981643 22739.5466396483
531.426932 22738.7799808163
532.876184 22738.6632538126
534.312492 22738.5695674225
535.745387 22737.8892205664
537.177128 22737.6889951583
538.654046 22736.9731496058
540.111384 22735.2290734892
541.542684 22734.2806240051
542.973267 22734.1183902642
544.404991 22733.9573588927
545.835167 22733.3557558004
547.269831 22733.1539879766
548.715504 22733.0059387187
550.14017 22732.9177126617
551.564768 22730.8623716899
552.982314 22730.4888092429
554.395026 22730.3851878339
555.821208 22730.3140332253
557.233862 22729.7799389207
558.674386 22729.3050454089
560.142059 22728.7124625288
561.588894 22727.8329153551
563.020386 22727.4218035605
564.45373 22727.2580132896
565.889846 22727.1611720104
567.324849 22726.9291657944
568.761521 22725.2685656879
570.218903 22724.2486551137
571.696473 22724.0388593369
573.148738 22722.2818202148
574.583431 22721.3584948792
576.010417 22720.8649840967
577.433354 22720.7691194827
578.859112 22720.6029756435
580.282066 22720.0026633728
581.702517 22719.1410294922
583.163068 22718.7279874373
584.605065 22717.7243135394
585.980716 22716.8391523814
587.342883 22716.5807224246
588.743969 22716.4762496051
590.129077 22716.0918945523
591.511563 22715.7217439579
592.915826 22715.508156729
594.324844 22714.5241776079
595.718096 22714.2860446317
597.093465 22713.9564268965
598.498598 22713.8868792757
599.879781 22713.777713325
601.259756 22713.0956043243
602.677117 22712.4280738295
604.094411 22712.1550199577
605.514374 22711.6145390177
606.913186 22710.8347634036
608.313046 22710.5479687261
609.712331 22710.4525460886
611.108743 22710.3795304662
612.505878 22709.677956416
613.900914 22709.1261695543
615.341821 22708.6782333011
616.764136 22706.9914542538
618.153658 22705.8834540332
619.533104 22705.6086491097
620.913826 22705.4653770057
622.297945 22705.3987716255
623.68481 22705.037068427
625.066443 22704.6611458118
626.489979 22704.3398273261
627.889122 22703.7354059456
629.263213 22703.4948590808
630.634236 22703.3629942051
632.003971 22703.2868867793
633.376987 22703.0568426333
634.752397 22702.3744169294
636.139481 22701.9185133254
637.578722 22701.412030089
638.947739 22701.227085106
640.316679 22700.8139146856
641.704122 22700.452417538
643.10667 22700.3942558301
644.520432 22700.3354960855
645.939792 22699.8534441439
647.354623 22697.950916921
648.813913 22697.4403302992
650.276371 22696.3914995456
651.694268 22696.2671366748
653.111001 22694.9003242588
654.525319 22694.6781178085
655.938788 22694.6171386136
657.356125 22694.4925548792
658.768517 22694.0308466329
660.19485 22693.5688794138
661.643326 22693.3523116022
663.047012 22693.281984977
664.458727 22692.8397597848
665.856038 22692.718996326
667.193342 22692.65934538
668.527383 22692.5341352935
669.872757 22691.5477111481
671.242344 22690.956307142
672.641559 22690.6409156439
674.014263 22689.4009898714
675.361283 22688.8942698067
676.733696 22688.6787048539
678.086237 22688.6024847871
679.446728 22688.4903438003
680.817715 22688.1247723411
682.193435 22687.929084618
683.589121 22687.7545284985
684.984608 22686.9191292164
686.365955 22686.5737234836
687.747847 22686.4686949599
689.129937 22686.4082923355
690.509517 22686.3066747746
691.890785 22686.0085623705
693.271691 22685.7853339761
694.699132 22685.5038867466
696.109515 22684.8258858152
697.494065 22684.5797869852
698.878812 22684.491162465
700.264938 22684.4304770133
701.64514 22684.2666546755
703.019661 22683.5664593502
704.415371 22683.0161709535
705.828326 22682.6512661381
707.215036 22682.065891241
708.577997 22681.6734156491
709.937891 22681.5561252897
711.297716 22681.4965446116
712.656054 22681.3142270552
713.972846 22680.8449925515
715.348403 22680.4742792136
716.747789 22680.4566374651
718.077617 22680.2399820396
719.419951 22679.5498358953
720.769544 22679.3995524442
722.121727 22679.3629962496
723.476935 22679.2566618961
724.832484 22678.550739897
726.209803 22677.9569506427
727.613017 22677.893963561
728.992798 22677.0491612996
730.368439 22676.6633536392
731.748793 22676.4766981963
733.130361 22676.4246546056
734.512015 22676.3575474019
735.894901 22675.9967714162
737.273117 22675.8507727018
738.699035 22675.5582438878
740.106628 22674.802861898
741.489424 22674.4307517715
742.871462 22674.30319156
744.237251 22674.2513709152
745.601662 22674.1433967654
746.961589 22673.8321347481
748.341521 22673.5513659595
749.721575 22673.3477387425
751.087417 22673.283265885
752.447514 22672.9772975432
753.801617 22672.834977779
755.183752 22672.8042802304
756.539813 22672.7060199975
757.89804 22672.0546740806
759.276394 22671.4427875728
760.660367 22671.3420462616
762.036151 22670.7552199711
763.389993 22669.9505691305
764.740836 22669.7667020734
766.093665 22669.7186865645
767.443917 22669.6333660792
768.795231 22669.2131956819
770.179674 22668.8327202756
771.564625 22668.62180664
772.953173 22668.3957754021
774.309093 22667.8112076864
775.668521 22667.6710675041
777.044881 22667.6197237061
778.420192 22667.5324413816
779.797801 22667.2697913228
781.177155 22667.1226316063
782.598379 22666.8175572031
783.989566 22666.2908001508
785.361106 22666.137195389
786.715307 22666.0531215645
788.069657 22666.0116901282
789.42051 22665.9171635752
790.774042 22665.4121737828
792.129306 22665.3994746722
793.522204 22665.3452283112
794.917813 22663.7336925395
796.257074 22663.0261796291
797.559416 22662.8768294676
798.870845 22662.7130154921
800.179015 22662.6809485846
801.505424 22662.549874027
802.832475 22662.4619854294
804.186754 22662.3298608168
805.521054 22662.2439775972
806.856402 22662.0413282114
808.194794 22661.9782147808
809.528128 22661.9542932409
810.863452 22661.8559107233
812.210937 22661.1788454592
813.600633 22660.8649461526
814.991149 22660.5986855065
816.364259 22660.2684766769
817.710813 22660.0883392201
819.056587 22660.0054097056
820.404197 22659.9629787263
821.749996 22659.9336233348
823.089629 22659.8268194163
824.428979 22659.3893447004
825.785997 22659.3221284355
827.16263 22659.0032908595
828.481738 22658.7706109702
829.810401 22658.3275274424
831.13631 22658.2664866839
832.455352 22658.2338365125
833.799661 22658.1024767556
835.124988 22657.6908660026
836.489663 22657.4460263424
837.833351 22657.4324005403
839.17926 22657.0615826525
840.505397 22656.8869831033
841.827886 22656.8433075934
843.152257 22656.7889065517
844.481631 22656.6556008073
845.805014 22656.4952901058
847.153601 22656.3743002901
848.499553 22656.1148061357
849.825041 22655.9915032385
851.151249 22655.9254025226
852.477311 22655.8947624081
853.819888 22655.8514373956
855.16204 22655.5012985926
856.50953 22654.9683410043
857.894742 22654.9458014193
859.260066 22654.2168564846
860.599019 22653.3352815797
861.932876 22653.0417381445
863.2661 22652.9753953245
864.598373 22652.9427237205
865.924567 22652.8380271451
867.247306 22652.7195442626
868.595388 22652.5812308473
869.935592 22652.4638409227
871.247625 22652.3695768298
872.512535 22652.3002358029
873.81346 22652.2773757113
875.102729 22652.1830650339
876.399429 22651.7537797254
877.720909 22651.697563532
879.064015 22651.4448811668
880.365076 22651.0533861547
881.666679 22650.6866457258
882.965166 22650.5875377442
884.266867 22650.5646553064
885.56965 22650.5081784762
886.873656 22650.2612466328
888.196694 22650.0778178967
889.523598 22650.0135338441
890.847452 22649.7395179956
892.151154 22649.5423118135
893.455884 22649.4829106525
894.757426 22649.4592325666
896.070683 22649.4190217462
897.384526 22649.1573519177
898.698241 22648.9558418021
900.07532 22648.7424033895
901.407407 22648.3303376202
902.715895 22647.7267723944
904.020537 22647.6150370482
905.323634 22647.5758862572
906.623666 22647.5026843322
907.920838 22647.4042547084
909.253422 22647.3194476158
910.583891 22647.2308128376
911.871143 22647.1794942863
913.185145 22647.1360240288
914.477293 22647.0946805602
915.769825 22647.0667581297
917.063518 22647.0381265587
918.359488 22646.9071252604
919.655561 22646.415133983
920.997065 22646.4099154295
922.31542 22646.2351698576
923.613269 22645.7805271222
924.909664 22645.5064501927
926.207561 22645.469663145
927.503767 22645.4471302597
928.802766 22645.3526169026
930.101283 22644.8998421526
931.43445 22644.7775255735
932.805747 22644.5832914498
934.157948 22644.0602105191
935.4837 22643.7595365648
936.816516 22643.6929478169
938.154892 22643.6641224288
939.494603 22643.5909135498
940.827717 22643.4645220051
942.181768 22643.3648957174
943.532757 22643.3364313442
944.862293 22643.1773643355
946.186316 22643.1064865966
947.517003 22643.0859860488
948.84774 22643.0641660927
950.159451 22642.8868138349
951.467594 22642.4142328088
952.824766 22642.2450105828
954.1723 22641.8887169229
955.475621 22641.4812785849
956.762437 22641.3090644898
958.040484 22641.2684774749
959.337736 22641.2450035403
960.635646 22641.1806340791
961.934715 22641.0768854085
963.255858 22641.0159020393
964.588845 22640.8773830234
965.906491 22640.8062843279
967.227762 22640.7562130206
968.548944 22640.7361629483
969.867971 22640.7129687177
971.190113 22640.5165206423
972.514146 22639.9428456237
973.905087 22639.7809980203
975.253327 22639.773354202
976.577039 22639.0625834335
977.902263 22638.7330290753
979.230447 22638.6510721685
980.557451 22638.6333673784
981.89314 22638.5877705803
983.235136 22638.516313909
984.603796 22638.4435071925
985.993944 22638.3967327197
987.340122 22638.355990929
988.688159 22638.3159392646
990.03067 22638.3013298133
991.402249 22638.2637753088
992.744353 22637.8816410682
994.106622 22637.4870773909
995.513709 22637.314037485
996.873437 22637.1036949485
998.209435 22636.8072673482
999.522358 22636.6568522215
1000.840221 22636.6133695378
1002.173842 22636.5977371187
1003.510357 22636.5303037122
1005.405283 22636.5303037121
1006.742998 22636.4689117727
1008.068946 22636.4452496972
1009.412068 22636.3553432409
1010.745041 22636.2945467457
1012.078175 22636.2579183248
1013.413843 22636.2447180955
1014.748948 22636.2172426336
1016.084399 22636.0276512401
1017.439649 22635.9355912382
1018.812206 22635.7897223333
1020.177505 22635.6405160156
1021.531009 22635.504920543
1022.882693 22635.4800032789
1024.232676 22635.461396327
1025.580804 22635.4484307897
1027.610506 22635.4484307897
1028.955006 22635.2237096617
1030.299696 22634.6871269631
1031.745383 22634.4929930615
1033.140976 22634.1643166228
1034.489379 22633.8418871712
1035.844084 22633.6463907562
1037.194065 22633.5965700623
1038.532266 22633.5729741245
1039.870472 22633.4776419206
1041.260673 22633.4286414694
1042.665887 22633.3825138926
1044.048678 22633.3575868356
1045.429725 22633.3170122401
1046.810487 22633.2977483567
1048.171167 22633.2865858451
1049.528617 22633.2496817386
1050.857159 22633.035305715
1052.204756 22632.937033278
1053.574425 22632.7965256803
1054.926343 22632.5543009846
1056.251781 22632.4775007565
1057.576424 22632.4469646997
1058.899632 22632.4329088274
1060.219667 22632.4015474767
1061.539026 22632.2494275059
1062.980699 22632.2480412655
1064.327841 22632.1460309764
1065.680313 22632.1006249956
1067.037475 22632.0841286053
1068.393412 22632.0665919094
1069.740289 22632.0317701786
1071.113865 22631.9813195904
1072.487431 22631.9400204033
1073.862477 22631.8779460977
1075.214469 22631.8274291819
1076.568263 22631.8114944175
1077.918254 22631.7974634497
1079.271497 22631.7556201602
1080.613723 22631.5264514037
1081.975301 22631.4335207765
1083.364923 22631.3837800381
1084.731373 22631.0432322348
1086.071867 22630.8510664413
1087.41509 22630.7282972997
1088.732496 22630.7040633207
1090.028414 22630.6936144273
1091.361568 22630.628492729
1092.698384 22630.571750315
1094.041538 22630.5217982068
1095.382739 22630.472694157
1096.70608 22630.4411384207
1098.023732 22630.4236253171
1099.336107 22630.4115262165
1100.648191 22630.3954788367
1101.955719 22630.1940865769
1103.28358 22629.9502909516
1104.635428 22629.9429571046
1105.982736 22629.8228687573
1107.306902 22629.3715378266
1108.626115 22629.2634241332
1109.967806 22629.2189013822
1111.289184 22629.2084943077
1112.610474 22629.1798539382
1113.936749 22629.0940413955
1115.280223 22629.0414416179
1116.624762 22629.0145123252
1117.968479 22628.9204014
1119.293188 22628.8669250255
1120.61428 22628.8529277378
1121.931769 22628.8338238081
1123.246686 22628.7476105375
1124.530685 22628.6868194694
1125.869274 22628.6412783619
1127.205649 22628.4422146928
1128.518217 22628.3241611798
1129.831192 22628.2748175977
1131.142415 22628.2623294234
1132.452641 22628.2503825933
1133.765433 22628.1969435787
1135.081042 22628.1372648676
1136.417183 22628.1281110604
1137.754351 22628.0086433451
1139.065754 22627.9194989964
1140.375039 22627.8995972004
1141.681005 22627.8906208846
1142.987559 22627.8564750986
1144.289596 22627.707636182
1145.641701 22627.6546460414
1146.994245 22627.5849376435
1148.305896 22627.523301042
1149.646861 22627.4514877573
1150.959563 22627.4366178715
1152.274461 22627.4267509126
1153.590943 22627.4056345462
1154.911372 22627.321195934
1156.253474 22627.2910900647
1157.598983 22627.2720690121
1158.923379 22627.2386249126
1160.246687 22627.0840098103
1161.561843 22627.0679531023
1162.836799 22627.0591391758
1164.123172 22627.0252193677
1165.407687 22626.8789462576
1166.720418 22626.8354624359
1168.055946 22626.7352004595
1169.366902 22626.5874876932
1170.65787 22626.5193071356
1171.947301 22626.492242189
1173.235155 22626.4816922556
1174.523861 22626.4669345262
1175.817005 22626.4132022961
1177.105632 22626.3580620246
1178.438072 22626.3037055589
1179.746464 22626.2498344958
1181.029069 22626.1966277203
1182.311878 22626.1740550445
1183.591338 22626.1669085342
1184.874986 22626.1316686883
1186.163325 22626.0743785568
1187.461329 22626.0285251747
1188.788086 22625.9910838765
1190.083473 22625.9189826429
1191.379871 22625.8941286436
1192.678334 22625.8801911734
1193.978074 22625.8749762783
1195.27459 22625.8373991719
1196.575914 22625.468504507
1197.921885 22625.3730495528
1199.269177 22625.3676385049
1200.591209 22625.0248561281
1201.900382 22624.8985424947
1203.198355 22624.8641061431
1204.499267 22624.8510866179
1205.794119 22624.8290190258
1207.087656 22624.792195916
1208.403541 22624.7595826753
1209.697223 22624.75202638
1210.990702 22624.7184293188
1212.281154 22624.6774315529
1213.573791 22624.6664136143
1214.866285 22624.6601801224
1216.158552 22624.6520433101
1217.445552 22624.4523658237
1218.751709 22624.1835778198
1220.099721 22624.1116681882
1221.427062 22623.9777510512
1222.703362 22623.8180662374
1223.985518 22623.7637087272
1225.269314 22623.7416708496
1226.546052 22623.7334292294
1227.851299 22623.7087599354
1229.126331 22623.6595960708
1230.426836 22623.623928084
1231.738271 22623.5866480843
1233.051011 22623.5639684479
1234.372681 22623.5304361492
1235.696521 22623.5169919505
1237.021058 22623.5118567211
1238.348459 22623.5029131517
1239.677285 22623.3826890059
1241.008773 22623.2129520861
1242.403393 22623.1720747436
1243.7549 22622.9068185278
1245.084053 22622.7922195818
1246.415416 22622.6848557046
1247.738408 22622.6678113394
1249.055706 22622.6537754698
1250.369497 22622.6208423985
1251.710276 22622.5956949389
1253.050766 22622.5774374469
1254.368932 22622.5651192571
1255.684832 22622.5484420825
1257.015042 22622.5406279768
1258.322622 22622.5316404556
1259.620758 22622.4724045653
1260.933361 22622.4252436697
1262.291698 22622.3872476478
1263.630942 22622.2446116708
1264.946707 22622.1788264187
1266.256707 22622.1507292474
1267.595638 22622.1433226827
1268.904868 22622.1292197816
1270.21182 22622.0534287502
1271.5489 22621.975756174
1272.904846 22621.9373022487
1274.248098 22621.9033476827
1275.573355 22621.8508203681
1276.902166 22621.8240027746
1278.230048 22621.8163242211
1279.561314 22621.8079717959
1280.885391 22621.7660663311
1282.209136 22621.7009906826
1283.581793 22621.6744051478
1284.935079 22621.5759630175
1286.263854 22621.5386125044
1287.595023 22621.5030529457
1288.895893 22621.4952977045
1290.183787 22621.4878338311
1291.479168 22621.4433816723
1292.746986 22621.3985962852
1294.058465 22621.3834595667
1295.367221 22621.3436621516
1296.647997 22621.3005282873
1297.928816 22621.2866069197
1299.207966 22621.2801332843
1300.484046 22621.2730476872
1301.761456 22621.2438346452
1303.040674 22621.1634020279
1304.366104 22621.1305674642
1305.66415 22621.1093098026
1306.968228 22621.0353949943
1308.241404 22620.9949719281
1309.508043 22620.9866547578
1310.765117 22620.9798720809
1312.038442 22620.951390004
1313.315179 22620.8525447264
1314.635579 22620.7974102125
1315.960012 22620.7630464133
1317.252837 22620.7445334275
1318.548358 22620.6842482075
1319.832828 22620.663691412
1321.137099 22620.6595269041
1322.443998 22620.6522210302
1323.754224 22620.587956537
1325.083332 22620.53371834
1326.436558 22620.4968737427
1327.765887 22620.4394417654
1329.073675 22620.4048500124
1330.38332 22620.3917848462
1331.69037 22620.3844587752
1332.989059 22620.3748083427
1334.287327 22620.3321249877
1335.58066 22620.33151587
1336.917037 22620.3067116265
1338.20882 22620.2342488241
1339.47838 22620.1255091497
1340.753216 22620.1089717642
1342.028908 22620.1040447412
1343.309344 22620.0935311478
1344.588038 22620.0469140704
1345.864434 22620.0127427875
1347.207994 22620.0098070076
1348.507717 22619.8881385628
1349.784147 22619.8307402493
1351.057421 22619.8101345204
1352.347302 22619.8033555595
1353.643258 22619.788891271
1354.940909 22619.7512794388
1356.261222 22619.7200860802
1357.581483 22619.7093591394
1358.909871 22619.6721015781
1360.22074 22619.651914684
1361.528718 22619.6442422026
1362.837703 22619.6382713566
1364.148427 22619.6232035502
1365.460557 22619.575184095
1366.793046 22619.5295081969
1368.146625 22619.495149704
1369.479875 22619.4659725588
1370.787174 22619.4378869799
1372.096147 22619.4263557065
1373.407786 22619.4217285373
1374.709508 22619.3928781611
1376.002377 22619.2593419876
1377.342099 22619.2208121768
1378.67774 22619.1511621977
1379.965134 22619.1437370201
1381.253654 22619.0343369695
1382.548385 22619.0146104382
1383.843453 22619.0069201745
1385.133018 22619.0025053645
1386.44909 22618.9689977419
1387.759403 22618.9464897654
1389.031289 22618.9290509786
1390.276505 22618.9156359663
1391.561089 22618.8869704648
1392.824364 22618.8781916285
1394.093002 22618.8742947584
1395.361938 22618.860497809
1396.632757 22618.779640778
1397.928991 22618.7738743424
1399.249751 22618.735718048
1400.53064 22618.6500075224
1401.815027 22618.5845711976
1403.09975 22618.5661788736
1404.387133 22618.5610395044
1405.672067 22618.5518151431
1406.957588 22618.5213163557
1408.266735 22618.4944499083
1409.574643 22618.4833342076
1410.859997 22618.4799038345
1412.151065 22618.4408673944
1413.436943 22618.4301143889
1414.719103 22618.4268573595
1416.000593 22618.4000727906
1417.269716 22618.2856206147
1418.577167 22618.2481991108
1419.862363 22618.239228188
1421.143877 22618.12538065
1422.405996 22618.0955542698
1423.674059 22618.0646204538
1424.93399 22618.0593396494
1426.219711 22618.0546382206
1427.482602 22618.0329623665
1428.745117 22618.0052040096
1430.055961 22617.9785564702
1431.348824 22617.9463457193
1432.615276 22617.9187350471
1433.88364 22617.9070564478
1435.151562 22617.9035774849
1436.417122 22617.889652661
1437.685287 22617.8423342748
1438.995059 22617.8147594125
1440.282766 22617.7928952834
1441.576523 22617.7553286742
1442.860944 22617.7401823935
1444.147191 22617.7336845039
1445.432589 22617.7286848326
1446.715962 22617.7196051453
1447.977312 22617.6805325584
1449.217338 22617.6628791539
1450.533071 22617.6559629273
1451.80067 22617.6522498752
1453.069514 22617.4909038263
1454.332385 22617.453848866
1455.593554 22617.4483934758
1456.851554 22617.4408739417
1458.107599 22617.4178996791
1459.350825 22617.3953937435
1460.613409 22617.3873988358
1461.883606 22617.3405185039
1463.132998 22617.3144858464
1464.375763 22617.307190893
1465.642216 22617.3028750759
1466.888468 22617.2845042881
1468.132588 22617.2437012541
1469.425464 22617.2166352935
1470.697749 22617.1957977507
1471.947767 22617.1821114708
1473.198546 22617.1478968243
1474.451036 22617.1411834424
1475.69619 22617.1378935884
1476.944037 22617.123053451
1478.198768 22617.0388889538
1479.472833 22617.0029655178
1480.792421 22616.9651068214
1482.070629 22616.8579516612
1483.323743 22616.8324944185
1484.585793 22616.8002323072
1485.853749 22616.7938744386
1487.121307 22616.7882216761
1488.393154 22616.7614188993
1489.687602 22616.738569781
1490.975485 22616.7287848893
1492.261877 22616.7010835706
1493.526663 22616.6939723516
1494.788615 22616.6783578427
1496.044648 22616.6759599173
1497.30282 22616.6711371505
1498.560036 22616.6399877591
1499.839606 22616.6061108876
1501.132469 22616.5855682427
1502.404645 22616.5632378027
1503.646485 22616.5442544987
1504.913286 22616.5375636149
1506.160386 22616.5328805524
1507.407208 22616.5198821025
1508.652477 22616.4707547953
1509.922165 22616.450172013
1511.212124 22616.4141823505
1512.479762 22616.3633487338
1513.731313 22616.3459001796
1514.983218 22616.3369181453
1516.233535 22616.3331400318
1517.487416 22616.3245569569
1518.739271 22616.2985413362
1520.015305 22616.2760144214
1521.290407 22616.2720386478
1522.563511 22616.2416698406
1523.817569 22616.2224653847
1525.073207 22616.2131405966
1526.338724 22616.2101008725
1527.61881 22616.2024679086
1528.911866 22616.1389583616
1530.22344 22616.1074922949
1531.556115 22616.07574307
1532.871319 22616.0033112591
1534.160274 22615.9910840002
1535.45117 22615.9606109947
1536.739242 22615.9550586725
1538.021139 22615.951272868
1539.305003 22615.935182927
1540.601828 22615.9155170821
1541.934727 22615.9074955228
1543.245284 22615.883004294
1544.564327 22615.852567035
1545.85645 22615.8464987791
1547.149422 22615.8427788273
1548.444657 22615.8336729583
1549.738918 22615.7999409254
1551.057022 22615.7735403689
1552.373502 22615.7518450711
1553.660244 22615.7183784649
1554.944372 22615.7049679643
1556.228589 22615.6983288596
1557.512467 22615.6943867921
1558.795239 22615.6883228907
1560.08215 22615.6637904638
1561.368113 22615.6591656752
1562.698511 22615.6351952569
1564.009368 22615.5583545837
1565.297871 22615.5304025407
1566.591371 22615.5181619216
1567.881166 22615.5148429663
1569.176037 22615.5087844344
1570.47268 22615.4838477631
1571.791852 22615.4707076141
1573.103616 22615.4541384881
1574.381419 22615.4235097113
1575.653051 22615.4123956427
1576.932587 22615.4081647901
1578.212361 22615.4037273414
1579.494907 22615.3853901293
1580.779817 22615.3562188812
1582.102296 22615.3421371225
1583.431852 22615.3081846906
1584.701348 22615.2873860528
1585.972278 22615.279199241
1587.244052 22615.2759599717
1588.516457 22615.2696671515
1589.791745 22615.2418127696
1591.06578 22615.2394546922
1592.383016 22615.2172475521
1593.655447 22615.1973889661
1594.93185 22615.1110607512
1596.207314 22615.0960057366
1597.480833 22615.0923698528
1598.757124 22615.0879562212
1600.032953 22615.0654231693
1601.330153 22615.049121203
1602.626888 22615.0411029088
1603.909039 22615.012585796
1605.181981 22614.9980575912
1606.457335 22614.9930441969
1607.735134 22614.9900443591
1609.014095 22614.9795692063
1610.285413 22614.9179008042
1611.603231 22614.8872833144
1612.934186 22614.8651322198
1614.227461 22614.8347899605
1615.508835 22614.814383128
1616.778975 22614.8035909027
1618.059784 22614.8006333522
1619.333203 22614.7936027567
1620.603022 22614.7688054087
1621.885816 22614.7491670765
1623.194161 22614.7459949852
1624.487527 22614.7135199324
1625.74809 22614.6956794006
1627.018342 22614.6896472817
1628.276308 22614.6871630598
1629.538913 22614.6783680302
1630.818339 22614.6341221683
1632.123309 22614.6142247797
1633.452062 22614.5894184955
1634.75645 22614.5441197792
1636.05016 22614.5185094854
1637.332744 22614.5087028846
1638.631811 22614.5052106921
1639.915953 22614.501674024
1641.214019 22614.4764220357
1642.520819 22614.4560616735
1643.855494 22614.4397859668
1645.161749 22614.4256434134
1646.44874 22614.4149448692
1647.738758 22614.4091559572
1649.021014 22614.4067043794
1650.315231 22614.4023188333
1651.593741 22614.3663472228
1652.901992 22614.3220138407
1654.218822 22614.3186435181
1655.527422 22614.2774013986
1656.799513 22614.241155769
1658.081528 22614.2174522062
1659.357687 22614.214013692
1660.634996 22614.2091428439
1661.914784 22614.189087276
1663.234206 22614.1719551036
1664.566233 22614.158620537
1665.863834 22614.1419249822
1667.149136 22614.1343877433
1668.433378 22614.1296283746
1669.75874 22614.1252519801
1671.067666 22614.1173648297
1672.390972 22614.1059351928
1673.731063 22614.0946480544
1675.078614 22614.0834639693
1676.404442 22614.0750187334
1677.719701 22614.0670593271
1679.04517 22614.0649989573
1680.329395 22614.0612051882
1681.602226 22614.0228857218
1682.893975 22613.9193038594
1684.247862 22613.8864494273
1685.577124 22613.8446328513
1686.875362 22613.7647774179
1688.162394 22613.7387167073
1689.465641 22613.7325325569
1690.757468 22613.7284526665
1692.047036 22613.7213263076
1693.33455 22613.7059219893
1694.636305 22613.6944906053
1695.949693 22613.682327475
1697.229963 22613.6758779658
1698.526851 22613.666196191
1699.805972 22613.66105824
1701.092721 22613.6592109626
1702.392222 22613.6567130844
1703.681226 22613.6061580513
1704.980417 22613.5855421628
1706.310887 22613.5750427049
1707.61365 22613.5041224866
1708.899475 22613.471141616
1710.180391 22613.4511050047
1711.458611 22613.4449940645
1712.752933 22613.4423966338
1714.036844 22613.4311339026
1715.337051 22613.4265704062
1716.646098 22613.4146703952
1717.945797 22613.4088324273
1719.233031 22613.3931948047
1720.536401 22613.3886400625
1721.824995 22613.3868820598
1723.117449 22613.3789883049
1724.367192 22613.3513225135
1725.662156 22613.3401029959
1726.933966 22613.3308721639
1728.184681 22613.3114023764
1729.47874 22613.2937087539
1730.745697 22613.2909074325
1732.018336 22613.2889606051
1733.277554 22613.2787138751
1734.547412 22613.2615643186
1735.832345 22613.2569069468
1737.121119 22613.2392433072
1738.381546 22613.2114644019
1739.645117 22613.2045624391
1740.897984 22613.2016672209
1742.176531 22613.1987201345
1743.441666 22613.1867662576
1744.699132 22613.1575868581
1745.994725 22613.1502873449
1747.29697 22613.1310974335
1748.564662 22613.0857353963
1749.825934 22613.0740737943
1751.073674 22613.0692367469
1752.309459 22613.0675730446
1753.572656 22613.0591110837
1754.845426 22613.0366278775
1756.132312 22613.0334549503
1757.429099 22613.0196626974
1758.715994 22612.9874000171
1759.99333 22612.9751420373
1761.259282 22612.9716142497
1762.535854 22612.9691304487
1763.803463 22612.9653220314
1765.079263 22612.9399359481
1766.366045 22612.9160614822
1767.685804 22612.8993127338
1768.975164 22612.8868980598
1770.239203 22612.8683530521
1771.5068 22612.8549387995
1772.765566 22612.8516221485
1774.037339 22612.8498383181
1775.295201 22612.8361098057
1776.582285 22612.8212155937
1777.885618 22612.811467214
1779.177128 22612.7998796642
1780.430243 22612.7932731938
1781.718944 22612.78763048
1782.975115 22612.7850516378
1784.234597 22612.7829810759
1785.502317 22612.7729725754
1786.762696 22612.7402297852
1788.052389 22612.7136400175
1789.356973 22612.6925439732
1790.625328 22612.6694606402
1791.888938 22612.6366017442
1793.161914 22612.6281859586
1794.425932 22612.6263913617
1795.694161 22612.6224651411
1796.952733 22612.6046348926
1798.264144 22612.5980224322
1799.549039 22612.5888977515
1800.832597 22612.5764563684
1802.107247 22612.5710860365
1803.368338 22612.5688885734
1804.643907 22612.5663957032
1805.913084 22612.5615418647
1807.186464 22612.5500648052
1808.486189 22612.542694366
1809.810459 22612.539202095
1811.102287 22612.529176264
1812.39943 22612.5146467792
1813.689918 22612.5120105886
1814.983234 22612.5104701478
1816.312375 22612.4912074346
1817.63456 22612.4433815139
1819.012187 22612.4088567025
1820.371614 22612.3699084355
1821.735134 22612.2922054282
1823.056448 22612.2671077964
1824.395018 22612.2545217616
1825.723242 22612.2524143726
1827.064617 22612.2484247054
1828.387905 22612.2405423063
1829.756887 22612.2328062924
1831.105095 22612.2282018636
1832.449072 22612.2236588738
1833.776833 22612.2182857203
1835.089751 22612.2164795445
1836.378734 22612.2142399637
1837.689292 22612.185712312
1839.030244 22612.1599178119
1840.383079 22612.1424810734
1841.756406 22612.1160876106
1843.067371 22612.1004361586
1844.394062 22612.0868563146
1845.702421 22612.0843860243
1847.024205 22612.0825321593
1848.332871 22612.0713513831
1849.650616 22612.0688439986
1850.969723 22612.0575314294
1852.247092 22612.0537634088
1853.53187 22612.0198643086
1854.818545 22612.0142078807
1856.109657 22612.0125440317
1857.385283 22612.0093071237
1858.673558 22611.9949592485
1859.968965 22611.9822886283
1861.304938 22611.9778478511
1862.605136 22611.9687687495
1863.896672 22611.9520108812
1865.176527 22611.9424682161
1866.468141 22611.9410172645
1867.748475 22611.9380250472
1869.040881 22611.9220637448
1870.351282 22611.9073880423
1871.660993 22611.9070322028
1872.974175 22611.8870490891
1874.260309 22611.8672275175
1875.55655 22611.8606696399
1876.847878 22611.8586949284
1878.146296 22611.8567351134
1879.433575 22611.8425995261
1880.755765 22611.8260083454
1882.091032 22611.8159648497
1883.415534 22611.8111556096
1884.703706 22611.7972719925
1886.004494 22611.7894281213
1887.287508 22611.7872855935
1888.57265 22611.7850235938
1889.86008 22611.7706371299
1891.141853 22611.7579323606
1892.481194 22611.7485509865
1893.778981 22611.7191345012
1895.068706 22611.6969091254
1896.365316 22611.6880885516
1897.678229 22611.6854507889
1898.953115 22611.6838700159
1900.276045 22611.6749545298
1901.564887 22611.6627165581
1902.909862 22611.651237808
1904.226507 22611.6464814214
1905.525834 22611.6332380926
1906.816859 22611.6240675404
1908.112934 22611.6225329722
1909.412004 22611.6208522841
1910.696801 22611.6109815178
1912.000776 22611.5970226673
1913.364236 22611.5827289934
1914.717961 22611.5749012493
1916.036157 22611.5702538743
1917.322973 22611.5494520441
1918.59583 22611.5471202262
1919.892697 22611.5454412653
1921.178482 22611.538466993
1922.474126 22611.5120832448
1923.80472 22611.5035811309
1925.121834 22611.4968016098
1926.407841 22611.4940162588
1927.699302 22611.4672456457
1928.984079 22611.452631889
1930.265199 22611.4513542726
1931.558542 22611.4486166808
1932.838706 22611.4394581537
1934.15112 22611.4341039191
1935.453821 22611.4334446962
1936.772089 22611.4184451165
1938.044152 22611.4120531265
1939.358594 22611.41026564
1940.624022 22611.4075064757
1941.905071 22611.3944154107
1943.198133 22611.3817437686
1944.516497 22611.3716108704
1945.817643 22611.357774899
1947.092606 22611.3530791057
1948.383508 22611.3500098369
1949.660075 22611.3460441247
1950.957372 22611.3444749627
1952.239618 22611.3425241966
1953.535858 22611.3314595151
1954.820285 22611.3049211417
1956.162828 22611.2953521308
1957.493982 22611.2698884926
1958.791817 22611.2452246543
1960.079196 22611.2320849626
1961.36616 22611.2295843604
1962.654123 22611.2279920462
1963.932938 22611.2251939349
1965.183706 22611.2144635083
1966.44589 22611.2050592882
1967.76078 22611.1997953833
1969.042581 22611.1884688921
1970.310834 22611.1819336337
1971.56329 22611.1796654365
1972.824187 22611.1777786353
1974.077759 22611.1741961033
1975.338707 22611.1649360697
1976.623117 22611.1555783941
1977.917298 22611.1493789889
1979.22411 22611.142259462
1980.475184 22611.1389529126
1981.73523 22611.1360706216
1982.980053 22611.1346771382
1984.240135 22611.1333527515
1985.493492 22611.1310581493
1986.753573 22611.1080965608
1988.005138 22611.0715718451
1989.328424 22611.0573667312
1990.628383 22611.0075818568
1991.889026 22610.9306071524
1993.156015 22610.9144970282
1994.414957 22610.9078634745
1995.688179 22610.9039559769
1996.948309 22610.900295032
1998.220829 22610.8961229714
1999.479687 22610.8925983348
2000.773166 22610.887489909
2002.027137 22610.8857236866
2003.289942 22610.8812180299
2004.550229 22610.8793007666
2005.798242 22610.8782548217
2007.02511 22610.8758570714
2008.240853 22610.8595843471
2009.482752 22610.8578348213
2010.747037 22610.8435509794
2012.006412 22610.8282161845
2013.236507 22610.8157212897
2014.474607 22610.8131636594
2015.707232 22610.8115927509
2016.932986 22610.8058521655
2018.167952 22610.7964588966
2019.440403 22610.7937497336
2020.702639 22610.7875261192
2021.931794 22610.7649728635
2023.170738 22610.7598032443
2024.406945 22610.7582758047
2025.646101 22610.7563634656
2026.88422 22610.7511752793
2028.123432 22610.7438374993
2029.387196 22610.7394309504
2030.642709 22610.7298916719
2031.886259 22610.7226678845
2033.121621 22610.7187298048
2034.367053 22610.7174755655
2035.601559 22610.7158929461
2036.845673 22610.7021392106
2038.104467 22610.687785653
2039.387765 22610.6797008832
2040.656168 22610.6696205748
2041.893914 22610.6541428776
2043.137931 22610.6502374896
2044.377324 22610.6485333875
2045.628264 22610.6471773875
2046.866816 22610.6423239906
2048.110402 22610.6258985414
2049.39353 22610.6182466826
2050.648177 22610.6114455177
2051.881712 22610.6022845963
2053.115536 22610.5899769714
2054.358613 22610.586492729
2055.593333 22610.5855782854
2056.834907 22610.5817404795
2058.088019 22610.5680615179
2059.343636 22610.5667570947
2060.614288 22610.557429602
2061.846373 22610.5449223219
2063.076574 22610.5313118904
2064.309404 22610.5289528958
2065.5523 22610.5279433995
2066.786889 22610.5234066881
2068.033744 22610.5095090402
2069.313864 22610.4992785791
2070.607146 22610.4874951704
2071.844561 22610.4807983603
2073.085078 22610.4706256486
2074.317511 22610.4675854235
2075.555269 22610.4662619219
2076.802575 22610.4641659161
2078.043695 22610.4555858345
2079.315401 22610.4471308173
2080.603043 22610.4375689504
2081.877377 22610.4297849576
2083.119877 22610.4242028306
2084.369096 22610.4215514242
2085.605462 22610.4195661707
2086.84266 22610.414926043
2088.083433 22610.4013875508
2089.363115 22610.3901696145
2090.645592 22610.3812200099
2091.905135 22610.3693084399
2093.156452 22610.3656976355
2094.412887 22610.3639144079
2095.685418 22610.3618731827
2096.938863 22610.3586395881
2098.239527 22610.3521691745
2099.538504 22610.3485454965
2100.846071 22610.3441922143
2102.148149 22610.3327389597
2103.429553 22610.3291424544
2104.721419 22610.3272042292
2106.003362 22610.3259983743
2107.299234 22610.3219984808
2108.581285 22610.301267804
2109.925423 22610.2909477129
2111.25268 22610.2823751227
2112.5744 22610.2666939743
2113.85736 22610.2598962207
2115.156535 22610.2560702412
2116.441365 22610.2547942791
2117.731112 22610.253019621
2118.968327 22610.2415821145
2120.261736 22610.2326469906
2121.587066 22610.2276077265
2122.883498 22610.2178691911
2124.169756 22610.2095166524
2125.439443 22610.207107986
2126.720128 22610.2058144511
2127.985601 22610.2019415458
2129.262788 22610.1952642408
2130.546703 22610.1914868414
2131.835401 22610.1892834484
2133.053834 22610.1773450878
2134.3026 22610.1694476953
2135.562499 22610.1680172426
2136.80919 22610.1671474544
2138.095106 22610.1622129223
2139.346712 22610.1379710775
2140.678388 22610.1294500055
2141.977197 22610.1186708237
2143.266118 22610.1038281118
2144.520595 22610.0989775454
2145.786218 22610.0970160602
2147.041879 22610.0945279495
2148.300207 22610.0883499843
2149.561271 22610.0863152891
2150.859104 22610.0792775042
2152.148605 22610.0694239518
2153.401154 22610.0640365004
2154.669739 22610.0622117858
2155.926081 22610.0613362236
2157.19527 22610.0588891512
2158.454658 22610.0481019653
2159.739741 22610.042335308
2161.045274 22610.0335409134
2162.329448 22610.0228261556
2163.596364 22610.0190213582
2164.857004 22610.0168990544
2166.125986 22610.0156181497
2167.381307 22610.0141394053
2168.646954 22610.0058964078
2169.884449 22609.9987376726
2171.184106 22609.9945927897
2172.448964 22609.969250523
2173.702541 22609.9547460059
2174.945316 22609.9510767446
2176.202876 22609.9494045368
2177.493979 22609.9485086479
2178.743246 22609.9452848797
2180.009259 22609.9383644541
2181.289962 22609.9355689586
2182.58255 22609.9288919521
2183.841027 22609.9268167351
2185.112188 22609.9194512248
2186.369343 22609.917565719
2187.633146 22609.9168217524
2188.884673 22609.9132086853
2190.157171 22609.9006082857
2191.486383 22609.8968707668
2192.784317 22609.8936804688
2194.073337 22609.8775143725
2195.351684 22609.8674755495
2196.643795 22609.8657058814
2197.919456 22609.8647351758
2199.214729 22609.8605577463
2200.495255 22609.8513286485
2201.836384 22609.8446513099
2203.140537 22609.8445091511
2204.453909 22609.8324337564
2205.726059 22609.8255869118
2207.002467 22609.8234074657
2208.278978 22609.8223949326
2209.547081 22609.8199428878
2210.828249 22609.8108600372
2212.11316 22609.8026897401
2213.443818 22609.7968365595
2214.735108 22609.7902164603
2216.01592 22609.7876190849
2217.307143 22609.7815255754
2218.591529 22609.7796494753
2219.861803 22609.7788882644
2221.138747 22609.7739674236
2222.4162 22609.7616640607
2223.733544 22609.755193763
2225.062784 22609.7431466997
2226.337369 22609.7304037616
2227.62966 22609.7238608024
2228.903741 22609.7220996399
2230.194687 22609.7210419699
2231.467275 22609.7175432678
2232.754744 22609.7106113705
2234.047645 22609.7043508158
2235.356745 22609.703860783
2236.659214 22609.6968890298
2237.940608 22609.6869328464
2239.220276 22609.684877843
2240.496542 22609.6836962427
2241.785077 22609.6814460475
2243.06405 22609.6756564091
2244.370936 22609.6694125346
2245.641958 22609.6654755432
2246.901867 22609.6594215436
2248.156232 22609.6562990945
2249.411607 22609.6543129365
2250.653924 22609.6534046224
2251.909241 22609.6517695809
2253.157576 22609.6440106338
2254.420837 22609.637011474
2255.717811 22609.6306727248
2257.009814 22609.6230477403
2258.267883 22609.616494799
2259.51347 22609.6146993411
2260.771389 22609.6137600431
2262.020185 22609.6099765034
2263.281546 22609.5930824642
2264.579512 22609.5859643474
2265.878265 22609.5800017547
2267.155973 22609.5657598876
2268.410762 22609.5617388475
2269.668362 22609.5595262001
2270.922362 22609.5588129915
2272.182905 22609.5577695793
2273.433295 22609.5466991093
2274.71801 22609.5418306901
2276.018254 22609.5372481169
2277.322246 22609.5236125951
2278.605427 22609.5176013077
2279.896329 22609.5158873919
2281.1845 22609.5146804825
2282.471836 22609.5115971714
2283.767292 22609.5079340598
2285.033872 22609.5071828389
2286.298932 22609.5024711903
2287.533262 22609.4947030133
2288.767393 22609.4925568884
2290.031021 22609.4918870122
2291.288681 22609.490402929
2292.53011 22609.4795774111
2293.81056 22609.4769348743
2295.106463 22609.4668770594
2296.401554 22609.4562803054
2297.660996 22609.4490827769
2298.913182 22609.4466989414
2300.172487 22609.4456291704
2301.421532 22609.4440760246
2302.684666 22609.4399780747
2303.960146 22609.4353784913
2305.243349 22609.43274601
2306.519757 22609.4284146505
2307.774077 22609.4263839013
2309.027049 22609.4245826484
2310.282284 22609.4238780731
2311.546845 22609.4229674787
2312.805944 22609.4122836319
2314.097535 22609.3941007235
2315.400178 22609.394021526
2316.716575 22609.3800110008
2317.978459 22609.3653882201
2319.243562 22609.3541138024
2320.504713 22609.3520567354
2321.769985 22609.3513215993
2323.035574 22609.3487271515
2324.290089 22609.3408494878
2325.597806 22609.3364984288
2326.871256 22609.333907703
2328.153164 22609.3281846232
2329.39966 22609.3244056902
2330.653497 22609.3232926642
2331.902549 22609.3225646735
2333.163567 22609.3201459827
2334.409208 22609.3085011336
2335.708453 22609.3032466949
2337.028261 22609.2982056438
2338.279365 22609.2941016218
2339.538602 22609.2786400814
2340.790206 22609.2727019489
2342.053343 22609.2718196648
2343.30369 22609.2710538493
2344.564271 22609.2660702636
2345.816951 22609.2608147195
2347.121251 22609.2553106423
2348.396872 22609.2486006767
2349.657235 22609.2417128624
2350.916168 22609.2353002605
2352.176442 22609.2339379165
2353.446086 22609.2334076748
2354.703734 22609.2300846138
2355.97575 22609.2287044419
2357.27916 22609.2264280489
2358.517371 22609.2227781996
2359.769432 22609.2116244254
2361.035948 22609.209521514
2362.292692 22609.2087515396
2363.549846 22609.2079806804
2364.809816 22609.2035302346
2366.084928 22609.2005190548
2367.368839 22609.1965180566
2368.640613 22609.1924443404
2369.897305 22609.1893971132
2371.146763 22609.1877206004
2372.428545 22609.1870367694
2373.704169 22609.1863053213
2375.013522 22609.1817220164
2376.290975 22609.1712799544
2377.618358 22609.1650440245
2378.955291 22609.1563977464
2380.261348 22609.1499240441
2381.582814 22609.1420080018
2382.89308 22609.1403032306
2384.224607 22609.1397269018
2385.536442 22609.1372559433
2386.867051 22609.1340086817
2388.205003 22609.1317182251
2389.554491 22609.1279583872
2390.867691 22609.1249086221
2392.208674 22609.1228037238
2393.529934 22609.1219066839
2394.865189 22609.1214648784
2396.185034 22609.1203891211
2397.515077 22609.105434055
2398.82265 22609.0909510846
2400.179788 22609.0905698667
2401.509413 22609.0775141586
2402.802807 22609.0627984276
2404.106279 22609.0507231685
2405.396164 22609.0493606565
2406.696745 22609.0484796529
2407.984004 22609.0454991759
2409.279587 22609.0438971209
2410.611838 22609.0404936693
2411.942049 22609.0346713184
2413.226756 22609.034653029
2414.548428 22609.0316543606
2415.785457 22609.0311878185
2417.06138 22609.0304002552
2418.334066 22609.0248780182
2419.654793 22609.0211021856
2420.954025 22609.0196109638
2422.248123 22609.0121412996
2423.53652 22609.0097142868
2424.813356 22609.0070637124
2426.104457 22609.0063268934
2427.384971 22609.0055667881
2428.677413 22609.0028638288
2429.957208 22608.9976922942
2431.296771 22608.9948324541
2432.599248 22608.9920478249
2433.88655 22608.9852971696
2435.171987 22608.9820507266
2436.455804 22608.9810628003
2437.747729 22608.9804650073
2439.033228 22608.9786880837
2440.324218 22608.9730026659
2441.647205 22608.9686575808
2442.961591 22608.966786109
2444.260266 22608.9603259119
2445.546068 22608.9569531118
2446.816755 22608.9560876013
2448.09294 22608.9550185788
2449.360097 22608.9522629878
2450.630448 22608.9489931807
2451.915636 22608.9483918608
2453.200044 22608.9425330354
2454.499606 22608.937319968
2455.763734 22608.9357116919
2457.047526 22608.9351727356
2458.332755 22608.9341583815
2459.633764 22608.9288309107
2460.924357 22608.9283781189
2462.271064 22608.926452126
2463.571601 22608.9085937906
2464.861817 22608.8955324984
2466.145399 22608.8925532315
2467.431339 22608.8915203085
2468.719037 22608.8909249908
2470.001048 22608.8891127883
2471.295351 22608.8827311411
2472.623819 22608.8804492264
2473.973082 22608.8777968963
2475.283168 22608.8744638868
2476.613114 22608.8697756292
2477.926381 22608.8687284401
2479.258354 22608.8682977306
2480.572651 22608.8665293543
2481.899901 22608.8618088474
2483.228451 22608.8594677941
2484.567397 22608.8571440299
2485.868933 22608.8532854729
2487.179121 22608.8482372311
2488.479168 22608.847281818
2489.785111 22608.8467761804
2491.102952 22608.8461124709
2492.399897 22608.8412095662
2493.763916 22608.8386094081
2495.107494 22608.835586755
2496.450539 22608.8304198957
2497.755116 22608.8286177121
2499.0726 22608.8277197618
2500.37256 22608.8271899452
2501.689811 22608.8251653566
2502.990673 22608.8185494905
2504.352281 22608.8148239008
2505.679566 22608.8142534821
2506.995964 22608.813845878
2508.300711 22608.8050810663
2509.61216 22608.8032653115
2510.93168 22608.802711803
2512.240954 22608.8020746602
2513.569784 22608.7981054691
2514.876523 22608.7894779741
2516.244683 22608.7892895323
2517.574153 22608.7820374368
2518.899607 22608.773614519
2520.212255 22608.7651083859
2521.538165 22608.7638400573
2522.839663 22608.7632464895
2524.108182 22608.7616836504
2525.369732 22608.759083149
2526.660566 22608.7574354586
2527.917428 22608.7547382992
2529.14243 22608.752795833
2530.412194 22608.7516647866
2531.647412 22608.7511539513
2532.895476 22608.7502778359
2534.127361 22608.7454584494
2535.402921 22608.7417156905
2536.691888 22608.7389734187
2537.959437 22608.733708974
2539.207849 22608.7311817164
2540.456863 22608.7296426329
2541.714959 22608.7292156089
2542.962878 22608.728524673
2544.222525 22608.7225286228
2545.470995 22608.7201998494
2546.773698 22608.7184560585
2548.0417 22608.7006201265
2549.295618 22608.6883652205
2550.541819 22608.6824998417
2551.793581 22608.6817226641
2553.050788 22608.680829252
2554.302842 22608.6783641927
2555.586359 22608.6761335195
2556.861467 22608.6744247215
2558.126039 22608.6739457615
2559.379992 22608.6719625975
2560.642737 22608.6710925825
2561.889932 22608.6707294161
2563.142994 22608.6699145825
2564.388219 22608.665294409
2565.653698 22608.6626936897
2566.942207 22608.6599707964
2568.205986 22608.6541804219
2569.458433 22608.6519093974
2570.671972 22608.6506709046
2571.875181 22608.6502546213
2573.128538 22608.6492141973
2574.362229 22608.6428521583
2575.608227 22608.6359052119
2576.875798 22608.6345908708
2578.121948 22608.6296928746
2579.344674 22608.6217006951
2580.574828 22608.6181720279
2581.800275 22608.6172055924
2583.039633 22608.6168093605
2584.269111 22608.6145300502
2585.508481 22608.6139626979
2586.759782 22608.6133456457
2587.994709 22608.6113599203
2589.228667 22608.6048434576
2590.457799 22608.6036745377
2591.696382 22608.6033041567
2592.921189 22608.6027064837
2594.161779 22608.5961354418
2595.415588 22608.5922429605
2596.700912 22608.5887002546
2597.953496 22608.5823893582
2599.193071 22608.5765995955
2600.422554 22608.5735540713
2601.648061 22608.5725745844
2602.881387 22608.5721269676
2604.103793 22608.5705888283
2605.333575 22608.5678896824
2606.574597 22608.5665861548
2607.819725 22608.5635626965
2609.040397 22608.5613967338
2610.269184 22608.5576873948
2611.486418 22608.5569276921
2612.729094 22608.5565362167
2613.962304 22608.5545691104
2615.188056 22608.5466510763
2616.469295 22608.5431619002
2617.736912 22608.5407177982
2618.99356 22608.5339569485
2620.214291 22608.5298744468
2621.446524 22608.5280150536
2622.676708 22608.5275601147
2623.90454 22608.525809782
2625.14059 22608.5250163757
2626.396246 22608.5227619588
2627.658029 22608.5195428821
2628.889375 22608.518358344
2630.133873 22608.5171233078
2631.363109 22608.5166732458
2632.599638 22608.5159903571
2633.82857 22608.5116108531
2635.084536 22608.5095876296
2636.371865 22608.5069014155
2637.607863 22608.5066207146
2638.853824 22608.4989064462
2640.087702 22608.4969852594
2641.325983 22608.496429815
2642.555192 22608.4961491558
2643.786792 22608.4943678426
2645.010549 22608.4901077059
2646.27869 22608.4871974643
2647.533735 22608.4846346747
2648.750665 22608.4845068956
2649.992047 22608.4786517421
2651.211959 22608.4778603117
2652.467643 22608.4774617153
2653.691944 22608.4756859075
2654.921678 22608.4694103872
2656.184539 22608.469331597
2657.476246 22608.4672377273
2658.739872 22608.4621182302
2659.989522 22608.452979752
2661.25004 22608.4510522089
2662.51901 22608.4505612122
2663.808245 22608.4501276895
2665.085768 22608.4472927848
2666.406561 22608.4456071254
2667.706197 22608.444993056
2669.016895 22608.4416371216
2670.298569 22608.4400482511
2671.584413 22608.4394794798
2672.875902 22608.4390621862
2674.15888 22608.4377678249
2675.455795 22608.4344215094
2676.763037 22608.4325225282
2678.082675 22608.4323392584
2679.363867 22608.4306020963
2680.6503 22608.4249414814
2681.878471 22608.4239029669
2683.147707 22608.423644648
2684.40403 22608.4224231122
2685.664547 22608.4196316357
2686.961579 22608.4173816599
2688.242581 22608.4155652868
2689.529593 22608.4130488285
2690.778911 22608.4118202993
2692.070071 22608.4113581302
2693.324448 22608.4105074129
2694.592998 22608.4067603292
2695.85395 22608.4048387546
2697.134223 22608.403342442
2698.382084 22608.40188142
2699.639946 22608.3968346169
2700.892164 22608.3947623224
2702.1391 22608.3943320045
2703.397537 22608.3939950382
2704.652201 22608.3906612386
2705.914772 22608.3891760591
2707.229916 22608.3859946095
2708.515567 22608.3780171741
2709.765537 22608.3728982942
2711.030277 22608.3711671456
2712.284489 22608.370705292
2713.543849 22608.3699872747
2714.802207 22608.368441819
2716.056441 22608.3673169435
2717.343438 22608.3657808035
2718.617907 22608.3628478878
2719.876898 22608.3615255473
2721.125376 22608.3609403012
2722.384336 22608.3606198025
2723.631161 22608.3595415192
2724.882499 22608.3546206665
2726.150488 22608.3502242237
2727.441847 22608.3481798817
2728.724151 22608.3428415247
2729.96846 22608.3392939371
2731.25348 22608.338040784
2732.487193 22608.3374205214
2733.739737 22608.3370739177
2734.978708 22608.3348036754
2736.225174 22608.3304108513
2737.512687 22608.3285614067
2738.780001 22608.3273565183
2740.045437 22608.3241801448
2741.306423 22608.3200111904
2742.571691 22608.319584904
2743.828393 22608.3190434095
2745.098522 22608.3174324381
2746.354732 22608.3169034638
2747.648276 22608.3165710191
2748.906617 22608.3148149941
2750.181221 22608.3098983611
2751.451452 22608.3091398522
2752.724333 22608.3088281233
2754.003466 22608.308179538
2755.272695 22608.3054174072
2756.583453 22608.3026935867
2757.9025 22608.300846642
2759.216101 22608.2993544287
2760.484702 22608.2973657779
2761.770213 22608.2959776383
2763.038368 22608.2957000085
2764.312833 22608.2947439734
2765.575295 22608.2906848394
2766.890089 22608.2882563099
2768.187694 22608.2871908436
2769.468275 22608.2840227364
2770.767967 22608.2820379377
2772.029753 22608.2810222149
2773.303941 22608.280724435
2774.565215 22608.2803531035
2775.838362 22608.2750994625
2777.125744 22608.273926362
2778.447931 22608.2702204841
2779.738864 22608.2662002484
2781.015838 22608.2577827341
2782.288491 22608.2543104687
2783.560882 22608.2535059848
2784.843973 22608.2530344355
2786.115388 22608.2513515131
2787.427179 22608.2497347305
2788.748819 22608.2487424305
2790.063317 22608.2476917676
2791.339704 22608.2469680346
2792.629869 22608.2461257758
2793.905331 22608.2455782688
2795.188885 22608.2448839463
2796.462743 22608.243093655
2797.762284 22608.2417618349
2799.090211 22608.2401561752
2800.363126 22608.2392961576
2801.646188 22608.2372469784
2802.909228 22608.236833299
2804.168739 22608.2364624191
2805.38726 22608.2337652045
2806.627503 22608.232129156
2807.896642 22608.2319707316
2809.154182 22608.2231026084
2810.428089 22608.2185916201
2811.67488 22608.2172479698
2812.925339 22608.2166165419
2814.167948 22608.2163655751
2815.410835 22608.2154695273
2816.657741 22608.2134262468
2817.940869 22608.2126521115
2819.205445 22608.2111150327
2820.466613 22608.2086319187
2821.718793 22608.2066655079
2822.967664 22608.2063792687
2824.215429 22608.2059056001
2825.459849 22608.202657669
2826.717518 22608.1974414527
2828.005993 22608.1970598328
2829.284705 22608.1961889137
2830.531606 22608.1883052358
2831.787837 22608.1785222844
2833.037402 22608.1768044327
2834.295401 22608.1764313024
2835.543173 22608.1756484656
2837.57528 22608.1756484656
2838.821106 22608.1750043581
2840.077703 22608.1738514643
2841.320964 22608.1730651156
2842.614073 22608.1717269136
2843.820137 22608.1704769075
2845.016877 22608.1686016856
2846.258202 22608.1682155291
2847.487072 22608.1677026892
2848.716144 22608.1655766549
2849.986686 22608.1635945947
2851.263997 22608.1616739997
2852.50838 22608.1601116181
2853.737688 22608.1591632623
2854.956864 22608.1580135379
2856.182582 22608.1575713333
2857.416747 22608.1573667198
2858.643956 22608.1547783144
2859.88065 22608.1525739432
2861.155418 22608.1521092107
2862.417546 22608.1465620209
2863.646405 22608.138791109
2864.883445 22608.133044153
2866.111195 22608.1323287899
2867.341307 22608.1318726092
2868.573167 22608.1302791026
2869.803912 22608.1300693976
2871.09282 22608.1280462677
2872.346188 22608.1250207739
2873.589843 22608.1238459285
2874.820321 22608.1231919084
2876.064015 22608.1229010653
2877.32013 22608.1220714327
2878.577335 22608.120258096
2879.850796 22608.1195104321
2881.123143 22608.1177998771
2882.378112 22608.1161491905
2883.618145 22608.1144245633
2884.869792 22608.114022565
2886.115127 22608.1137509149
2887.371075 22608.1125949532
2888.612789 22608.107015066
2889.932931 22608.1041706812
2891.221698 22608.1004680757
2892.496492 22608.0966700894
2893.747124 22608.0954331415
2894.995604 22608.0948546177
2896.253555 22608.0945243207
2897.502267 22608.0940872154
2898.758375 22608.0929545242
2900.005555 22608.0920855676
2901.311097 22608.0906495795
2902.562778 22608.0902499908
2903.824717 22608.0872973617
2905.076687 22608.086847085
2906.335537 22608.0865776035
2907.593265 22608.0857620204
2908.848957 22608.0821852517
2910.136811 22608.0800295572
2911.436226 22608.0786110524
2912.701991 22608.0784492512
2913.954239 22608.0738144689
2915.21713 22608.0714822593
2916.470962 22608.0710505198
2917.730854 22608.0708989116
2918.978191 22608.0694096174
2920.229492 22608.0688198989
2921.521722 22608.067695205
2922.788092 22608.0633404554
2924.042214 22608.0614533228
2925.288004 22608.06090802
2926.543753 22608.0605716185
2927.793496 22608.0598675788
2929.085611 22608.0579556455
2930.399351 22608.0567840356
2931.703428 22608.0552348866
2933.013377 22608.0542448295
2934.31885 22608.05375487
2935.629895 22608.0533913107
2936.938861 22608.0531556342
2938.253768 22608.0516830203
2939.56845 22608.0445372403
2940.942023 22608.0421372822
2942.300301 22608.0379155433
2943.655168 22608.0312942807
2944.96972 22608.0298586897
2946.29976 22608.0292671041
2947.616605 22608.0288649897
2948.950784 22608.0283126748
2950.264075 22608.0267578568
2951.623388 22608.0252753654
2952.985507 22608.0243114519
2954.286818 22608.0232664641
2955.575993 22608.0228405939
2956.858739 22608.0224603213
2958.116264 22608.0221898632
2959.407965 22608.0211972035
2960.702278 22608.014705079
2962.030251 22608.0133088076
2963.370934 22608.0110581817
2964.658036 22608.0094773568
2965.966707 22608.0029481095
2967.252728 22608.0019095907
2968.519039 22608.0016467802
2969.781848 22608.0009435868
2971.056222 22607.999017516
2972.346347 22607.997671565
2973.647048 22607.9962861068
2974.92224 22607.9960939253
2976.195242 22607.9931979704
2977.479192 22607.9926422998
2978.755131 22607.9924153789
2980.040216 22607.9920666876
2981.313059 22607.9895321504
2982.622436 22607.9859977251
2983.94228 22607.9846908791
2985.27616 22607.9816595953
2986.553713 22607.9786969076
2987.83932 22607.9773577589
2989.115709 22607.976841872
2990.399685 22607.9765141889
2991.679544 22607.9759129281
2992.954459 22607.9745773905
2994.263207 22607.9739671217
2995.560501 22607.9735297263
2996.851732 22607.971016981
2998.12605 22607.9701375179
2999.40906 22607.9699030402
3000.680594 22607.9696401145
3001.960058 22607.966036464
3003.248123 22607.9643328655
3004.569136 22607.9621894447
3005.856985 22607.9593053701
3007.110495 22607.9543482151
3008.403336 22607.9523945612
3009.66809 22607.9516973521
3010.943062 22607.9514900566
3012.206667 22607.9506628222
3013.478703 22607.9495118418
3014.794143 22607.9483722725
3016.098056 22607.947315194
3017.378992 22607.9459030942
3018.668521 22607.9452606882
3019.950938 22607.9450389872
3021.23897 22607.9444241163
3022.544357 22607.9408964332
3023.875656 22607.9391560687
3025.238895 22607.9371794252
3026.56919 22607.9347888114
3027.893594 22607.9346284023
3029.204233 22607.9284156522
3030.528161 22607.9278523661
3031.838187 22607.9275942114
3033.163767 22607.9269443477
3034.473166 22607.9256367289
3035.816741 22607.9252566
3037.146655 22607.9250773354
3038.464321 22607.9216262273
3039.764319 22607.9206836094
3041.071734 22607.9204555484
3042.372156 22607.9202018447
3043.674079 22607.9182217769
3044.987581 22607.9180783488
3046.326552 22607.9171254323
3047.68459 22607.9125606686
3048.980487 22607.9074133686
3050.292318 22607.9064858384
3051.589264 22607.9061244315
3052.906939 22607.9057291036
3054.208132 22607.9045101807
3055.551433 22607.903412063
3056.87739 22607.9025762412
3058.211455 22607.9016786886
3059.51488 22607.9013043486
3060.831889 22607.9004109178
3062.140405 22607.9002274101
3063.449907 22607.8999546537
3064.76635 22607.8965202942
3066.094354 22607.8958933847
3067.458391 22607.8939227266
3068.787535 22607.890661713
3070.114219 22607.8875298497
3071.421382 22607.8861393849
3072.745186 22607.8858358997
3074.056059 22607.8855494839
3075.383948 22607.8845445554
3076.689122 22607.8832183846
3078.048684 22607.8820631173
3079.367639 22607.8813509705
3080.677705 22607.8798187407
3081.968221 22607.8787483442
3083.216917 22607.8785251855
3084.469837 22607.87812194
3085.706944 22607.8756322192
3087.00502 22607.8743188183
3088.313218 22607.8732274046
3089.595198 22607.8721324112
3090.868882 22607.8713717495
3092.147556 22607.8708349707
3093.413058 22607.8706864692
3094.69196 22607.8703550157
3095.962778 22607.8679568469
3097.258946 22607.8670106843
3098.557147 22607.8667839755
3099.847408 22607.8629433433
3101.133734 22607.8609449955
3102.405625 22607.8604204184
3103.692194 22607.8601519215
3104.962089 22607.8597336825
3106.242977 22607.8585185906
3107.540626 22607.8575651817
3108.849267 22607.8571335705
3110.148133 22607.8559253112
3111.43102 22607.8545395663
3112.705923 22607.853998111
3113.984225 22607.8538569762
3115.267203 22607.8530505314
3116.510082 22607.851149573
3117.76841 22607.8509053851
3119.068971 22607.8488859463
3120.291195 22607.8469686915
3121.503269 22607.8457273196
3122.733115 22607.8453421986
3123.949105 22607.8451958048
3125.177683 22607.8440385157
3126.398438 22607.84369966
3127.687001 22607.84231007
3128.942299 22607.8395138107
3130.164912 22607.8382346326
3131.397847 22607.8372752935
3132.619749 22607.8370998111
3133.848279 22607.8368932906
3135.071145 22607.8357149724
3136.29071 22607.8355200082
3137.561359 22607.8337088137
3138.807818 22607.8320225656
3140.04634 22607.8303887456
3141.282319 22607.8297665097
3142.527467 22607.8296048888
3143.761619 22607.8289871249
3145.006649 22607.8277437961
3146.265159 22607.8273809633
3147.526542 22607.8265664227
3148.760331 22607.8244249421
3149.989422 22607.8237394736
3151.235594 22607.8235312963
3152.475843 22607.8232302769
3153.725007 22607.8218512698
3154.965883 22607.8216289757
3156.277984 22607.820366751
3157.533055 22607.815650624
3158.771074 22607.8138846086
3159.999848 22607.8132036786
3161.225515 22607.8128812164
3162.462335 22607.8126899224
3163.689001 22607.8116549166
3164.919904 22607.8089723396
3166.187629 22607.8081288985
3167.468723 22607.8065185946
3168.716435 22607.8035066023
3169.95345 22607.8024758236
3171.183383 22607.8020914399
3172.417695 22607.801805899
3173.65729 22607.8011972051
3174.890167 22607.7998403526
3176.151651 22607.7996314448
3177.406107 22607.7995871874
3178.644498 22607.7970099247
3179.875104 22607.7953194482
3181.11848 22607.7948456419
3182.353306 22607.7947176013
3183.592879 22607.7942237914
3184.833221 22607.7919399291
3186.093114 22607.7915139765
3187.386718 22607.7898817909
3188.623205 22607.7897557073
3189.871279 22607.7846574196
3191.104608 22607.7837886834
3192.349468 22607.7835674489
3193.586808 22607.7827855649
3194.825894 22607.7816648396
3196.102107 22607.7805019047
3197.3562 22607.7798457273
3198.613212 22607.7785555294
3199.84118 22607.7779500274
3201.082999 22607.7776667427
3202.310242 22607.7771831835
3203.552649 22607.7762387568
3204.8102 22607.775526068
3206.110496 22607.7745704922
3207.352761 22607.7738986532
3208.596504 22607.7717677794
3209.868771 22607.7713813126
3211.140326 22607.7712174732
3212.436562 22607.7707573747
3213.718994 22607.76703622
3215.061966 22607.7659252088
3216.409895 22607.7636820968
3217.73052 22607.758993304
3219.015397 22607.7552135277
3220.317683 22607.7540436072
3221.603475 22607.7536599325
3222.899824 22607.7532372597
3224.190544 22607.7522151525
3225.503822 22607.7511876883
3226.849952 22607.7504475914
3228.158998 22607.7492221565
3229.464813 22607.7482924922
3230.753459 22607.7474940087
3232.063283 22607.7472751578
3233.351092 22607.7469849487
3234.650402 22607.7454910676
3235.912095 22607.7442750273
3237.221427 22607.7430863932
3238.475949 22607.740903523
3239.751645 22607.7392219696
3241.001512 22607.7384121785
3242.252302 22607.7379283153
3243.514106 22607.7376997695
3244.759794 22607.7372937953
3246.043501 22607.7358608582
3247.312567 22607.7350162504
3248.617145 22607.7337832834
3249.882915 22607.7326444533
3251.164006 22607.7310546993
3252.416697 22607.7307300316
3253.670549 22607.7300537231
3254.924513 22607.729867937
3256.180632 22607.729360526
3257.451759 22607.7267367627
3258.758888 22607.7250293419
3260.074212 22607.7236510271
3261.357384 22607.7209583785
3262.630045 22607.7203892927
3263.88902 22607.7196510315
3265.160563 22607.7190513697
3266.42392 22607.7188822983
3267.693176 22607.7181511928
3268.946227 22607.7163078659
3270.24816 22607.7151952821
3271.555188 22607.7142530614
3272.813475 22607.7126471789
3274.082412 22607.7083599252
3275.338756 22607.7071288015
3276.604591 22607.7068585368
3277.856067 22607.7063351502
3279.122136 22607.705616185
3280.414435 22607.7043387324
3281.720993 22607.7036789372
3283.019372 22607.7018880008
3284.269786 22607.7017575539
3285.535647 22607.7001044241
3286.767904 22607.6996880059
3288.009054 22607.6994628631
3289.24432 22607.6985465752
3290.516969 22607.6972325082
3291.798793 22607.695960756
3293.10914 22607.694646344
3294.387769 22607.6938118808
3295.673579 22607.6932406552
3296.948462 22607.6927972486
3298.233473 22607.6925104631
3299.512416 22607.6921524345
3300.792458 22607.6913359305
3302.101558 22607.6907786548
3303.404308 22607.6906795676
3304.69713 22607.6901670423
3305.978035 22607.6886699027
3307.277333 22607.6881589718
3308.55193 22607.6880158048
3309.8434 22607.6877972996
3311.120658 22607.6862050723
3312.438456 22607.6858835511
3313.756616 22607.6850180873
3315.042839 22607.6840872569
3316.318882 22607.6818150483
3317.59517 22607.6808940582
3318.871371 22607.6807227579
3320.142747 22607.6805958716
3321.425518 22607.67893494
3322.70162 22607.6789168413
3324.04904 22607.6775300078
3325.363121 22607.672243914
3326.652718 22607.670566018
3327.921735 22607.6698435088
3329.20449 22607.6695630036
3330.474857 22607.6694192956
3331.75546 22607.669047807
3333.026973 22607.6682429577
3334.324219 22607.6677028576
3335.62054 22607.6670225174
3336.898358 22607.6662245615
3338.188203 22607.6658698657
3339.465545 22607.6656855931
3340.754111 22607.6655497259
3342.033274 22607.6649977489
3343.328161 22607.6637121001
3344.627918 22607.6634725665
3345.94331 22607.6620572244
3347.221047 22607.6620115196
3348.510528 22607.6599750788
3349.793021 22607.6595949432
3351.074858 22607.6595167362
3352.363537 22607.6590170618
3353.637006 22607.6569007479
3354.947034 22607.6565664384
3356.260245 22607.6548535035
3357.568907 22607.6522156716
3358.831306 22607.6512659397
3360.111165 22607.6508840918
3361.370941 22607.6507392819
3362.601218 22607.6505463301
3363.819023 22607.6489590223
3365.119772 22607.646990025
3366.412125 22607.6460127058
3367.675204 22607.6458838086
3368.932818 22607.6456759401
3370.183922 22607.643225253
3371.443357 22607.6428502811
3372.690803 22607.6427342239
3373.952796 22607.6423078123
3375.202878 22607.6417842636
3376.486484 22607.6411697029
3377.763835 22607.6406426331
3379.020912 22607.6401430059
3380.282606 22607.6399064027
3381.53718 22607.6398024635
3382.800468 22607.6392637557
3384.020767 22607.6367964874
3385.264977 22607.6367846357
3386.558339 22607.6355895499
3387.825747 22607.631116381
3389.062535 22607.6296032749
3390.299622 22607.6292312619
3391.536607 22607.628998817
3392.773949 22607.6286681453
3394.015037 22607.6278176034
3395.267322 22607.6270178635
3396.528626 22607.6267866273
3397.777976 22607.6257858605
3399.013683 22607.6251158739
3400.241675 22607.6249021714
3401.480001 22607.624757567
3402.703077 22607.6244414549
3403.922271 22607.6232941832
3405.171417 22607.6232296119
3406.419241 22607.6229862342
3407.659091 22607.6218774971
3408.889373 22607.6198678099
3410.12848 22607.6193411982
3411.359056 22607.6192450539
3412.600453 22607.6189497305
3413.833276 22607.6172268068
3415.089334 22607.6159296099
3416.369585 22607.6157202862
3417.623349 22607.6133600566
3418.863045 22607.6116721091
3420.096587 22607.6111785645
3421.342521 22607.6109809103
3422.575834 22607.6108005627
3423.817693 22607.6100190939
3425.053894 22607.609525702
3426.315418 22607.6093819483
3427.58019 22607.6075295661
3428.818299 22607.6057882233
3430.064216 22607.6053945608
3431.299687 22607.6052382384
3432.544058 22607.605026257
3433.777164 22607.6041092369
3435.017778 22607.6040103041
3436.290304 22607.602845643
3437.545267 22607.600716601
3438.775259 22607.5994378496
3440.006159 22607.5990354259
3441.245963 22607.5988766647
3442.469355 22607.5986672615
3443.731573 22607.5980005039
3444.955008 22607.5973305527
3446.227534 22607.5964757615
3447.472955 22607.5951747643
3448.70433 22607.5947520287
3449.935364 22607.5939450492
3451.168137 22607.5938419786
3452.407721 22607.5936229343
3453.64097 22607.5925257897
3454.909413 22607.5917139295
3456.166213 22607.5912784573
3457.433811 22607.5897701185
3458.669159 22607.5895907705
3459.912485 22607.5884546431
3461.147699 22607.5882746734
3462.386514 22607.588200322
3463.64939 22607.5876771664
3464.911841 22607.5859972078
3466.231549 22607.5851007239
3467.519203 22607.5848058946
3468.81916 22607.5831726448
3470.099204 22607.5823383842
3471.391637 22607.5821208806
3472.676294 22607.5819953509
3473.967169 22607.5817028195
3475.246962 22607.5803577975
3476.550365 22607.5790398771
3477.881098 22607.5783750121
3479.187617 22607.5772198632
3480.485588 22607.5763158539
3481.760656 22607.575867295
3483.07519 22607.5756584629
3484.384033 22607.5755796354
3485.724272 22607.5754019533
3487.048276 22607.5740750928
3488.413914 22607.5727255556
3489.784782 22607.5720703344
3491.148915 22607.571357303
3492.476718 22607.5701573622
3493.818328 22607.569644063
3495.152053 22607.5694699855
3496.493918 22607.5693743012
3497.830997 22607.5686534473
3499.167759 22607.5685853941
3500.532738 22607.5684238241
3501.886909 22607.5663357426
3503.186841 22607.5650775759
3504.48479 22607.5647256172
3505.811385 22607.5645875798
3507.12142 22607.5644962686
3508.449761 22607.5637424938
3509.743152 22607.5634998905
3511.052308 22607.5632649755
3512.335389 22607.5632184405
3513.626356 22607.5615932699
3514.90457 22607.5613747766
3516.185505 22607.5612883118
3517.464625 22607.5608270368
3518.744028 22607.5593225629
3520.053464 22607.5588866837
3521.371757 22607.5579152021
3522.654144 22607.5572027521
3523.954365 22607.5552439513
3525.24303 22607.5547571788
3526.520323 22607.5546563478
3527.809612 22607.5544943073
3529.08646 22607.5534944405
3530.398622 22607.5528966135
3531.722236 22607.5521397989
3533.031682 22607.5513520273
3534.314334 22607.5505994677
3535.601582 22607.5504614203
3536.88879 22607.5503192503
3538.172713 22607.5498106829
3539.467676 22607.5490353484
3540.794025 22607.5481593421
3542.117025 22607.5474025814
3543.363261 22607.5463846999
3544.646312 22607.5455998569
3545.931292 22607.5454547076
3547.226293 22607.5453308415
3548.510985 22607.544531007
3549.805614 22607.5442287285
3551.133027 22607.5441993562
3552.435137 22607.5414454487
3553.718941 22607.5400472995
3554.990496 22607.5396774029
3556.272051 22607.5395073462
3557.537967 22607.5393441727
3558.826552 22607.5387655336
3560.11739 22607.5383150694
3561.46308 22607.5376770113
3562.787573 22607.5366718393
3564.085024 22607.5363019939
3565.368963 22607.5360764154
3566.673593 22607.5359792843
3567.989225 22607.5357063053
3569.302709 22607.5344559329
3570.630513 22607.534005957
3572.010224 22607.5329078628
3573.366587 22607.529904799
3574.680673 22607.5285467774
3576.012176 22607.5279284859
3577.327003 22607.5277358292
3578.658159 22607.5276001049
3579.974618 22607.5272192916
3581.307281 22607.5267633481
3582.649732 22607.5265236045
3584.008557 22607.5256508585
3585.328898 22607.5251845534
3586.661493 22607.5249133412
3587.981803 22607.5248212941
3589.314281 22607.5246523145
3590.636647 22607.523014788
3591.981121 22607.5226814626
3593.35132 22607.5226674912
3594.688353 22607.5197320623
3596.019511 22607.5184541273
3597.329362 22607.5181905844
3598.664163 22607.518047678
3599.978337 22607.5177251341
3601.30584 22607.517146789
3602.663068 22607.5167485297
3604.017318 22607.516208388
3605.326986 22607.5157675297
3606.658895 22607.51544796
3607.97656 22607.5153173149
3609.308275 22607.515213995
3610.625613 22607.5148638445
3611.949022 22607.5135347935
3613.290551 22607.5134556145
3614.657243 22607.5126557208
3615.983094 22607.5120215273
3617.304578 22607.5100798735
3618.641975 22607.5097237488
3619.960575 22607.509635622
3621.290498 22607.509419973
3622.606582 22607.5086819325
3623.94418 22607.5086425781
3625.309073 22607.5079361655
3626.671542 22607.5058804663
3627.993112 22607.5050206955
3629.32968 22607.5047827453
3630.64555 22607.5046570664
3631.974981 22607.5044557551
3633.288488 22607.5036680676
3634.610353 22607.503386169
3635.911736 22607.503360593
3637.181639 22607.5010789206
3638.481648 22607.4996511441
3639.756027 22607.4990433938
3641.040226 22607.4989189002
3642.339381 22607.4987525382
3643.628137 22607.4982383569
3644.928481 22607.497649256
3646.243447 22607.4975174942
3647.520822 22607.4969327089
3648.762952 22607.4966041342
3650.001548 22607.4964468661
3651.237935 22607.4963493983
3652.512515 22607.4959792309
3653.765167 22607.4941641782
3655.078619 22607.4930823932
3656.381913 22607.4923390405
3657.675792 22607.4906918022
3658.938014 22607.4902472168
3660.210768 22607.4898932827
3661.474527 22607.4897857965
3662.748417 22607.4895742185
3664.011096 22607.4888274244
3665.301027 22607.488072858
3666.591649 22607.4880568295
3667.880636 22607.4870164043
3669.156832 22607.4864946978
3670.419706 22607.4862141926
3671.690961 22607.4861084273
3672.943135 22607.485855165
3674.205877 22607.4847712055
3675.499773 22607.4839376925
3676.802429 22607.4830035536
3678.077304 22607.482554951
3679.333411 22607.4818614512
3680.583935 22607.4816270089
3681.857586 22607.4815293971
3683.117581 22607.4812684292
3684.369673 22607.4792944845
3685.654961 22607.4788181503
3686.975336 22607.4777159259
3688.259721 22607.4749623698
3689.512717 22607.4736455304
3690.7764 22607.4731608152
3692.029057 22607.4729466272
3693.290978 22607.4727912876
3694.549473 22607.4723966877
3695.805891 22607.4720841471
3697.094885 22607.4716462818
3698.376808 22607.471030656
3699.64922 22607.4705803382
3700.910025 22607.470417894
3702.179993 22607.4703204412
3703.414017 22607.4699920019
3704.657854 22607.468998523
3705.937228 22607.4685218627
3707.196961 22607.4680572438
3708.435103 22607.467287699
3709.671035 22607.4666515337
3710.911978 22607.4665218887
3712.141226 22607.4664003328
3713.380425 22607.4655436925
3714.62729 22607.464638285
3715.906184 22607.4642666316
3717.155047 22607.4638810278
3718.389647 22607.4627081384
3719.615154 22607.462300659
3720.866119 22607.4621980145
3722.09562 22607.4620332798
3723.322002 22607.4614869078
3724.561195 22607.4611442801
3725.812294 22607.4609602542
3727.077501 22607.4599309125
3728.312002 22607.4587396795
3729.549803 22607.4583079127
3730.787159 22607.4582112926
3732.026971 22607.4581018347
3733.285008 22607.4576075368
3734.538756 22607.4574309685
3735.846184 22607.4568746745
3737.098133 22607.4566298287
3738.365243 22607.4554555683
3739.622062 22607.4552455247
3740.885374 22607.4551688921
3742.141366 22607.455049462
3743.399988 22607.4542623315
3744.688439 22607.4537285921
3745.989367 22607.4530672359
3747.280028 22607.4523108085
3748.538209 22607.4519453205
3749.801188 22607.4517616013
3751.053039 22607.4516598587
3752.31518 22607.4514730616
3753.56309 22607.4501941092
3754.837932 22607.4490172549
3756.126774 22607.4485464698
3757.399557 22607.4476276147
3758.667258 22607.446294472
3759.935711 22607.4460014424
3761.260138 22607.4458825992
3762.540145 22607.4457261585
3763.813947 22607.445252235
3765.058166 22607.4451024339
3766.385328 22607.4445948007
3767.680045 22607.443596093
3768.963595 22607.4431876439
3770.233682 22607.443042462
3771.505543 22607.4429505596
3772.779321 22607.442713522
3774.046555 22607.4419799791
3775.349912 22607.4412871648
3776.643901 22607.4411739594
3777.952569 22607.4402763949
3779.224289 22607.4395242344
3780.51357 22607.4392607793
3781.78527 22607.4391896569
3783.06893 22607.4390643293
3784.317979 22607.4382328813
3785.588376 22607.4376105374
3786.896548 22607.4370667079
3788.178562 22607.4361180838
3789.440882 22607.4358159243
3790.691092 22607.435566328
3791.956947 22607.4354832597
3793.205627 22607.4351795799
3794.465901 22607.4336853376
3795.733724 22607.4334362662
3797.034433 22607.4329252961
3798.304971 22607.4308396535
3799.555181 22607.4298751611
3800.827655 22607.4296308241
3802.075454 22607.4294695505
3803.337697 22607.4293348211
3804.589711 22607.4288773956
3805.880255 22607.4286119098
3807.157101 22607.4283005495
3808.425661 22607.428243565
3809.67866 22607.4276764721
3810.937545 22607.427474623
3812.177579 22607.4274089803
3813.427032 22607.4272485372
3814.682114 22607.4263048129
3815.947925 22607.4257555618
3817.251756 22607.4253659596
3818.523641 22607.42424776
3819.784389 22607.4228832638
3821.045435 22607.4225517037
3822.321542 22607.4224551653
3823.590379 22607.4223154522
3824.868753 22607.4216788657
3826.155355 22607.4210282928
3827.468083 22607.4205223234
3828.756365 22607.4201654651
3830.01825 22607.4197053546
3831.287165 22607.4191952821
3832.545025 22607.4190940124
3833.814656 22607.4190108728
3835.068018 22607.4186779504
3836.327205 22607.4175340129
3837.625064 22607.4168948385
3838.932121 22607.4163122582
3840.20625 22607.4158789154
3841.480464 22607.4151007193
3842.750722 22607.4148959749
3844.025757 22607.4148238565
3845.311842 22607.414614772
3846.585521 22607.4137978315
3847.893086 22607.413368387
3849.208598 22607.4128671101
3850.52162 22607.411898414
3851.789915 22607.4114356513
3853.080844 22607.4110912013
3854.357376 22607.4110180355
3855.645018 22607.4108953924
3856.922742 22607.4100376219
3858.203851 22607.4089267869
3859.534882 22607.4086043843
3860.85926 22607.4068231657
3862.153547 22607.4050753262
3863.43353 22607.4042439565
3864.72873 22607.4040011589
3866.01071 22607.4038835972
3867.308732 22607.4035018503
3868.603214 22607.4031554994
3869.917938 22607.4029394191
3871.188918 22607.4029280236
3872.467808 22607.4025415792
3873.738022 22607.4021961001
3875.003869 22607.4021185308
3876.279994 22607.4020347097
3877.553114 22607.4014962783
3878.833688 22607.4007426348
3880.193208 22607.4001707351
3881.504146 22607.399077079
3882.774656 22607.3977827096
3884.059594 22607.3974949525
3885.333157 22607.3973946224
3886.6211 22607.3972816804
3887.897052 22607.39682199
3889.201219 22607.3963701719
3890.50179 22607.3961819749
3891.803635 22607.3957827279
3893.087322 22607.3952911241
3894.358151 22607.3951243186
3895.64357 22607.3950423432
3896.917186 22607.3949581896
3898.207128 22607.3939897236
3899.504347 22607.3929467137
3900.842196 22607.3926208971
3902.163175 22607.3914844493
3903.456332 22607.3901972403
3904.736203 22607.3898091967
3906.023621 22607.3895144825
3907.28292 22607.389445039
3908.464073 22607.3892221484
3909.661501 22607.3889011423
3910.896614 22607.3888731733
3912.135412 22607.3882499021
3913.338523 22607.3874732818
3914.547776 22607.3871501527
3915.757481 22607.387063056
3916.970884 22607.3869775692
3918.210691 22607.3866338268
3919.458312 22607.3861990279
3920.739492 22607.3856219061
3921.986019 22607.3852026152
3923.225516 22607.384540708
3924.453491 22607.3840411127
3925.692064 22607.3839238696
3926.917991 22607.3838286593
3928.155488 22607.3834298288
3929.389683 22607.383326552
3930.669203 22607.3827835324
3931.934758 22607.382070334
3933.169456 22607.3812581745
3934.414754 22607.3808415343
3935.656272 22607.3807705032
3936.904319 22607.3806550094
3938.14385 22607.3801983586
3939.386281 22607.3795906429
3940.665327 22607.3791247365
3941.923051 22607.3788590913
3943.165765 22607.3779387997
3944.404375 22607.3772830878
3945.654307 22607.3772103969
3946.892474 22607.3770933343
3948.136135 22607.3766336236
3949.368395 22607.3766292171
3950.649668 22607.3759628611
3951.901609 22607.3747609003
3953.128195 22607.3744137415
3954.358067 22607.3743002896
3955.580111 22607.3742266994
3956.818884 22607.3741014068
3958.040364 22607.3736604711
3959.299953 22607.373095531
3960.570902 22607.372784017
3961.829949 22607.37197891
3963.060537 22607.3714827006
3964.296048 22607.3712672759
3965.530368 22607.3711908507
3966.762431 22607.3710776156
3968.00277 22607.370441829
3969.254092 22607.3698043123
3970.539957 22607.3694042928
3971.796584 22607.3688289757
3973.038865 22607.368397161
3974.273195 22607.3681761261
3975.516007 22607.3680914225
3976.751532 22607.3679915297
3977.988319 22607.3675021964
3979.234441 22607.3672974388
3980.516379 22607.3670260485
3981.784624 22607.3658619409
3983.019874 22607.3649966013
3984.263128 22607.364852287
3985.500716 22607.3647813706
3986.744247 22607.3646336692
3987.977834 22607.3642572204
3989.231102 22607.3639355993
3990.487664 22607.3635826362
3991.736999 22607.3632024969
3992.970068 22607.3629046265
3994.197876 22607.3627037681
3995.440397 22607.3626475321
3996.660512 22607.362518244
3997.897619 22607.3615949394
3999.211231 22607.3610274239
4000.501372 22607.3605007533
4001.775561 22607.3601874318
4003.024406 22607.3599734194
4004.288269 22607.359304832
4005.537989 22607.3591212479
4006.803839 22607.3590532147
4008.055068 22607.3589412824
4009.314991 22607.3581702843
4010.589953 22607.3572245353
4011.893102 22607.3566619168
4013.165626 22607.3566234682
4014.424851 22607.3554475746
4015.685703 22607.3546946119
4016.938564 22607.3544911891
4018.208072 22607.3544306201
4019.466181 22607.3542477149
4020.734059 22607.3537056995
4022.015524 22607.3536523931
4023.333636 22607.352995591
