time objective
0.370352 30589.5946315161
0.600927 30296.8161937619
0.845666 30035.5555772414
1.135617 29815.9215192815
1.412306 29582.9299374043
1.699925 29394.8275046624
2.004946 29195.3331265181
2.329624 28997.8244308529
2.68445 28757.2246218025
3.049958 28478.5043517468
3.438391 28116.6228506639
3.83985 27738.3175768505
4.251338 27396.5209721857
4.692896 27132.557815393
5.132947 26793.8522804043
5.580226 26547.3016403566
6.039558 26160.6930687449
6.508141 25845.5109194834
6.989317 25655.0883308973
7.50943 25134.1599672983
8.014366 24659.1114287962
8.531544 24405.0127117156
9.059701 24184.2059016777
9.606503 23932.9693741447
10.160982 23778.3187529807
10.725179 23667.8763555644
11.300746 23273.3758461086
11.893021 23126.6120617996
12.49653 23027.3835431945
13.111631 22563.9456648826
13.759128 22075.5997344517
14.423757 21829.2143590421
15.09337 21604.9498994844
15.755632 21219.9974933836
16.433177 21105.9567074609
17.119218 21040.0859769493
17.818299 20881.3480008514
18.531361 20603.6347878707
19.279285 20400.0621358552
20.037806 20189.1444583044
20.788916 20044.1104735315
21.566317 19921.056893337
22.335375 19880.3050662004
23.126268 19848.092014474
23.930253 19584.276206033
24.761921 19202.7516093799
25.62878 19004.4070320274
26.487835 18884.16164154
27.343292 18732.941234421
28.211079 18610.8687982431
29.097229 18577.2222303149
29.996594 18529.3192234371
30.903127 18186.6509395962
31.868878 17988.9319348186
32.841509 17905.234149936
33.777034 17856.9672233705
34.736456 17699.7989665156
35.708496 17655.7836228497
36.683959 17637.0494418648
37.669585 17575.6196341169
38.668875 17116.1220993219
39.716086 16896.1757432677
40.77992 16783.1140508163
41.843773 16625.4609749918
42.874718 16549.0056292721
43.940989 16516.570603336
45.017128 16500.211062224
46.105668 16409.6599372007
47.190041 16365.3269715872
48.343111 16253.1722130182
49.504034 16111.000304037
50.65713 15992.1254361064
51.799929 15961.7909249514
52.95306 15948.0894880135
54.105252 15924.4677598186
55.275076 15847.4235298718
56.454955 15774.8320990854
57.693551 15702.9063315527
58.917212 15571.8583062859
60.126028 15508.5868454278
61.35302 15489.17218105
62.588639 15471.826585949
63.830518 15404.9796906805
65.086279 15370.8802995847
66.374111 15331.680874514
67.647914 15285.2367880207
68.938022 15120.414922526
70.236823 15072.9141608545
71.549396 15057.7989417549
72.874523 15049.5584062715
74.216261 15009.209672881
75.560405 14850.1223967483
76.960561 14780.3352786656
78.348086 14740.0992925496
79.746089 14646.8100256925
81.131023 14596.1942536343
82.531809 14581.1387249176
83.93909 14570.895877742
85.362747 14549.7105904368
86.79534 14490.01502577
88.25819 14438.9906565449
89.739867 14420.3155006593
91.213749 14405.1284974106
92.691732 14329.6092461585
94.183853 14302.6931873048
95.688191 14294.8699946244
97.201522 14283.54325216
98.728163 14186.0377348513
100.26544 14090.5056879031
101.872585 14059.278646458
103.46244 13771.139171505
105.02865 13640.7476194949
106.605845 13611.5173678634
108.193193 13601.9613897906
109.794598 13593.5944432989
111.406643 13569.307949486
113.027587 13530.2715334294
114.705705 13507.8469056606
116.370619 13478.5063083647
118.025283 13464.818122522
119.680473 13453.4091155688
121.329279 13448.5182227513
123.002861 13442.5177440483
124.723688 13369.2160233843
126.489877 13306.217634039
128.28927 13275.8854977494
130.103279 13234.9342834953
131.876535 13185.273468072
133.660654 13168.2262750707
135.455075 13163.8878038253
137.267104 13146.4622456324
139.089271 13108.3137154759
140.94654 13088.427964118
142.796753 13070.973361971
144.63446 13036.0963084792
146.482287 13013.5839497556
148.347239 13007.7443359244
150.246298 13003.914628612
152.135881 12984.9127067627
154.045922 12921.484251562
155.983498 12916.5349764943
157.982643 12867.8685119199
159.948195 12816.530559184
161.93163 12767.7278462841
163.905953 12760.8668524807
165.881194 12756.3597239204
167.878793 12740.2927361075
169.881333 12703.3266432658
171.906406 12679.6287156978
173.929048 12676.2736056175
175.948199 12656.6514489947
177.96333 12606.6949510754
179.991808 12598.3360964448
182.06566 12595.7005410255
184.160883 12586.27519593
186.248307 12545.608523246
188.392304 12522.5024011485
190.520096 12492.9965010106
192.657245 12474.8836110536
194.781384 12463.2724251903
196.916971 12455.9131948131
199.059313 12452.3262988259
201.183643 12442.8400936553
203.315027 12346.8608526762
205.478026 12296.0446007272
207.704654 12253.3343221149
209.912336 12169.8682483392
212.130499 12114.634336953
214.344912 12097.2903101627
216.58906 12092.0192698253
218.856911 12087.9531281591
221.105023 12079.5657539505
223.350183 12067.3070571085
225.628983 12055.681416347
227.916763 12041.9855565111
230.179015 12034.4775382483
232.445157 12028.059560316
234.745912 12025.1125828242
237.079036 12021.6000362774
239.418685 12005.5850327737
241.764992 11962.1306993071
244.149045 11942.6611216351
246.519611 11923.5154973172
248.878049 11891.5334813514
251.252945 11875.1548199482
253.616259 11867.9844555199
255.971151 11866.5591629695
258.327358 11859.9887863437
260.700275 11835.6941964655
263.115094 11817.1763809023
265.600997 11801.143321558
268.040035 11781.2487321235
270.49738 11774.1932181615
272.981521 11770.6768122942
275.476099 11767.7188159566
277.984948 11757.9206140899
280.507819 11737.3829099608
283.068749 11723.2918593217
285.613724 11706.0811029762
288.141049 11696.0806507849
290.688621 11683.6351384224
293.258818 11681.3704042256
295.769457 11679.2414896858
298.272257 11655.1312543587
300.780732 11637.3719639479
303.344768 11631.5175419249
305.910665 11570.3525932813
308.468959 11538.1962367399
311.040443 11528.2051457397
313.633349 11525.5853511363
316.270116 11523.2418124624
318.908875 11511.4178493859
321.54707 11506.1028299976
324.206267 11502.6839003305
326.857713 11496.4300389745
329.50564 11465.6249043967
332.157359 11461.4307162978
334.814844 11459.7431477724
337.433686 11454.7620664688
340.064455 11432.5146647466
342.724205 11418.2717669991
345.432346 11404.9556552689
348.145859 11385.484130031
350.840879 11373.5781902981
353.559072 11370.1480333614
356.271438 11368.037799894
359.00866 11363.2150840813
361.766478 11347.2918868692
364.542136 11334.4930489403
367.345269 11324.3532580443
370.117499 11311.8575079388
372.897487 11305.9478907082
375.662911 11303.2151821912
378.426547 11301.5177948157
381.152673 11296.9979487739
383.902154 11258.7354355442
386.632615 11229.587063201
389.414931 11198.9613932733
392.214747 11167.2644641625
395.017544 11149.499887094
397.844131 11135.1095336983
400.667309 11131.1493621545
403.45924 11129.7091957224
406.25029 11123.9660811645
409.048426 11118.4016937189
411.868376 11116.5070290278
414.668208 11113.8442216479
417.471532 11098.4580973009
420.274167 11096.3141771113
423.089206 11095.150785768
425.899569 11087.0818401895
428.776461 11064.9782327507
431.679124 11052.5907463147
434.598004 11036.6599517647
437.467934 11028.3333915144
440.353351 11017.802449314
443.24856 11015.1042837328
446.118129 11013.9161104187
448.97403 11007.6109845309
451.859626 10994.2738163868
454.767797 10982.3938363267
457.685873 10982.0002222683
460.586425 10968.7881311796
463.519236 10954.1402842028
466.448321 10951.5449319197
469.396752 10950.5486468696
472.374005 10947.0621404656
475.353735 10933.818703837
478.335264 10920.6460686465
481.352823 10913.4044598757
484.341675 10905.1212927611
487.292 10899.6832036344
490.206639 10897.5375298237
493.13973 10895.7250758893
496.082673 10889.8881516541
499.038541 10882.0255561046
502.020139 10875.7079426623
505.043854 10869.7777195224
508.071388 10859.5706220241
511.117739 10856.5047683669
514.145103 10855.46048833
517.173278 10851.5212829848
520.191745 10832.5494502595
523.234565 10816.8304598422
526.298003 10809.2633165223
529.295221 10796.1136814076
532.278373 10776.7259443109
535.257298 10772.0509796722
538.250886 10770.6911375634
541.257359 10768.9033190337
544.285037 10762.9032396687
547.342736 10757.1404657225
550.444958 10750.243839959
553.548019 10738.2041388096
556.632937 10732.2866748
559.704397 10729.9229474597
562.779721 10729.0028937809
565.859764 10725.3566923535
568.922934 10708.169732781
571.952801 10698.5939987623
575.01017 10692.8066583007
578.061417 10675.6237373091
581.110485 10666.8032480987
584.189294 10664.1307132447
587.289734 10662.7642226588
590.429023 10661.7141335301
593.569231 10656.984122431
596.706401 10650.0796606749
599.837603 10648.5143490109
602.976718 10642.0996526033
606.09082 10631.4958520816
609.200416 10628.0234402265
612.2609 10627.1527872059
615.323086 10625.6771214193
618.397225 10617.5575731017
621.480529 10615.6170151751
624.617099 10605.8630765412
627.753112 10590.0485573407
630.916584 10585.0026588684
634.081784 10582.1943742579
637.248653 10581.4167366672
640.411036 10578.8688603769
643.588252 10570.974859908
646.786573 10567.0398914152
649.946114 10562.4604911725
653.07202 10560.3437284714
656.176658 10548.5196329996
659.305694 10547.0465631167
662.444929 10546.3640709829
665.59913 10543.5679177348
668.774428 10527.8522431963
671.998688 10515.2825465026
675.272051 10509.4592944231
678.497015 10494.888617865
681.69313 10490.5363406686
684.891214 10488.1381894107
688.086013 10487.1421895885
691.242328 10486.2734260729
694.377049 10480.2490005648
697.519594 10479.4934842476
700.682644 10477.3123260861
703.845699 10462.633208767
707.018056 10455.2780293263
710.224273 10454.0034303257
713.445503 10452.7658458082
716.681848 10449.5444185928
719.910528 10445.3475718922
723.153516 10443.1101010603
726.389898 10435.858774904
729.612024 10431.8411900409
732.767099 10430.3252004094
735.927828 10429.4723166902
739.095072 10427.0476704018
742.284008 10418.7822991499
745.489712 10415.5898819406
748.737929 10410.1422741226
752.001651 10406.9933199037
755.271531 10400.9976703187
758.534411 10396.3612794341
761.791988 10395.8438915329
765.044212 10394.5270689882
768.30287 10383.7828304571
771.522816 10383.4782278158
774.728435 10374.0859346683
777.904257 10340.8696181389
781.073157 10322.7912709094
784.255417 10319.1156601378
787.447575 10317.6295881257
790.666907 10315.5373468132
793.945355 10312.5546582956
797.217065 10310.047598013
800.490461 10307.7442602037
803.730389 10306.5494837852
806.986533 10305.1830490101
810.223333 10304.2261047323
813.418035 10303.5946774445
816.597597 10300.493691024
819.784319 10286.3320991797
823.021001 10281.2699823254
826.271495 10273.7915575135
829.499087 10268.6324171153
832.767694 10259.7585161974
836.03579 10258.3105683961
839.30064 10257.76592581
842.560508 10255.6569772527
845.809651 10244.9520871277
849.077832 10243.7930279855
852.353411 10240.8846474305
855.547187 10233.5920432016
858.737671 10222.2194185473
861.93385 10218.6298407205
865.156326 10218.0764072754
868.39649 10217.0278923062
871.652279 10214.3228536904
874.954028 10211.0943529741
878.257774 10209.3368540518
881.551878 10204.8038923681
884.810956 10201.6231780003
888.069371 10200.8799584954
891.325602 10200.1653170075
894.538263 10197.807642795
897.731928 10192.9928401869
900.949427 10192.590142029
904.18634 10188.559308006
907.403443 10180.0161358164
910.646619 10178.3781459291
913.943858 10177.7763627577
917.229843 10176.5552321845
920.526742 10170.285412945
923.824724 10166.3247078134
927.143847 10163.0705344797
930.437583 10156.9483240053
933.683056 10154.8308320477
936.896421 10153.5174591811
940.107326 10153.061634905
943.334852 10151.7291068189
946.560836 10144.1817734343
949.808805 10138.6421901131
953.125785 10135.4319235106
956.429827 10127.7980454076
959.730079 10123.6567801782
963.015425 10122.0326530153
966.303054 10121.421104237
969.592147 10119.648756491
972.850994 10114.8884488269
976.053542 10112.8651840455
979.273984 10110.755967117
982.463664 10106.5822459872
985.671925 10102.1706820707
988.880544 10101.0266292186
992.128471 10100.6850767263
995.435116 10100.0357876481
998.727431 10096.4837605814
1002.010894 10093.7039941843
1005.329918 10091.6794297711
1008.588502 10090.5459902979
1011.848049 10078.9653513362
1015.094057 10077.5590270216
1018.290214 10077.0042304624
1021.496523 10075.7184223047
1024.713737 10072.2299709831
1027.960288 10069.6038784743
1031.213596 10068.0406104713
1034.544076 10064.5077018456
1037.845321 10062.9787850129
1041.140273 10062.3927268782
1044.425234 10061.4244594252
1047.715138 10056.3048887794
1050.988598 10049.8814306444
1054.265348 10047.6133278506
1057.469675 10040.3082694585
1060.667208 10027.7997630295
1063.864198 10024.7910849107
1067.080126 10022.7455195166
1070.314048 10022.3856636873
1073.572098 10021.0738558069
1076.884595 10018.869689435
1080.203161 10017.2285978161
1083.512451 10015.7045616865
1086.786373 10014.3753486773
1090.061657 10013.0131264364
1093.341025 10012.6609091006
1096.581071 10011.9020145598
1099.78095 10006.5601684012
1103.014038 10000.125393468
1106.269162 9997.15013524166
1109.522419 9993.94145566107
1112.782862 9989.25984577779
1116.07283 9987.33584728456
1119.382704 9986.69316369622
1122.678366 9986.30743441163
1125.967532 9985.4022823852
1129.257821 9980.7477412389
1132.533601 9975.73869456704
1135.803428 9972.33895360099
1139.016243 9971.45997419141
1142.210076 9968.6601319956
1145.4131 9966.03869027536
1148.651952 9965.57989037591
1151.88751 9965.15674544812
1155.146255 9961.91818520292
1158.456293 9956.6252798352
1161.776044 9954.88080648899
1165.070419 9949.5776000867
1168.331284 9943.77535111093
1171.590828 9941.75742591106
1174.835573 9941.2085290778
1178.047284 9940.67651237032
1181.229409 9939.28773195804
1184.433625 9936.6793051299
1187.655658 9936.46544832983
1190.893775 9933.02128237235
1194.141196 9930.53866953239
1197.416595 9929.30660723275
1200.707906 9928.92441343568
1203.99254 9928.38996098105
1207.258591 9924.67346013565
1210.546319 9921.17525902538
1213.846488 9919.6553948908
1217.104291 9916.75537910681
1220.297998 9915.26467009087
1223.491994 9914.49641166744
1226.689917 9914.13159057985
1229.914226 9913.20069015778
1233.151777 9907.81879979257
1236.419231 9903.02898031082
1239.733625 9901.21859052265
1243.04883 9896.31695923788
1246.33809 9891.85259116496
1249.599264 9889.9660693626
1252.865553 9889.40756335693
1256.135155 9889.07246956404
1259.332555 9887.50333551101
1262.533662 9884.56392553037
1265.756727 9882.47460590986
1268.981384 9881.70415299268
1272.224022 9878.3347243194
1275.467046 9876.44380395531
1278.75826 9876.08582879738
1282.048416 9875.63128266238
1285.32507 9873.63322063554
1288.588993 9869.18757036563
1291.872513 9867.50375908032
1295.132726 9865.24231207086
1298.332659 9861.16658373219
1301.505582 9859.43022557841
1304.687365 9858.93534690304
1307.893744 9858.6879722547
1311.080621 9857.45177461997
1314.291147 9852.914668958
1317.623813 9851.33338095585
1320.905298 9849.24863097367
1324.191798 9845.92096373551
1327.461783 9844.67185989816
1330.72057 9844.26161671992
1333.975103 9843.73041081667
1337.234742 9841.55212535108
1340.418676 9838.70330791847
1343.63786 9836.56816200929
1346.832196 9833.06654412889
1350.030849 9831.51421111896
1353.240343 9828.98861458245
1356.475768 9828.50980221812
1359.756942 9828.30578284868
1363.040652 9826.76233695304
1366.309503 9824.84735684838
1369.58278 9823.02951535367
1372.862177 9820.86286549109
1376.111839 9819.5088361729
1379.315783 9818.65409979897
1382.496927 9818.41422473382
1385.678041 9817.78443118481
1388.877189 9813.43705140573
1392.103991 9808.95026497148
1395.343308 9807.47767192504
1398.647369 9803.60251863491
1401.903319 9800.79042501447
1405.162663 9799.83756494681
1408.431692 9799.13858629894
1411.685825 9798.961274744
1414.945131 9797.90483000392
1418.199257 9794.77458079659
1421.393918 9794.60495163188
1424.585925 9793.76374782527
1427.747778 9789.64959995172
1430.939536 9786.04144758107
1434.129166 9785.34415528897
1437.346967 9785.11021321543
1440.58719 9783.85470666958
1443.831344 9782.98410299237
1447.090924 9781.80738434824
1450.332318 9778.27814816293
1453.555192 9776.14229728483
1456.767012 9775.48873500876
1459.941841 9775.24646647535
1463.09614 9774.81298645466
1466.253395 9772.99978940318
1469.426572 9771.15748897091
1472.657715 9769.31836696788
1475.86698 9766.28624351793
1479.078841 9764.55425820673
1482.304566 9764.01803934101
1485.553653 9763.68762027322
1488.785433 9762.47653713914
1492.016593 9758.08806860174
1495.256232 9756.66906704722
1498.525837 9753.91622703112
1501.686409 9753.60163098076
1504.820897 9747.96141416897
1507.964778 9746.64969247403
1511.107612 9746.30348675584
1514.279944 9746.11639742986
1517.494616 9744.50476092036
1520.73686 9742.67297200673
1523.996118 9740.99049255172
1527.254909 9740.77410127254
1530.476606 9738.66777025911
1533.689213 9737.46791723246
1536.887417 9737.12561918506
1540.090967 9736.89100268101
1543.229027 9735.35846975674
1546.35349 9730.19907640772
1549.530343 9727.39124129554
1552.701833 9724.69839691507
1555.877761 9722.42106793183
1559.058314 9721.65309246256
1562.274406 9721.07851357674
1565.487204 9720.81920288014
1568.707156 9720.44620897784
1571.908647 9717.77821420416
1575.133062 9716.34883672782
1578.347851 9715.81100157884
1581.522348 9712.42955443007
1584.643265 9710.70479798158
1587.769635 9710.22102105373
1590.900832 9709.93765017177
1594.043766 9709.04296599873
1597.177148 9706.95205031355
1600.363138 9705.33044324499
1603.628846 9704.1865222815
1606.828428 9703.31822989422
1610.02178 9701.67360303353
1613.195721 9701.36637100402
1616.379349 9701.15022224437
1619.575407 9699.62302029735
1622.69731 9694.29411773815
1625.83972 9692.05787387794
1628.991526 9689.22802169365
1632.100408 9689.14804524179
1635.239469 9685.061728144
1638.383958 9684.44612269961
1641.552173 9684.19849530958
1644.757509 9683.83759776346
1647.952258 9682.04421124623
1651.141462 9681.30543735352
1654.341786 9680.3232127112
1657.493453 9680.17248175622
1660.659196 9673.77730593758
1663.760717 9673.19556669909
1666.849647 9672.92125463746
1669.932513 9672.22319374316
1673.048946 9670.6454984739
1676.181529 9669.24286757784
1679.352232 9668.19977814333
1682.518647 9668.10371887668
1685.681416 9666.76771446378
1688.859816 9666.03813527981
1692.026373 9665.89689312767
1695.189014 9665.60311368953
1698.348928 9663.38172524982
1701.677954 9657.35514496578
1705.29938 9654.97621119009
1708.905582 9650.86095441614
1712.462952 9649.60815854286
1716.019687 9644.28399661373
1719.612796 9643.72239869463
1723.145467 9643.38293917046
1726.640052 9642.56251443198
1730.114266 9641.53101199958
1733.6636 9640.8663820718
1737.261156 9640.78781801432
1740.827446 9639.40292120997
1744.359508 9638.7190703095
1747.972527 9638.57064176541
1751.495464 9638.12208245931
1754.861611 9634.89765408919
1758.229663 9630.84102850803
1761.551158 9630.11285699399
1765.088782 9629.42405832236
1768.632343 9624.78229098085
1772.050951 9623.0097579049
1775.359188 9622.71281214601
1778.895492 9622.35836545725
1782.427782 9621.36786046182
1786.00894 9621.06511219516
1789.541578 9620.44443435661
1793.123988 9619.18759466497
1796.658988 9617.54771808662
1800.188326 9617.33388733979
1803.625635 9617.1858454206
1807.092973 9616.70715164854
1810.594654 9614.61701950644
1814.096758 9613.19860299811
1817.665571 9611.55933232773
1821.257449 9610.2774776655
1824.793066 9608.83044609297
1828.265549 9608.18331633719
1831.681126 9608.02046093309
1835.191725 9607.26251800678
1838.776292 9604.23395338503
1842.356627 9601.88890424743
1845.975044 9600.63031995063
1849.445221 9598.39909390377
1852.905277 9596.68663723772
1856.227193 9596.05888067417
1859.676117 9595.90538545788
1863.100698 9595.51929115705
1866.413249 9594.28069473352
1869.895362 9593.10561497053
1873.378453 9592.79289595658
1876.753357 9592.5306605642
1880.208946 9590.35708085641
1883.644491 9589.98789180087
1886.864281 9589.81017696318
1890.37239 9589.36508935364
1893.896659 9586.96006376597
1897.419828 9584.41262520763
1900.941822 9582.75061442527
1904.22644 9581.66944790518
1907.531373 9580.45561983369
1911.042084 9578.65310106067
1914.465151 9578.37995331078
1917.918331 9578.25343129607
1921.410868 9577.48584020863
1924.884872 9574.77863922843
1928.421534 9573.50154305914
1931.934803 9572.3493231621
1935.309614 9571.00937129079
1938.764941 9570.44129617841
1942.336833 9570.18666932462
1945.813212 9569.87908654863
1949.253339 9568.9431040514
1952.593862 9567.88055432704
1956.000114 9566.77948628128
1959.284645 9565.22035968825
1962.684701 9564.54588670455
1966.161108 9564.08274572881
1969.594694 9563.92983387125
1973.103877 9563.61705142204
1976.385526 9561.39083073038
1979.737597 9559.89266564859
1983.105174 9558.47445691875
1986.205103 9554.9471663784
1989.367975 9550.87728257331
1992.518987 9548.57579368793
1995.622243 9547.86772785515
1998.724485 9547.72189968101
2002.225708 9547.14648673132
2005.677213 9546.61614948991
2009.164964 9546.09281479503
2012.461061 9545.3730610928
2015.794635 9545.07930679516
2019.066116 9544.88307443064
2022.117074 9544.55953452325
2025.187239 9543.27669459656
2028.288149 9542.18117464767
2031.405619 9541.72931119587
2034.315068 9538.8155157401
2037.239805 9536.65174965206
2040.23005 9536.33169263666
2043.22177 9536.18216105143
2046.198713 9535.38238933041
2049.16089 9533.35505345698
2052.154497 9532.20250961405
2055.229417 9531.18104162344
2058.595877 9529.88206573145
2061.952908 9529.31415058089
2065.424501 9529.08685094462
2068.859406 9528.84714419768
2072.298729 9527.78432581447
2075.73367 9526.21269108084
2079.071069 9525.24591504857
2082.382479 9523.35565773125
2085.701533 9522.45047865146
2088.999939 9521.55398026667
2092.330446 9521.35345465112
2095.724928 9521.24674955437
2099.190166 9520.87743450125
2102.604236 9518.61217656454
2105.917315 9517.36209452658
2109.195942 9516.32785873209
2112.596247 9515.30403391603
2115.829874 9514.86362426894
2118.827511 9514.59099650958
2121.885424 9514.4275137804
2124.963598 9513.9171537253
2127.989715 9512.28976351972
2130.903449 9511.66941838622
2133.812086 9510.51755592532
2136.828913 9508.49082114182
2139.803159 9507.81278007317
2142.762725 9507.50916488377
2145.704561 9507.3478775965
2148.650434 9507.21313613135
2151.541744 9506.44941813241
2154.385375 9504.49276932098
2157.239347 9504.33399900057
2160.152608 9504.24416158944
2163.064347 9501.39119859591
2165.968627 9499.35069536039
2168.865336 9498.90525183487
2171.73426 9498.78822153458
